  5.000000000000000E-005   1.36165028237845     
  2.000000000000000E-004   1.36165028237845     
  4.500000000000000E-004   1.36165028237845     
  8.000000000000000E-004   1.36165028237843     
  1.250000000000000E-003   1.36165028237831     
  1.800000000000000E-003   1.36165028237780     
  2.450000000000000E-003   1.36165028237606     
  3.200000000000000E-003   1.36165028237099     
  4.050000000000000E-003   1.36165028235807     
  5.000000000000000E-003   1.36165028232818     
  6.050000000000001E-003   1.36165028226448     
  7.200000000000001E-003   1.36165028213747     
  8.450000000000001E-003   1.36165028189808     
  9.800000000000000E-003   1.36165028146804     
  1.125000000000000E-002   1.36165028072685     
  1.280000000000000E-002   1.36165027949473     
  1.445000000000000E-002   1.36165027751063     
  1.620000000000000E-002   1.36165027440451     
  1.805000000000000E-002   1.36165026966300     
  2.000000000000000E-002   1.36165026258731     
  2.205000000000000E-002   1.36165025224272     
  2.420000000000000E-002   1.36165023739826     
  2.645000000000000E-002   1.36165021645596     
  2.880000000000000E-002   1.36165018736838     
  3.125000000000001E-002   1.36165014754361     
  3.380000000000000E-002   1.36165009373681     
  3.645000000000000E-002   1.36165002192728     
  3.920000000000000E-002   1.36164992718053     
  4.205000000000000E-002   1.36164980349430     
  4.500000000000000E-002   1.36164964362822     
  4.805000000000000E-002   1.36164943891633     
  5.120000000000000E-002   1.36164917906231     
  5.445000000000001E-002   1.36164885191692     
  5.780000000000000E-002   1.36164844323770     
  6.125000000000001E-002   1.36164793643080     
  6.480000000000000E-002   1.36164731227517     
  6.845000000000001E-002   1.36164654862938     
  7.220000000000000E-002   1.36164562012150     
  7.605000000000001E-002   1.36164449782260     
  8.000000000000000E-002   1.36164314890466     
  8.405000000000001E-002   1.36164153628375     
  8.820000000000000E-002   1.36163961824945     
  9.244999999999999E-002   1.36163734808160     
  9.680000000000001E-002   1.36163467365580     
  0.101250000000000        1.36163153703878     
  0.105800000000000        1.36162787407533     
  0.110450000000000        1.36162361396816     
  0.115200000000000        1.36161867885242     
  0.120050000000000        1.36161298336651     
  0.125000000000000        1.36160643422097     
  0.130050000000000        1.36159892976720     
  0.135200000000000        1.36159035956775     
  0.140450000000000        1.36158060397020     
  0.145800000000000        1.36156953368620     
  0.151250000000000        1.36155700937765     
  0.156800000000000        1.36154288125174     
  0.162450000000000        1.36152698866659     
  0.168200000000000        1.36150915974932     
  0.174050000000000        1.36148921102792     
  0.180000000000000        1.36146694707891     
  0.186050000000000        1.36144216019189     
  0.192200000000000        1.36141463005273     
  0.198450000000000        1.36138412344660     
  0.204800000000000        1.36135039398210     
  0.211250000000000        1.36131318183771     
  0.217800000000000        1.36127221353153     
  0.224450000000000        1.36122720171543     
  0.231200000000000        1.36117784499416     
  0.238050000000000        1.36112382777053     
  0.245000000000000        1.36106482011693     
  0.252050000000000        1.36100047767404     
  0.259200000000000        1.36093044157679     
  0.266450000000000        1.36085433840823     
  0.273800000000000        1.36077178018126     
  0.281250000000000        1.36068236434836     
  0.288800000000000        1.36058567383944     
  0.296450000000000        1.36048127712752     
  0.304200000000000        1.36036872832227     
  0.312050000000000        1.36024756729083     
  0.320000000000000        1.36011731980593     
  0.328050000000000        1.35997749772045     
  0.336200000000000        1.35982759916828     
  0.344450000000000        1.35966710879061     
  0.352800000000000        1.35949549798712     
  0.361250000000000        1.35931222519145     
  0.369800000000000        1.35911673616989     
  0.378450000000000        1.35890846434287     
  0.387200000000000        1.35868683112809     
  0.396050000000000        1.35845124630446     
  0.405000000000000        1.35820110839607     
  0.414050000000000        1.35793580507507     
  0.423200000000000        1.35765471358246     
  0.432450000000000        1.35735720116602     
  0.441800000000000        1.35704262553407     
  0.451250000000000        1.35671033532425     
  0.460800000000000        1.35635967058617     
  0.470450000000000        1.35598996327697     
  0.480200000000000        1.35560053776874     
  0.490050000000000        1.35519071136667     
  0.500000000000000        1.35475979483709     
  0.510050000000000        1.35430709294423     
  0.520200000000000        1.35383190499476     
  0.530450000000000        1.35333352538917     
  0.540800000000000        1.35281124417890     
  0.551250000000000        1.35226434762841     
  0.561800000000000        1.35169211878116     
  0.572450000000000        1.35109383802865     
  0.583200000000000        1.35046878368162     
  0.594050000000000        1.34981623254256     
  0.605000000000000        1.34913546047869     
  0.616050000000000        1.34842574299463     
  0.627200000000000        1.34768635580396     
  0.638450000000000        1.34691657539897     
  0.649800000000000        1.34611567961780     
  0.661250000000000        1.34528294820840     
  0.672800000000000        1.34441766338858     
  0.684450000000000        1.34351911040147     
  0.696200000000000        1.34258657806596     
  0.708050000000000        1.34161935932136     
  0.720000000000000        1.34061675176593     
  0.732050000000000        1.33957805818852     
  0.744200000000000        1.33850258709320     
  0.756450000000000        1.33738965321598     
  0.768800000000000        1.33623857803367     
  0.781250000000000        1.33504869026401     
  0.793800000000000        1.33381932635714     
  0.806450000000000        1.33254983097770     
  0.819200000000000        1.33123955747744     
  0.832050000000000        1.32988786835803     
  0.845000000000000        1.32849413572371     
  0.858050000000000        1.32705774172355     
  0.871200000000000        1.32557807898319     
  0.884450000000000        1.32405455102572     
  0.897800000000000        1.32248657268159     
  0.911250000000000        1.32087357048731     
  0.924800000000000        1.31921498307292     
  0.938450000000000        1.31751026153793     
  0.952200000000000        1.31575886981573     
  0.966050000000000        1.31396028502639     
  0.980000000000000        1.31211399781759     
  0.994050000000000        1.31021951269388     
   1.00820000000000        1.30827634833395     
   1.02245000000000        1.30628403789609     
   1.03680000000000        1.30424212931164     
   1.05125000000000        1.30215018556651     
   1.06580000000000        1.30000778497077     
   1.08045000000000        1.29781452141624     
   1.09520000000000        1.29557000462217     
   1.11005000000000        1.29327386036906     
   1.12500000000000        1.29092573072047     
   1.14005000000000        1.28852527423317     
   1.15520000000000        1.28607216615538     
   1.17045000000000        1.28356609861337     
   1.18580000000000        1.28100678078635     
   1.20125000000000        1.27839393906986     
   1.21680000000000        1.27572731722757     
   1.23245000000000        1.27300667653174     
   1.24820000000000        1.27023179589232     
   1.26405000000000        1.26740247197483     
   1.28000000000000        1.26451851930714     
   1.29605000000000        1.26157977037519     
   1.31220000000000        1.25858607570784     
   1.32845000000000        1.25553730395088     
   1.34480000000000        1.25243334193040     
   1.36125000000000        1.24927409470561     
   1.37780000000000        1.24605948561113     
   1.39445000000000        1.24278945628913     
   1.41120000000000        1.23946396671111     
   1.42805000000000        1.23608299518981     
   1.44500000000000        1.23264653838104     
   1.46205000000000        1.22915461127585     
   1.47920000000000        1.22560724718302     
   1.49645000000000        1.22200449770203     
   1.51380000000000        1.21834643268671     
   1.53125000000000        1.21463314019965     
   1.54880000000000        1.21086472645752     
   1.56645000000000        1.20704131576756     
   1.58420000000000        1.20316305045516     
   1.60205000000000        1.19923009078292     
   1.62000000000000        1.19524261486120     
   1.63805000000000        1.19120081855035     
   1.65620000000000        1.18710491535475     
   1.67445000000000        1.18295513630883     
   1.69280000000000        1.17875172985529     
   1.71125000000000        1.17449496171554     
   1.72980000000000        1.17018511475259     
   1.74845000000000        1.16582248882661     
   1.76720000000000        1.16140740064317     
   1.78605000000000        1.15694018359445     
   1.80500000000000        1.15242118759353     
   1.82405000000000        1.14785077890189     
   1.84320000000000        1.14322933995031     
   1.86245000000000        1.13855726915336     
   1.88180000000000        1.13383498071754     
   1.90125000000000        1.12906290444342     
   1.92080000000000        1.12424148552166     
   1.94045000000000        1.11937118432337     
   1.96020000000000        1.11445247618475     
   1.98005000000000        1.10948585118630     
   2.00000000000000        1.10447181392670     
   2.02005000000000        1.09941088329154     
   2.04020000000000        1.09430359221705     
   2.06045000000000        1.08915048744906     
   2.08080000000000        1.08395212929724     
   2.10125000000000        1.07870909138487     
   2.12180000000000        1.07342196039425     
   2.14245000000000        1.06809133580803     
   2.16320000000000        1.06271782964634     
   2.18405000000000        1.05730206620033     
   2.20500000000000        1.05184468176177     
   2.22605000000000        1.04634632434934     
   2.24720000000000        1.04080765343141     
   2.26845000000000        1.03522933964571     
   2.28980000000000        1.02961206451590     
   2.31125000000000        1.02395652016538     
   2.33280000000000        1.01826340902818     
   2.35445000000000        1.01253344355753     
   2.37620000000000        1.00676734593186     
   2.39805000000000        1.00096584775864     
   2.42000000000000       0.995129689776138     
   2.44205000000000       0.989259621553217     
   2.46420000000000       0.983356401187417     
   2.48645000000000       0.977420795001396     
   2.50880000000000       0.971453577237925     
   2.53125000000000       0.965455529753587     
   2.55380000000000       0.959427441711319     
   2.57645000000000       0.953370109271972     
   2.59920000000000       0.947284335285017     
   2.62205000000000       0.941170928978557     
   2.64500000000000       0.935030705648804     
   2.66805000000000       0.928864486349141     
   2.69120000000000       0.922673097578948     
   2.71445000000000       0.916457370972311     
   2.73780000000000       0.910218142986768     
   2.76125000000000       0.903956254592236     
   2.78480000000000       0.897672550960255     
   2.80845000000000       0.891367881153685     
   2.83220000000000       0.885043097817003     
   2.85605000000000       0.878699056867323     
   2.88000000000000       0.872336617186289     
   2.90405000000000       0.865956640312947     
   2.92820000000000       0.859559990137758     
   2.95245000000000       0.853147532597860     
   2.97680000000000       0.846720135373701     
   3.00125000000000       0.840278667587189     
   3.02580000000000       0.833823999501457     
   3.05045000000000       0.827357002222388     
   3.07520000000000       0.820878547401988     
   3.10005000000000       0.814389506943757     
   3.12500000000000       0.807890752710145     
   3.15005000000000       0.801383156232213     
   3.17520000000000       0.794867588421621     
   3.20045000000000       0.788344919285027     
   3.22580000000000       0.781816017641024     
   3.25125000000000       0.775281750839702     
   3.27680000000000       0.768742984484943     
   3.30245000000000       0.762200582159544     
   3.32820000000000       0.755655405153266     
   3.35405000000000       0.749108312193900     
   3.38000000000000       0.742560159181437     
   3.40605000000000       0.736011798925441     
   3.43220000000000       0.729464080885696     
   3.45845000000000       0.722917850916223     
   3.48480000000000       0.716373951012736     
   3.51125000000000       0.709833219063627     
   3.53780000000000       0.703296488604549     
   3.56445000000000       0.696764588576663     
   3.59120000000000       0.690238343088636     
   3.61805000000000       0.683718571182441     
   3.64500000000000       0.677206086603039     
   3.67205000000000       0.670701697571988     
   3.69920000000000       0.664206206565061     
   3.72645000000000       0.657720410093912     
   3.75380000000000       0.651245098491851     
   3.78125000000000       0.644781055703782     
   3.80880000000000       0.638329059080361     
   3.83645000000000       0.631889879176396     
   3.86420000000000       0.625464279553570     
   3.89205000000000       0.619053016587497     
   3.92000000000000       0.612656839279166     
   3.94805000000000       0.606276489070814     
   3.97620000000000       0.599912699666247     
   4.00445000000000       0.593566196855659     
   4.03280000000000       0.587237698344966     
   4.06125000000000       0.580927913589682     
   4.08980000000000       0.574637543633380     
   4.11845000000000       0.568367280950726     
   4.14720000000000       0.562117809295149     
   4.17605000000000       0.555889803551119     
   4.20500000000000       0.549683929591094     
   4.23405000000000       0.543500844137105     
   4.26320000000000       0.537341194627025     
   4.29245000000000       0.531205619085510     
   4.32180000000000       0.525094745999625     
   4.35125000000000       0.519009194199155     
   4.38080000000000       0.512949572741613     
   4.41045000000000       0.506916480801925     
   4.44020000000000       0.500910507566811     
   4.47005000000000       0.494932232133844     
   4.50000000000000       0.488982223415183     
   4.53005000000000       0.483061040045971     
   4.56020000000000       0.477169230297388     
   4.59045000000000       0.471307331994348     
   4.62080000000000       0.465475872437822     
   4.65125000000000       0.459675368331765     
   4.68180000000000       0.453906325714650     
   4.71245000000000       0.448169239895553     
   4.74320000000000       0.442464595394808     
   4.77405000000000       0.436792865889170     
   4.80500000000000       0.431154514161490     
   4.83605000000000       0.425549992054853     
   4.86720000000000       0.419979740431169     
   4.89845000000000       0.414444189134166     
   4.92980000000000       0.408943756956774     
   4.96125000000000       0.403478851612847     
   4.99280000000000       0.398049869713204     
   5.02445000000000       0.392657196745937     
   5.05620000000000       0.387301207060970     
   5.08805000000000       0.381982263858795     
   5.12000000000000       0.376700719183384     
   5.15205000000000       0.371456913919205     
   5.18420000000000       0.366251177792310     
   5.21645000000000       0.361083829375453     
   5.24880000000000       0.355955176097185     
   5.28125000000000       0.350865514254885     
   5.31380000000000       0.345815129031673     
   5.34645000000000       0.340804294517162     
   5.37920000000000       0.335833273731996     
   5.41205000000000       0.330902318656114     
   5.44500000000000       0.326011670260709     
   5.47805000000000       0.321161558543801     
   5.51120000000000       0.316352202569396     
   5.54445000000000       0.311583810510153     
   5.57780000000000       0.306856579693522     
   5.61125000000000       0.302170696651280     
   5.64480000000000       0.297526337172423     
   5.67845000000000       0.292923666359335     
   5.71220000000000       0.288362838687201     
   5.74605000000000       0.283843998066578     
   5.78000000000000       0.279367277909084     
   5.81405000000000       0.274932801196126     
   5.84820000000000       0.270540680550623     
   5.88245000000000       0.266191018311647     
   5.91680000000000       0.261883906611931     
   5.95125000000000       0.257619427458161     
   5.98580000000000       0.253397652814020     
   6.02045000000000       0.249218644685883     
   6.05520000000000       0.245082455211132     
   6.09005000000000       0.240989126748999     
   6.12500000000000       0.236938691973888     
   6.16005000000000       0.232931173971104     
   6.19520000000000       0.228966586334924     
   6.23045000000000       0.225044933268945     
   6.26580000000000       0.221166209688641     
   6.30125000000000       0.217330401326061     
   6.33680000000000       0.213537484836606     
   6.37245000000000       0.209787427907816     
   6.40820000000000       0.206080189370093     
   6.44405000000000       0.202415719309309     
   6.48000000000000       0.198793959181214     
   6.51605000000000       0.195214841927593     
   6.55220000000000       0.191678292094089     
   6.58845000000000       0.188184225949642     
   6.62480000000000       0.184732551607463     
   6.66125000000000       0.181323169147488     
   6.69780000000000       0.177955970740233     
   6.73445000000000       0.174630840771995     
   6.77120000000000       0.171347655971330     
   6.80805000000000       0.168106285536736     
   6.84500000000000       0.164906591265482     
   6.88205000000000       0.161748427683517     
   6.91920000000000       0.158631642176392     
   6.95645000000000       0.155556075121130     
   6.99380000000000       0.152521560018986     
   7.03125000000000       0.149527923629015     
   7.06880000000000       0.146574986102419     
   7.10645000000000       0.143662561117563     
   7.14420000000000       0.140790456015647     
   7.18205000000000       0.137958471936930     
   7.22000000000000       0.135166403957475     
   7.25805000000000       0.132414041226331     
   7.29620000000000       0.129701167103108     
   7.33445000000000       0.127027559295882     
   7.37280000000000       0.124392989999357     
   7.41125000000000       0.121797226033248     
   7.44980000000000       0.119240028980806     
   7.48845000000000       0.116721155327443     
   7.52720000000000       0.114240356599388     
   7.56605000000000       0.111797379502330     
   7.60500000000000       0.109391966059983     
   7.64405000000000       0.107023853752518     
   7.68320000000000       0.104692775654822     
   7.72245000000000       0.102398460574515     
   7.76180000000000       0.100140633189672     
   7.80125000000000       9.791901418622384E-002
   7.84080000000000       9.573332039494464E-002
   7.88045000000000       9.358326492801705E-002
   7.92020000000000       9.146855731509751E-002
   7.96005000000000       8.938890363884733E-002
   8.00000000000000       8.734400666987763E-002
   8.04005000000000       8.533356600106323E-002
   8.08020000000000       8.335727818117755E-002
   8.12045000000000       8.141483684780648E-002
   8.16080000000000       7.950593285949425E-002
   8.20125000000000       7.763025442708216E-002
   8.24180000000000       7.578748724419349E-002
   8.28245000000000       7.397731461682788E-002
   8.32320000000000       7.219941759202064E-002
   8.36405000000000       7.045347508553035E-002
   8.40500000000000       6.873916400851665E-002
   8.44605000000000       6.705615939316800E-002
   8.48720000000000       6.540413451724447E-002
   8.52845000000000       6.378276102750058E-002
   8.56980000000000       6.219170906195282E-002
   8.61125000000000       6.063064737095614E-002
   8.65280000000000       5.909924343705963E-002
   8.69445000000000       5.759716359360878E-002
   8.73620000000000       5.612407314206092E-002
   8.77805000000000       5.467963646798646E-002
   8.82000000000000       5.326351715572697E-002
   8.86205000000000       5.187537810167897E-002
   8.90420000000000       5.051488162618023E-002
   8.94645000000000       4.918168958397073E-002
   8.98880000000000       4.787546347320015E-002
   9.03125000000000       4.659586454296338E-002
   9.07380000000000       4.534255389933639E-002
   9.11645000000000       4.411519260989105E-002
   9.15920000000000       4.291344180666701E-002
   9.20205000000000       4.173696278758343E-002
   9.24500000000000       4.058541711626562E-002
   9.28805000000000       3.945846672027242E-002
   9.33120000000000       3.835577398770407E-002
   9.37445000000000       3.727700186217575E-002
   9.41780000000000       3.622181393613944E-002
   9.46125000000000       3.518987454254074E-002
   9.50480000000000       3.418084884479411E-002
   9.54845000000000       3.319440292506681E-002
   9.59220000000000       3.223020387085773E-002
   9.63605000000000       3.128791985985968E-002
   9.68000000000000       3.036722024309624E-002
   9.72405000000000       2.946777562632130E-002
   9.76820000000000       2.858925794967537E-002
   9.81245000000000       2.773134056559146E-002
   9.85680000000000       2.689369831494015E-002
   9.90125000000000       2.607600760141193E-002
   9.94580000000000       2.527794646412951E-002
   9.99045000000000       2.449919464848849E-002
   10.0352000000000       2.373943367521925E-002
   10.0800500000000       2.299834690767155E-002
   10.1250000000000       2.227561961731905E-002
   10.1700500000000       2.157093904748009E-002
   10.2152000000000       2.088399447526079E-002
   10.2604500000000       2.021447727171544E-002
   10.3058000000000       1.956208096022949E-002
   10.3512500000000       1.892650127312634E-002
   10.3968000000000       1.830743620650033E-002
   10.4424500000000       1.770458607328274E-002
   10.4882000000000       1.711765355454209E-002
   10.5340500000000       1.654634374902653E-002
   10.5800000000000       1.599036422095335E-002
   10.6260500000000       1.544942504605396E-002
   10.6722000000000       1.492323885587998E-002
   10.7184500000000       1.441152088037989E-002
   10.7648000000000       1.391398898875607E-002
   10.8112500000000       1.343036372861017E-002
   10.8578000000000       1.296036836338721E-002
   10.9044500000000       1.250372890813289E-002
   10.9512000000000       1.206017416356842E-002
   10.9980500000000       1.162943574850406E-002
   11.0450000000000       1.121124813059637E-002
   11.0920500000000       1.080534865546734E-002
   11.1392000000000       1.041147757419703E-002
   11.1864500000000       1.002937806920556E-002
   11.2338000000000       9.658796278538828E-003
   11.2812500000000       9.299481318573166E-003
   11.3288000000000       8.951185305156262E-003
   11.3764500000000       8.613663373199021E-003
   11.4242000000000       8.286673694737789E-003
   11.4720500000000       7.969977495483782E-003
   11.5200000000000       7.663339069873931E-003
   11.5680500000000       7.366525794649803E-003
   11.6162000000000       7.079308140975460E-003
   11.6644500000000       6.801459685117361E-003
   11.7128000000000       6.532757117704957E-003
   11.7612500000000       6.272980251593729E-003
   11.8098000000000       6.021912028349119E-003
   11.8584500000000       5.779338523372202E-003
   11.9072000000000       5.545048949690878E-003
   11.9560500000000       5.318835660432564E-003
   12.0050000000000       5.100494150007462E-003
   12.0540500000000       4.889823054018638E-003
   12.1032000000000       4.686624147922203E-003
   12.1524500000000       4.490702344464026E-003
   12.2018000000000       4.301865689909423E-003
   12.2512500000000       4.119925359095333E-003
   12.3008000000000       3.944695649322538E-003
   12.3504500000000       3.775993973116121E-003
   12.4002000000000       3.613640849873923E-003
   12.4500500000000       3.457459896430315E-003
   12.5000000000000       3.307277816555043E-003
   12.5500500000000       3.162924389414901E-003
   12.6002000000000       3.024232457020659E-003
   12.6504500000000       2.891037910684124E-003
   12.7008000000000       2.763179676507965E-003
   12.7512500000000       2.640499699935406E-003
   12.8018000000000       2.522842929382874E-003
   12.8524500000000       2.410057298978918E-003
   12.9032000000000       2.301993710436268E-003
   12.9540500000000       2.198506014079893E-003
   13.0050000000000       2.099450989057061E-003
   13.0560500000000       2.004688322751802E-003
   13.1072000000000       1.914080589429101E-003
   13.1584500000000       1.827493228136801E-003
   13.2098000000000       1.744794519883186E-003
   13.2612500000000       1.665855564119578E-003
   13.3128000000000       1.590550254550349E-003
   13.3644500000000       1.518755254295234E-003
   13.4162000000000       1.450349970427256E-003
   13.4680500000000       1.385216527911126E-003
   13.5200000000000       1.323239742964999E-003
   13.5720500000000       1.264307095870665E-003
   13.6242000000000       1.208308703254612E-003
   13.6764500000000       1.155137289864383E-003
   13.7288000000000       1.104688159861755E-003
   13.7812500000000       1.056859167659630E-003
   13.8338000000000       1.011550688319707E-003
   13.8864500000000       9.686655875416061E-004
   13.9392000000000       9.281091912565209E-004
   13.9920500000000       8.897892548564990E-004
   14.0450000000000       8.536159320773340E-004
   14.0980500000000       8.195017435561613E-004
   14.1512000000000       7.873615450868510E-004
   14.2044500000000       7.571124955967345E-004
   14.2578000000000       7.286740248615420E-004
   14.3112500000000       7.019678009829722E-004
   14.3648000000000       6.769176976471059E-004
   14.4184500000000       6.534497611880852E-004
   14.4722000000000       6.314921774712712E-004
   14.5260500000000       6.109752386207479E-004
   14.5800000000000       5.918313096102690E-004
   14.6340500000000       5.739947947331903E-004
   14.6882000000000       5.574021039749244E-004
   14.7424500000000       5.419916193041274E-004
   14.7968000000000       5.277036609017127E-004
   14.8512500000000       5.144804533452341E-004
   14.9058000000000       5.022660917683996E-004
   14.9604500000000       4.910065080099280E-004
   15.0152000000000       4.806494367712855E-004
   15.0700500000000       4.711443818001815E-004
   15.1250000000000       4.624425821142530E-004
   15.1800500000000       4.544969782838137E-004
   15.2352000000000       4.472621787865450E-004
   15.2904500000000       4.406944264532253E-004
   15.3458000000000       4.347515650144906E-004
   15.4012500000000       4.293930057694961E-004
   15.4568000000000       4.245796943849189E-004
   15.5124500000000       4.202740778433967E-004
   15.5682000000000       4.164400715520600E-004
   15.6240500000000       4.130430266242602E-004
   15.6800000000000       4.100496973504786E-004
   15.7360500000000       4.074282088670778E-004
   15.7922000000000       4.051480250391037E-004
   15.8484500000000       4.031799165651329E-004
   15.9048000000000       4.014959293197062E-004
   15.9612500000000       4.000693529395694E-004
   16.0178000000000       3.988746896708140E-004
   16.0744500000000       3.978876234813633E-004
   16.1312000000000       3.970849894525674E-004
   16.1880500000000       3.964447434583462E-004
   16.2450000000000       3.959459321412062E-004
   16.3020500000000       3.955686631946786E-004
   16.3592000000000       3.952940759603951E-004
   16.4164500000000       3.951043123473497E-004
   16.4738000000000       3.949824880837838E-004
   16.5312500000000       3.949126643063572E-004
   16.5888000000000       3.948798194937098E-004
   16.6464500000000       3.948698217566271E-004
   16.7042000000000       3.948694014823673E-004
   16.7620500000000       3.948661243484697E-004
   16.8200000000000       3.948483647040479E-004
   16.8780500000000       3.948052793303347E-004
   16.9362000000000       3.947267815822553E-004
   16.9944500000000       3.946035159154704E-004
   17.0528000000000       3.944268328055500E-004
   17.1112500000000       3.941887640621644E-004
   17.1698000000000       3.938819985416231E-004
   17.2284500000000       3.934998582628690E-004
   17.2872000000000       3.930362749287042E-004
   17.3460500000000       3.924857668553550E-004
   17.4050000000000       3.918434163139306E-004
   17.4640500000000       3.911048472851064E-004
   17.5232000000000       3.902662036288085E-004
   17.5824500000000       3.893241276717863E-004
   17.6418000000000       3.882757392139613E-004
   17.7012500000000       3.871186149526640E-004
   17.7608000000000       3.858507683298651E-004
   17.8204500000000       3.844706297986278E-004
   17.8802000000000       3.829770275127764E-004
   17.9400500000000       3.813691684355636E-004
   18.0000000000000       3.796466198717763E-004
   18.0600500000000       3.778092914197284E-004
   18.1202000000000       3.758574173433615E-004
   18.1804500000000       3.737915393624558E-004
   18.2408000000000       3.716124898638373E-004
   18.3012500000000       3.693213755244784E-004
   18.3618000000000       3.669195613529297E-004
   18.4224500000000       3.644086551430892E-004
   18.4832000000000       3.617904923371995E-004
   18.5440500000000       3.590671212994057E-004
   18.6050000000000       3.562407889945440E-004
   18.6660500000000       3.533139270694985E-004
   18.7272000000000       3.502891383369011E-004
   18.7884500000000       3.471691836551827E-004
   18.8498000000000       3.439569692025302E-004
   18.9112500000000       3.406555341425310E-004
   18.9728000000000       3.372680386772853E-004
   19.0344500000000       3.337977524822122E-004
   19.0962000000000       3.302480435227739E-004
   19.1580500000000       3.266223672455659E-004
   19.2200000000000       3.229242561400003E-004
   19.2820500000000       3.191573096699152E-004
   19.3442000000000       3.153251845646743E-004
   19.4064500000000       3.114315854699790E-004
   19.4688000000000       3.074802559519529E-004
   19.5312500000000       3.034749698485051E-004
   19.5938000000000       2.994195229666374E-004
   19.6564500000000       2.953177251161510E-004
   19.7192000000000       2.911733924775284E-004
   19.7820500000000       2.869903402986651E-004
   19.8450000000000       2.827723759135647E-004
   19.9080500000000       2.785232920794467E-004
   19.9712000000000       2.742468606242721E-004
   20.0344500000000       2.699468264040217E-004
   20.0978000000000       2.656269015566259E-004
   20.1612500000000       2.612907600556547E-004
   20.2248000000000       2.569420325484462E-004
   20.2884500000000       2.525843014833384E-004
   20.3522000000000       2.482210965111253E-004
   20.4160500000000       2.438558901596277E-004
   20.4800000000000       2.394920937744960E-004
   20.5440500000000       2.351330537213592E-004
   20.6082000000000       2.307820478399947E-004
   20.6724500000000       2.264422821482981E-004
   20.7368000000000       2.221168877887258E-004
   20.8012500000000       2.178089182103271E-004
   20.8658000000000       2.135213465814800E-004
   20.9304500000000       2.092570634273372E-004
   20.9952000000000       2.050188744848747E-004
   21.0600500000000       2.008094987697717E-004
   21.1250000000000       1.966315668517904E-004
   21.1900500000000       1.924876193275527E-004
   21.2552000000000       1.883801054896050E-004
   21.3204500000000       1.843113821837772E-004
   21.3858000000000       1.802837128486168E-004
   21.4512500000000       1.762992667309060E-004
   21.5168000000000       1.723601182728185E-004
   21.5824500000000       1.684682466638332E-004
   21.6482000000000       1.646255355522985E-004
   21.7140500000000       1.608337729088749E-004
   21.7800000000000       1.570946510391913E-004
   21.8460500000000       1.534097667386103E-004
   21.9122000000000       1.497806215826625E-004
   21.9784500000000       1.462086223500414E-004
   22.0448000000000       1.426950815683892E-004
   22.1112500000000       1.392412181842051E-004
   22.1778000000000       1.358481583448867E-004
   22.2444500000000       1.325169362902390E-004
   22.3112000000000       1.292484953501205E-004
   22.3780500000000       1.260436890409000E-004
   22.4450000000000       1.229032822542830E-004
   22.5120500000000       1.198279525378432E-004
   22.5792000000000       1.168182914599303E-004
   22.6464500000000       1.138748060511841E-004
   22.7138000000000       1.109979203246514E-004
   22.7812500000000       1.081879768636274E-004
   22.8488000000000       1.054452384761095E-004
   22.9164500000000       1.027698899103147E-004
   22.9842000000000       1.001620396268166E-004
   23.0520500000000       9.762172162330884E-005
   23.1200000000000       9.514889730732889E-005
   23.1880500000000       9.274345741427936E-005
   23.2562000000000       9.040522396341899E-005
   23.3244500000000       8.813395225293341E-005
   23.3928000000000       8.592933288409377E-005
   23.4612500000000       8.379099381694566E-005
   23.5298000000000       8.171850244997891E-005
   23.5984500000000       7.971136771955933E-005
   23.6672000000000       7.776904222045466E-005
   23.7360500000000       7.589092433812894E-005
   23.8050000000000       7.407636039413745E-005
   23.8740500000000       7.232464679862716E-005
   23.9432000000000       7.063503220838818E-005
   24.0124500000000       6.900671968734784E-005
   24.0818000000000       6.743886886551032E-005
   24.1512500000000       6.593059809456570E-005
   24.2208000000000       6.448098659683765E-005
   24.2904500000000       6.308907660712570E-005
   24.3602000000000       6.175387550055866E-005
   24.4300500000000       6.047435790890177E-005
   24.5000000000000       5.924946781865614E-005
   24.5700500000000       5.807812065294904E-005
   24.6402000000000       5.695920533188570E-005
   24.7104500000000       5.589158630869839E-005
   24.7808000000000       5.487410558591144E-005
   24.8512500000000       5.390558469953177E-005
   24.9218000000000       5.298482668014692E-005
   24.9924500000000       5.211061798093830E-005
   25.0632000000000       5.128173037549644E-005
   25.1340500000000       5.049692282277363E-005
   25.2050000000000       4.975494329806374E-005
   25.2760500000000       4.905453058667852E-005
   25.3472000000000       4.839441604342909E-005
   25.4184500000000       4.777332531080702E-005
   25.4898000000000       4.718998000052821E-005
   25.5612500000000       4.664309933422039E-005
   25.6328000000000       4.613140174192232E-005
   25.7044500000000       4.565360641972660E-005
   25.7762000000000       4.520843484434600E-005
   25.8480500000000       4.479461224415893E-005
   25.9200000000000       4.441086902606806E-005
   25.9920500000000       4.405594215706188E-005
   26.0642000000000       4.372857650247752E-005
   26.1364500000000       4.342752611674605E-005
   26.2088000000000       4.315155548839655E-005
   26.2812500000000       4.289944074020724E-005
   26.3538000000000       4.266997078161694E-005
   26.4264500000000       4.246194841450723E-005
   26.4992000000000       4.227419139324340E-005
   26.5720500000000       4.210553343630963E-005
   26.6450000000000       4.195482519353533E-005
   26.7180500000000       4.182093516447161E-005
   26.7912000000000       4.170275057058248E-005
   26.8644500000000       4.159917818236103E-005
   26.9378000000000       4.150914509937209E-005
   27.0112500000000       4.143159948366559E-005
   27.0848000000000       4.136551124944710E-005
   27.1584500000000       4.130987270567488E-005
   27.2322000000000       4.126369915580241E-005
   27.3060500000000       4.122602945244580E-005
   27.3800000000000       4.119592650630999E-005
   27.4540500000000       4.117247775625721E-005
   27.5282000000000       4.115479559252400E-005
   27.6024500000000       4.114201774019222E-005
   27.6768000000000       4.113330760069367E-005
   27.7512500000000       4.112785455290258E-005
   27.8258000000000       4.112487421248368E-005
   27.9004500000000       4.112360865571318E-005
   27.9752000000000       4.112332660177742E-005
   28.0500500000000       4.112332355665771E-005
   28.1250000000000       4.112292192437472E-005
   28.2000500000000       4.112147107848685E-005
   28.2752000000000       4.111834739783937E-005
   28.3504500000000       4.111295427344785E-005
   28.4258000000000       4.110472207496940E-005
   28.5012500000000       4.109310808986244E-005
   28.5768000000000       4.107759642857367E-005
   28.6524500000000       4.105769790041514E-005
   28.7282000000000       4.103294985857708E-005
   28.8040500000000       4.100291601738526E-005
   28.8800000000000       4.096718624202467E-005
   28.9560500000000       4.092537631028570E-005
   29.0322000000000       4.087712764988538E-005
   29.1084500000000       4.082210705025346E-005
   29.1848000000000       4.076000635122590E-005
   29.2612500000000       4.069054210820156E-005
   29.3378000000000       4.061345523598270E-005
   29.4144500000000       4.052851063218732E-005
   29.4912000000000       4.043549677890113E-005
   29.5680500000000       4.033422532900843E-005
   29.6450000000000       4.022453067165088E-005
   29.7220500000000       4.010626948147689E-005
   29.7992000000000       3.997932025323614E-005
   29.8764500000000       3.984358282038691E-005
   29.9538000000000       3.969897785949250E-005
   30.0312500000000       3.954544638262725E-005
   30.1088000000000       3.938294921668195E-005
   30.1864500000000       3.921146647289930E-005
   30.2642000000000       3.903099700441892E-005
   30.3420500000000       3.884155785627286E-005
   30.4200000000000       3.864318370516706E-005
   30.4980500000000       3.843592629326764E-005
   30.5762000000000       3.821985385465965E-005
   30.6544500000000       3.799505053625474E-005
   30.7328000000000       3.776161581336979E-005
   30.8112500000000       3.751966390130868E-005
   30.8898000000000       3.726932316383547E-005
   30.9684500000000       3.701073551964917E-005
   31.0472000000000       3.674405584508378E-005
   31.1260500000000       3.646945137814050E-005
   31.2050000000000       3.618710112185397E-005
   31.2840500000000       3.589719524588197E-005
   31.3632000000000       3.559993449320231E-005
   31.4424500000000       3.529552958547733E-005
   31.5218000000000       3.498420063174912E-005
   31.6012500000000       3.466617654135362E-005
   31.6808000000000       3.434169444038737E-005
   31.7604500000000       3.401099909128291E-005
   31.8402000000000       3.367434231904554E-005
   31.9200500000000       3.333198244348523E-005
   32.0000000000000       3.298418371455725E-005
   32.0800500000000       3.263121575902694E-005
   32.1602000000000       3.227335303090939E-005
   32.2404500000000       3.191087427012462E-005
   32.3208000000000       3.154406197181103E-005
   32.4012500000000       3.117320186141193E-005
   32.4818000000000       3.079858237997612E-005
   32.5624500000000       3.042049417989467E-005
   32.6432000000000       3.003922962840910E-005
   32.7240500000000       2.965508232488645E-005
   32.8050000000000       2.926834662453359E-005
   32.8860500000000       2.887931717654446E-005
   32.9672000000000       2.848828847201723E-005
   33.0484500000000       2.809555440341782E-005
   33.1298000000000       2.770140783647790E-005
   33.2112500000000       2.730614019408328E-005
   33.2928000000000       2.691004105148664E-005
   33.3744500000000       2.651339774639716E-005
   33.4562000000000       2.611649499928426E-005
   33.5380500000000       2.571961454878036E-005
   33.6200000000000       2.532303479774178E-005
   33.7020500000000       2.492703047529687E-005
   33.7842000000000       2.453187230977427E-005
   33.8664500000000       2.413782671695230E-005
   33.9488000000000       2.374515550096490E-005
   34.0312500000000       2.335411556786404E-005
   34.1138000000000       2.296495865472536E-005
   34.1964500000000       2.257793107141026E-005
   34.2792000000000       2.219327345498456E-005
   34.3620500000000       2.181122054034645E-005
   34.4450000000000       2.143200094040232E-005
   34.5280500000000       2.105583694556046E-005
   34.6112000000000       2.068294433077433E-005
   34.6944500000000       2.031353217923915E-005
   34.7778000000000       1.994780271985519E-005
   34.8612500000000       1.958595117668160E-005
   34.9448000000000       1.922816563060259E-005
   35.0284500000000       1.887462689675878E-005
   35.1122000000000       1.852550841241474E-005
   35.1960500000000       1.818097613881520E-005
   35.2800000000000       1.784118847436567E-005
   35.3640500000000       1.750629618224586E-005
   35.4482000000000       1.717644232801518E-005
   35.5324500000000       1.685176223031881E-005
   35.6168000000000       1.653238342225194E-005
   35.7012500000000       1.621842562649078E-005
   35.7858000000000       1.591000073997151E-005
   35.8704500000000       1.560721282833910E-005
   35.9552000000000       1.531015813505121E-005
   36.0400500000000       1.501892509736535E-005
   36.1250000000000       1.473359437431654E-005
   36.2100500000000       1.445423888424280E-005
   36.2952000000000       1.418092385230274E-005
   36.3804500000000       1.391370686798510E-005
   36.4658000000000       1.365263794927962E-005
   36.5512500000000       1.339775961950451E-005
   36.6368000000000       1.314910698857474E-005
   36.7224500000000       1.290670784670489E-005
   36.8082000000000       1.267058276210875E-005
   36.8940500000000       1.244074519002325E-005
   36.9800000000000       1.221720158484096E-005
   37.0660500000000       1.199995152378897E-005
   37.1522000000000       1.178898783371629E-005
   37.2384500000000       1.158429672543093E-005
   37.3248000000000       1.138585793558633E-005
   37.4112500000000       1.119364487145447E-005
   37.4978000000000       1.100762476347050E-005
   37.5844500000000       1.082775882133014E-005
   37.6712000000000       1.065400239608216E-005
   37.7580500000000       1.048630514488558E-005
   37.8450000000000       1.032461120353823E-005
   37.9320500000000       1.016885935767320E-005
   38.0192000000000       1.001898322083861E-005
   38.1064500000000       9.874911416130061E-006
   38.1938000000000       9.736567758489301E-006
   38.2812500000000       9.603871441665746E-006
   38.3688000000000       9.476737226066234E-006
   38.4564500000000       9.355075628825205E-006
   38.5442000000000       9.238793116317368E-006
   38.6320500000000       9.127792298224691E-006
   38.7200000000000       9.021972121159294E-006
   38.8080500000000       8.921228064506792E-006
   38.8962000000000       8.825452336935768E-006
   38.9844500000000       8.734534072241118E-006
   39.0728000000000       8.648359526519656E-006
   39.1612500000000       8.566812274457547E-006
   39.2498000000000       8.489773404729561E-006
   39.3384500000000       8.417121715842413E-006
   39.4272000000000       8.348733910645834E-006
   39.5160500000000       8.284484789289337E-006
   39.6050000000000       8.224247441290800E-006
   39.6940500000000       8.167893435384599E-006
   39.7832000000000       8.115293008925661E-006
   39.8724500000000       8.066315254406931E-006
   39.9618000000000       8.020828303090255E-006
   40.0512500000000       7.978699508193188E-006
   40.1408000000000       7.939795623412849E-006
   40.2304500000000       7.903982980339563E-006
   40.3202000000000       7.871127661873700E-006
   40.4100500000000       7.841095674088194E-006
   40.5000000000000       7.813753111873822E-006
   40.5900500000000       7.788966325028568E-006
   40.6802000000000       7.766602078795870E-006
   40.7704500000000       7.746527709739937E-006
   40.8608000000000       7.728611280288789E-006
   40.9512500000000       7.712721727504146E-006
   41.0418000000000       7.698729008964733E-006
   41.1324500000000       7.686504243098469E-006
   41.2232000000000       7.675919847294210E-006
   41.3140500000000       7.666849670240339E-006
   41.4050000000000       7.659169120488585E-006
   41.4960500000000       7.652755289466739E-006
   41.5872000000000       7.647487071604786E-006
   41.6784500000000       7.643245279131961E-006
   41.7698000000000       7.639912751100653E-006
   41.8612500000000       7.637374459523727E-006
   41.9528000000000       7.635517609738685E-006
   42.0444500000000       7.634231735220709E-006
   42.1362000000000       7.633408789731178E-006
   42.2280500000000       7.632943231250522E-006
   42.3200000000000       7.632732106133133E-006
   42.4120500000000       7.632675121493904E-006
   42.5042000000000       7.632674718927035E-006
   42.5964500000000       7.632636139565108E-006
   42.6888000000000       7.632467486029526E-006
   42.7812500000000       7.632079778607803E-006
   42.8738000000000       7.631387006323820E-006
   42.9664500000000       7.630306175121504E-006
   43.0592000000000       7.628757347388770E-006
   43.1520500000000       7.626663681703505E-006
   43.2450000000000       7.623951463031631E-006
   43.3380500000000       7.620550131814952E-006
   43.4312000000000       7.616392305731523E-006
   43.5244500000000       7.611413799013533E-006
   43.6178000000000       7.605553636436113E-006
   43.7112500000000       7.598754061755031E-006
   43.8048000000000       7.590960544368031E-006
   43.8984500000000       7.582121777982564E-006
   43.9922000000000       7.572189679283525E-006
   44.0860500000000       7.561119379051462E-006
   44.1800000000000       7.548869211060349E-006
   44.2740500000000       7.535400696090377E-006
   44.3682000000000       7.520678523054158E-006
   44.4624500000000       7.504670525237955E-006
   44.5568000000000       7.487347654766552E-006
   44.6512500000000       7.468683949962696E-006
   44.7458000000000       7.448656503816764E-006
   44.8404500000000       7.427245426017137E-006
   44.9352000000000       7.404433802093990E-006
   45.0300500000000       7.380207651452864E-006
   45.1250000000000       7.354555878968938E-006
   45.2200500000000       7.327470228135624E-006
   45.3152000000000       7.298945227551812E-006
   45.4104500000000       7.268978137187077E-006
   45.5058000000000       7.237568890872126E-006
   45.6012500000000       7.204720037234935E-006
   45.6968000000000       7.170436677750303E-006
   45.7924500000000       7.134726403901226E-006
   45.8882000000000       7.097599230343477E-006
   45.9840500000000       7.059067528514262E-006
   46.0800000000000       7.019145956466133E-006
   46.1760500000000       6.977851388700884E-006
   46.2722000000000       6.935202843560972E-006
   46.3684500000000       6.891221409288661E-006
   46.4648000000000       6.845930169196990E-006
   46.5612500000000       6.799354126396651E-006
   46.6578000000000       6.751520125636290E-006
   46.7544500000000       6.702456776475074E-006
   46.8512000000000       6.652194373346632E-006
   46.9480500000000       6.600764817621396E-006
   47.0450000000000       6.548201537448506E-006
   47.1420500000000       6.494539406931565E-006
   47.2392000000000       6.439814666414634E-006
   47.3364500000000       6.384064841657988E-006
   47.4338000000000       6.327328663013887E-006
   47.5312500000000       6.269645984824379E-006
   47.6288000000000       6.211057704152978E-006
   47.7264500000000       6.151605682402916E-006
   47.8242000000000       6.091332663382687E-006
   47.9220500000000       6.030282194702252E-006
   48.0200000000000       5.968498549169254E-006
   48.1180500000000       5.906026645075002E-006
   48.2162000000000       5.842911970033171E-006
   48.3144500000000       5.779200503930326E-006
   48.4128000000000       5.714938641876444E-006
   48.5112500000000       5.650173120708146E-006
   48.6098000000000       5.584950944603762E-006
   48.7084500000000       5.519319311808601E-006
   48.8072000000000       5.453325542914556E-006
   48.9060500000000       5.387017012026263E-006
   49.0050000000000       5.320441076595017E-006
   49.1040500000000       5.253645009695163E-006
   49.2032000000000       5.186675934965024E-006
   49.3024500000000       5.119580760881703E-006
   49.4018000000000       5.052406119032682E-006
   49.5012500000000       4.985198300833105E-006
   49.6008000000000       4.918003200682364E-006
   49.7004500000000       4.850866255345920E-006
   49.8002000000000       4.783832389110287E-006
   49.9000500000000       4.716945959160057E-006
   50.0000000000000       4.650250703175374E-006
   50.1000500000000       4.583789688261675E-006
   50.2002000000000       4.517605262543967E-006
   50.3004500000000       4.451739008537459E-006
   50.4008000000000       4.386231698072507E-006
   50.5012500000000       4.321123248995917E-006
   50.6018000000000       4.256452685202916E-006
   50.7024500000000       4.192258097779344E-006
   50.8032000000000       4.128576606365897E-006
   50.9040500000000       4.065444327183698E-006
   51.0050000000000       4.002896338173301E-006
   51.1060500000000       3.940966649240707E-006
   51.2072000000000       3.879688173169527E-006
   51.3084500000000       3.819092699197668E-006
   51.4098000000000       3.759210868814478E-006
   51.5112500000000       3.700072152001965E-006
   51.6128000000000       3.641704828805103E-006
   51.7144500000000       3.584135968459634E-006
   51.8162000000000       3.527391414293035E-006
   51.9180500000000       3.471495768847532E-006
   52.0200000000000       3.416472381445601E-006
   52.1220500000000       3.362343336865692E-006
   52.2242000000000       3.309129447348624E-006
   52.3264500000000       3.256850245048071E-006
   52.4288000000000       3.205523977145575E-006
   52.5312500000000       3.155167603186015E-006
   52.6338000000000       3.105796792191029E-006
   52.7364500000000       3.057425924879453E-006
   52.8392000000000       3.010068093889373E-006
   52.9420500000000       2.963735108441057E-006
   53.0450000000000       2.918437499221938E-006
   53.1480500000000       2.874184525492041E-006
   53.2512000000000       2.830984183743723E-006
   53.3544500000000       2.788843216583459E-006
   53.4578000000000       2.747767125610423E-006
   53.5612500000000       2.707760183406904E-006
   53.6648000000000       2.668825447749157E-006
   53.7684500000000       2.630964777150524E-006
   53.8722000000000       2.594178848180917E-006
   53.9760500000000       2.558467172564249E-006
   54.0800000000000       2.523828117606541E-006
   54.1840500000000       2.490258925291755E-006
   54.2882000000000       2.457755734264211E-006
   54.3924500000000       2.426313602921226E-006
   54.4968000000000       2.395926532061665E-006
   54.6012500000000       2.366587489310845E-006
   54.7058000000000       2.338288434211577E-006
   54.8104500000000       2.311020345091563E-006
   54.9152000000000       2.284773245708749E-006
   55.0200500000000       2.259536231896675E-006
   55.1250000000000       2.235297501096412E-006
   55.2300500000000       2.212044380778266E-006
   55.3352000000000       2.189763357529628E-006
   55.4404500000000       2.168440108141212E-006
   55.5458000000000       2.148059528472857E-006
   55.6512500000000       2.128605765649993E-006
   55.7568000000000       2.110062250260114E-006
   55.8624500000000       2.092411725662657E-006
   55.9682000000000       2.075636281517745E-006
   56.0740500000000       2.059717386204696E-006
   56.1800000000000       2.044635918574400E-006
   56.2860500000000       2.030372200589881E-006
   56.3922000000000       2.016906030632981E-006
   56.4984500000000       2.004216716144924E-006
   56.6048000000000       1.992283106488912E-006
   56.7112500000000       1.981083625368640E-006
   56.8178000000000       1.970596304579075E-006
   56.9244500000000       1.960798815536791E-006
   57.0312000000000       1.951668503474835E-006
   57.1380500000000       1.943182418751022E-006
   57.2450000000000       1.935317350154619E-006
   57.3520500000000       1.928049855770553E-006
   57.4592000000000       1.921356295842003E-006
   57.5664500000000       1.915212864744831E-006
   57.6738000000000       1.909595620963600E-006
   57.7812500000000       1.904480519065999E-006
   57.8888000000000       1.899843440122950E-006
   57.9964500000000       1.895660221684636E-006
   58.1042000000000       1.891906687312428E-006
   58.2120500000000       1.888558676776952E-006
   58.3200000000000       1.885592073813669E-006
   58.4280500000000       1.882982835210711E-006
   58.5362000000000       1.880707018786509E-006
   58.6444500000000       1.878740809146962E-006
   58.7528000000000       1.877060546773279E-006
   58.8612500000000       1.875642752002804E-006
   58.9698000000000       1.874464151452315E-006
   59.0784500000000       1.873501703109071E-006
   59.1872000000000       1.872732619645490E-006
   59.2960500000000       1.872134393066105E-006
   59.4050000000000       1.871684816467933E-006
   59.5140500000000       1.871362007799249E-006
   59.6232000000000       1.871144428511329E-006
   59.7324500000000       1.871010907761317E-006
   59.8418000000000       1.870940659731701E-006
   59.9512500000000       1.870913303614330E-006
   60.0608000000000       1.870908882706246E-006
   60.1704500000000       1.870907881063033E-006
   60.2802000000000       1.870891241040340E-006
   60.3900500000000       1.870840379725180E-006
   60.5000000000000       1.870737202924744E-006
   60.6100500000000       1.870564120931562E-006
   60.7202000000000       1.870304060958006E-006
   60.8304500000000       1.869940481125099E-006
   60.9408000000000       1.869457381786788E-006
   61.0512500000000       1.868839316854221E-006
   61.1618000000000       1.868071403565708E-006
   61.2724500000000       1.867139332922818E-006
   61.3832000000000       1.866029377239897E-006
   61.4940500000000       1.864728398803805E-006
   61.6050000000000       1.863223856091167E-006
   61.7160500000000       1.861503809985621E-006
   61.8272000000000       1.859556929550976E-006
   61.9384500000000       1.857372496028020E-006
   62.0498000000000       1.854940405499050E-006
   62.1612500000000       1.852251172884678E-006
   62.2728000000000       1.849295933720185E-006
   62.3844500000000       1.846066444377570E-006
   62.4962000000000       1.842555082953723E-006
   62.6080500000000       1.838754849270430E-006
   62.7200000000000       1.834659360877566E-006
   62.8320500000000       1.830262854607412E-006
   62.9442000000000       1.825560181467623E-006
   63.0564500000000       1.820546803532608E-006
   63.1688000000000       1.815218789724682E-006
   63.2812500000000       1.809572810262949E-006
   63.3938000000000       1.803606131112190E-006
   63.5064500000000       1.797316607099475E-006
   63.6192000000000       1.790702676363054E-006
   63.7320500000000       1.783763349916256E-006
   63.8450000000000       1.776498204986154E-006
   63.9580500000000       1.768907375243600E-006
   64.0712000000000       1.760991541921442E-006
   64.1844500000000       1.752751922268203E-006
   64.2978000000000       1.744190259334033E-006
   64.4112500000000       1.735308810868474E-006
   64.5248000000000       1.726110338218234E-006
   64.6384500000000       1.716598091672239E-006
   64.7522000000000       1.706775799803495E-006
   64.8660500000000       1.696647655258232E-006
   64.9800000000000       1.686218302321407E-006
   65.0940500000000       1.675492821151536E-006
   65.2082000000000       1.664476714902108E-006
   65.3224500000000       1.653175893956416E-006
   65.4368000000000       1.641596662382838E-006
   65.5512500000000       1.629745701059448E-006
   65.6658000000000       1.617630053685204E-006
   65.7804500000000       1.605257109460467E-006
   65.8952000000000       1.592634589320241E-006
   66.0100500000000       1.579770528170599E-006
   66.1250000000000       1.566673258901474E-006
   66.2400500000000       1.553351396177405E-006
   66.3552000000000       1.539813821116454E-006
   66.4704500000000       1.526069663082552E-006
   66.5858000000000       1.512128283920333E-006
   66.7012500000000       1.497999261967919E-006
   66.8168000000000       1.483692374071310E-006
   66.9324500000000       1.469217580263305E-006
   67.0482000000000       1.454585006888109E-006
   67.1640500000000       1.439804930392086E-006
   67.2800000000000       1.424887759116089E-006
   67.3960500000000       1.409844020194839E-006
   67.5122000000000       1.394684341349262E-006
   67.6284500000000       1.379419434677231E-006
   67.7448000000000       1.364060081776586E-006
   67.8612500000000       1.348617116869733E-006
   67.9778000000000       1.333101413258930E-006
   68.0944500000000       1.317523865562720E-006
   68.2112000000000       1.301895376171203E-006
   68.3280500000000       1.286226839480875E-006
   68.4450000000000       1.270529127905817E-006
   68.5620500000000       1.254813077666839E-006
   68.6792000000000       1.239089473026311E-006
   68.7964500000000       1.223369034519806E-006
   68.9138000000000       1.207662404079102E-006
   69.0312500000000       1.191980131043380E-006
   69.1488000000000       1.176332661723123E-006
   69.2664500000000       1.160730324079040E-006
   69.3842000000000       1.145183316175746E-006
   69.5020500000000       1.129701694413399E-006
   69.6200000000000       1.114295361981377E-006
   69.7380500000000       1.098974056645829E-006
   69.8562000000000       1.083747340757668E-006
   69.9744500000000       1.068624589262157E-006
   70.0928000000000       1.053614981261219E-006
   70.2112500000000       1.038727487356894E-006
   70.3298000000000       1.023970863656132E-006
   70.4484500000000       1.009353638892208E-006
   70.5672000000000       9.948841082074722E-007
   70.6860500000000       9.805703242715680E-007
   70.8050000000000       9.664200881775997E-007
   70.9240500000000       9.524409427807967E-007
   71.0432000000000       9.386401655930854E-007
   71.1624500000000       9.250247614556173E-007
   71.2818000000000       9.116014565435648E-007
   71.4012500000000       8.983766923709169E-007
   71.5208000000000       8.853566200173191E-007
   71.6404500000000       8.725470956871817E-007
   71.7602000000000       8.599536756026538E-007
   71.8800500000000       8.475816113406864E-007
   72.0000000000000       8.354358469464529E-007
   72.1200500000000       8.235210151585903E-007
   72.2402000000000       8.118414345226199E-007
   72.3604500000000       8.004011069484562E-007
   72.4808000000000       7.892037157120058E-007
   72.6012500000000       7.782526241228993E-007
   72.7218000000000       7.675508739701797E-007
   72.8424500000000       7.571011853002574E-007
   72.9632000000000       7.469059555287316E-007
   73.0840500000000       7.369672612167477E-007
   73.2050000000000       7.272868565166846E-007
   73.3260500000000       7.178661758366900E-007
   73.4472000000000       7.087063353949929E-007
   73.5684500000000       6.998081345521712E-007
   73.6898000000000       6.911720582536418E-007
   73.8112500000000       6.827982803603305E-007
   73.9328000000000       6.746866663132067E-007
   74.0544500000000       6.668367775741757E-007
   74.1762000000000       6.592478749567476E-007
   74.2980500000000       6.519189232889744E-007
   74.4200000000000       6.448485967425199E-007
   74.5420500000000       6.380352832735525E-007
   74.6642000000000       6.314770910620382E-007
   74.7864500000000       6.251718538408113E-007
   74.9088000000000       6.191171371128235E-007
   75.0312500000000       6.133102457006601E-007
   75.1538000000000       6.077482295197001E-007
   75.2764500000000       6.024278917937664E-007
   75.3992000000000       5.973457966046425E-007
   75.5220500000000       5.924982753313657E-007
   75.6450000000000       5.878814366422347E-007
   75.7680500000000       5.834911742663706E-007
   75.8912000000000       5.793231745432337E-007
   76.0144500000000       5.753729264146301E-007
   76.1378000000000       5.716357300844521E-007
   76.2612500000000       5.681067054563727E-007
   76.3848000000000       5.647808034581203E-007
   76.5084500000000       5.616528129248621E-007
   76.6322000000000       5.587173719234784E-007
   76.7560500000000       5.559689770784360E-007
   76.8800000000000       5.534019935637957E-007
   77.0040500000000       5.510106642070411E-007
   77.1282000000000       5.487891201472195E-007
   77.2524500000000       5.467313901608151E-007
   77.3768000000000       5.448314117639796E-007
   77.5012500000000       5.430830396502273E-007
   77.6258000000000       5.414800570147094E-007
   77.7504500000000       5.400161839919093E-007
   77.8752000000000       5.386850894240069E-007
   78.0000500000000       5.374803986324395E-007
   78.1250000000000       5.363957045201317E-007
   78.2500500000000       5.354245762312360E-007
   78.3752000000000       5.345605693651834E-007
   78.5004500000000       5.337972346364239E-007
   78.6258000000000       5.331281276443889E-007
   78.7512500000000       5.325468170891412E-007
   78.8768000000000       5.320468943192935E-007
   79.0024500000000       5.316219819917478E-007
   79.1282000000000       5.312657418432565E-007
   79.2540500000000       5.309718831281174E-007
   79.3800000000000       5.307341714999581E-007
   79.5060500000000       5.305464352289846E-007
   79.6322000000000       5.304025743058105E-007
   79.7584500000000       5.302965666587056E-007
   79.8848000000000       5.302224757031127E-007
   80.0112500000000       5.301744567809408E-007
   80.1378000000000       5.301467644880375E-007
   80.2644500000000       5.301337577812149E-007
   80.3912000000000       5.301299061954978E-007
   80.5180500000000       5.301297969495522E-007
   80.6450000000000       5.301281380543088E-007
   80.7720500000000       5.301197649743017E-007
   80.8992000000000       5.300996466228725E-007
   81.0264500000000       5.300628864723933E-007
   81.1538000000000       5.300047303258282E-007
   81.2812500000000       5.299205678710450E-007
   81.4088000000000       5.298059382319309E-007
   81.5364500000000       5.296565324108826E-007
   81.6642000000000       5.294681963974313E-007
   81.7920500000000       5.292369351650450E-007
   81.9200000000000       5.289589133372630E-007
   82.0480500000000       5.286304594065427E-007
   82.1762000000000       5.282480670665279E-007
   82.3044500000000       5.278083972104497E-007
   82.4328000000000       5.273082788193051E-007
   82.5612500000000       5.267447111823031E-007
   82.6898000000000       5.261148645629987E-007
   82.8184500000000       5.254160810874708E-007
   82.9472000000000       5.246458747443228E-007
   83.0760500000000       5.238019320508158E-007
   83.2050000000000       5.228821127190031E-007
   83.3340500000000       5.218844487675511E-007
   83.4632000000000       5.208071440776507E-007
   83.5924500000000       5.196485741709722E-007
   83.7218000000000       5.184072850994426E-007
   83.8512500000000       5.170819923350223E-007
   83.9808000000000       5.156715801035716E-007
   84.1104500000000       5.141750989423599E-007
   84.2402000000000       5.125917648118872E-007
   84.3700500000000       5.109209568754380E-007
   84.5000000000000       5.091622152786357E-007
   84.6300500000000       5.073152395951297E-007
   84.7602000000000       5.053798852738822E-007
   84.8904500000000       5.033561627509897E-007
   85.0208000000000       5.012442323426569E-007
   85.1512500000000       4.990444033570185E-007
   85.2818000000000       4.967571305414253E-007
   85.4124500000000       4.943830098635971E-007
   85.5432000000000       4.919227760691314E-007
   85.6740500000000       4.893772993508350E-007
   85.8050000000000       4.867475806857868E-007
   85.9360500000000       4.840347493928476E-007
   86.0672000000000       4.812400573594999E-007
   86.1984500000000       4.783648774875360E-007
   86.3298000000000       4.754106976978534E-007
   86.4612500000000       4.723791173777414E-007
   86.5928000000000       4.692718433840781E-007
   86.7244500000000       4.660906851583491E-007
   86.8562000000000       4.628375505077997E-007
   86.9880500000000       4.595144413865881E-007
   87.1200000000000       4.561234487887589E-007
   87.2520500000000       4.526667487514402E-007
   87.3842000000000       4.491465974698627E-007
   87.5164500000000       4.455653261903336E-007
   87.6488000000000       4.419253372134335E-007
   87.7812500000000       4.382290990090354E-007
   87.9138000000000       4.344791413313231E-007
   88.0464500000000       4.306780498897211E-007
   88.1792000000000       4.268284634623143E-007
   88.3120500000000       4.229330672345100E-007
   88.4450000000000       4.189945890242797E-007
   88.5780500000000       4.150157948412669E-007
   88.7112000000000       4.109994835577169E-007
   88.8444500000000       4.069484826896286E-007
   88.9778000000000       4.028656443999523E-007
   89.1112500000000       3.987538406136082E-007
   89.2448000000000       3.946159574663710E-007
   89.3784500000000       3.904548935285135E-007
   89.5122000000000       3.862735531434680E-007
   89.6460500000000       3.820748433192023E-007
   89.7800000000000       3.778616695093717E-007
   89.9140500000000       3.736369318385613E-007
   90.0482000000000       3.694035204393487E-007
   90.1824500000000       3.651643121216352E-007
   90.3168000000000       3.609221665978879E-007
   90.4512500000000       3.566799231524698E-007
   90.5858000000000       3.524403959787037E-007
   90.7204500000000       3.482063719584261E-007
   90.8552000000000       3.439806071092733E-007
   90.9900500000000       3.397658230319678E-007
   91.1250000000000       3.355647033576048E-007
   91.2600500000000       3.313798921933397E-007
   91.3952000000000       3.272139892374071E-007
   91.5304500000000       3.230695491129865E-007
   91.6658000000000       3.189490771493553E-007
   91.8012500000000       3.148550276055317E-007
   91.9368000000000       3.107898012277843E-007
   92.0724500000000       3.067557428071410E-007
   92.2082000000000       3.027551380707649E-007
   92.3440500000000       2.987902134599096E-007
   92.4800000000000       2.948631327992501E-007
   92.6160500000000       2.909759957425706E-007
   92.7522000000000       2.871308362184521E-007
   92.8884500000000       2.833296204318714E-007
   93.0248000000000       2.795742457539774E-007
   93.1612500000000       2.758665391677795E-007
   93.2978000000000       2.722082557138350E-007
   93.4344500000000       2.686010778241155E-007
   93.5712000000000       2.650466133236051E-007
   93.7080500000000       2.615463954303010E-007
   93.8450000000000       2.581018814229452E-007
   93.9820500000000       2.547144519748912E-007
   94.1192000000000       2.513854100438806E-007
   94.2564500000000       2.481159806499988E-007
   94.3938000000000       2.449073106536304E-007
   94.5312500000000       2.417604680893248E-007
   94.6688000000000       2.386764412776188E-007
   94.8064500000000       2.356561399352586E-007
   94.9442000000000       2.327003936208882E-007
   95.0820500000000       2.298099532893616E-007
   95.2200000000000       2.269854895153856E-007
   95.3580500000000       2.242275949360106E-007
   95.4962000000000       2.215367820301850E-007
   95.6344500000000       2.189134855612451E-007
   95.7728000000000       2.163580619107819E-007
   95.9112500000000       2.138707893006853E-007
   96.0498000000000       2.114518697915457E-007
   96.1884500000000       2.091014286165205E-007
   96.3272000000000       2.068195159576902E-007
   96.4660500000000       2.046061067240146E-007
   96.6050000000000       2.024611023276890E-007
   96.7440500000000       2.003843320164123E-007
   96.8832000000000       1.983755522072528E-007
   97.0224500000000       1.964344498173176E-007
   97.1618000000000       1.945606424857971E-007
   97.3012500000000       1.927536796841878E-007
   97.4408000000000       1.910130440485602E-007
   97.5804500000000       1.893381538220495E-007
   97.7202000000000       1.877283635209892E-007
   97.8600500000000       1.861829652671787E-007
   98.0000000000000       1.847011912303742E-007
   98.1400500000000       1.832822151826008E-007
   98.2802000000000       1.819251533863309E-007
   98.4204500000000       1.806290674810640E-007
   98.5608000000000       1.793929662596838E-007
   98.7012500000000       1.782158063345918E-007
   98.8418000000000       1.770964959124655E-007
   98.9824500000000       1.760338956824370E-007
   99.1232000000000       1.750268208144945E-007
   99.2640500000000       1.740740434019727E-007
   99.4050000000000       1.731742949040438E-007
   99.5460500000000       1.723262674779846E-007
   99.6872000000000       1.715286166437124E-007
   99.8284500000000       1.707799630601414E-007
   99.9698000000000       1.700788960778965E-007
   100.111250000000       1.694239741834025E-007
   100.252800000000       1.688137281075086E-007
   100.394450000000       1.682466628238899E-007
   100.536200000000       1.677212608797163E-007
   100.678050000000       1.672359828397418E-007
   100.820000000000       1.667892703949292E-007
   100.962050000000       1.663795494710740E-007
   101.104200000000       1.660052311169835E-007
   101.246450000000       1.656647141690115E-007
   101.388800000000       1.653563879155939E-007
   101.531250000000       1.650786332074716E-007
   101.673800000000       1.648298264544934E-007
   101.816450000000       1.646083396256159E-007
   101.959200000000       1.644125435795729E-007
   102.102050000000       1.642408096191872E-007
   102.245000000000       1.640915121559061E-007
   102.388050000000       1.639630298200245E-007
   102.531200000000       1.638537481252200E-007
   102.674450000000       1.637620610228652E-007
   102.817800000000       1.636863724563398E-007
   102.961250000000       1.636250983594323E-007
   103.104800000000       1.635766686547413E-007
   103.248450000000       1.635395288079877E-007
   103.392200000000       1.635121409382378E-007
   103.536050000000       1.634929855942602E-007
   103.680000000000       1.634805644190607E-007
   103.824050000000       1.634733992617043E-007
   103.968200000000       1.634700359520735E-007
   104.112450000000       1.634690431906449E-007
   104.256800000000       1.634690163232477E-007
   104.401250000000       1.634685768969746E-007
   104.545800000000       1.634663733263153E-007
   104.690450000000       1.634610842238260E-007
   104.835200000000       1.634514168458168E-007
   104.980050000000       1.634361097568870E-007
   105.125000000000       1.634139330519702E-007
   105.270050000000       1.633836892445117E-007
   105.415200000000       1.633442139326036E-007
   105.560450000000       1.632943764651174E-007
   105.705800000000       1.632330817180616E-007
   105.851250000000       1.631592692064032E-007
   105.996800000000       1.630719139722459E-007
   106.142450000000       1.629700279170976E-007
   106.288200000000       1.628526598018709E-007
   106.434050000000       1.627188954689274E-007
   106.580000000000       1.625678585082113E-007
   106.726050000000       1.623987107013392E-007
   106.872200000000       1.622106522436439E-007
   107.018450000000       1.620029219662200E-007
   107.164800000000       1.617747984461460E-007
   107.311250000000       1.615255986742170E-007
   107.457800000000       1.612546789431235E-007
   107.604450000000       1.609614359576739E-007
   107.751200000000       1.606453057245716E-007
   107.898050000000       1.603057644405936E-007
   108.045000000000       1.599423282705459E-007
   108.192050000000       1.595545535693077E-007
   108.339200000000       1.591420368818319E-007
   108.486450000000       1.587044149431449E-007
   108.633800000000       1.582413646783465E-007
   108.781250000000       1.577526036466992E-007
   108.928800000000       1.572378893754944E-007
   109.076450000000       1.566970200261864E-007
   109.224200000000       1.561298332841687E-007
   109.372050000000       1.555362070249089E-007
   109.520000000000       1.549160595359922E-007
   109.668050000000       1.542693486289437E-007
   109.816200000000       1.535960718612728E-007
   109.964450000000       1.528962656482946E-007
   110.112800000000       1.521700068174425E-007
   110.261250000000       1.514174099437327E-007
   110.409800000000       1.506386286820316E-007
   110.558450000000       1.498338557670564E-007
   110.707200000000       1.490033207929287E-007
   110.856050000000       1.481472917674864E-007
   111.005000000000       1.472660740020615E-007
   111.154050000000       1.463600087792116E-007
   111.303200000000       1.454294742408990E-007
   111.452450000000       1.444748838341781E-007
   111.601800000000       1.434966865332399E-007
   111.751250000000       1.424953657291894E-007
   111.900800000000       1.414714376757331E-007
   112.050450000000       1.404254525994020E-007
   112.200200000000       1.393579922570609E-007
   112.350050000000       1.382696703799979E-007
   112.500000000000       1.371611308975673E-007
   112.650050000000       1.360330470490112E-007
   112.800200000000       1.348861209393704E-007
   112.950450000000       1.337210819851720E-007
   113.100800000000       1.325386860262512E-007
   113.251250000000       1.313397142155281E-007
   113.401800000000       1.301249716867403E-007
   113.552450000000       1.288952866662640E-007
   113.703200000000       1.276515082526686E-007
   113.854050000000       1.263945066387606E-007
   114.005000000000       1.251251700029599E-007
   114.156050000000       1.238444040652098E-007
   114.307200000000       1.225531314208439E-007
   114.458450000000       1.212522877658273E-007
   114.609800000000       1.199428223408461E-007
   114.761250000000       1.186256959329057E-007
   114.912800000000       1.173018788769298E-007
   115.064450000000       1.159723495014475E-007
   115.216200000000       1.146380930183710E-007
   115.368050000000       1.133000995245936E-007
   115.520000000000       1.119593622256332E-007
   115.672050000000       1.106168756592751E-007
   115.824200000000       1.092736350294388E-007
   115.976450000000       1.079306333195973E-007
   116.128800000000       1.065888599605103E-007
   116.281250000000       1.052492997200005E-007
   116.433800000000       1.039129304825082E-007
   116.586450000000       1.025807225829567E-007
   116.739200000000       1.012536352540394E-007
   116.892050000000       9.993261707030854E-008
   117.045000000000       9.861860350568463E-008
   117.198050000000       9.731251560118892E-008
   117.351200000000       9.601525841063108E-008
   117.504450000000       9.472771989038620E-008
   117.657800000000       9.345076890099335E-008
   117.811250000000       9.218525431897717E-008
   117.964800000000       9.093200437071403E-008
   118.118450000000       8.969182418994137E-008
   118.272200000000       8.846549492957934E-008
   118.426050000000       8.725377398377532E-008
   118.580000000000       8.605739165723492E-008
   118.734050000000       8.487705249748956E-008
   118.888200000000       8.371343285240584E-008
   119.042450000000       8.256718064814095E-008
   119.196800000000       8.143891472300879E-008
   119.351250000000       8.032922349521243E-008
   119.505800000000       7.923866496284404E-008
   119.660450000000       7.816776625979571E-008
   119.815200000000       7.711702232349182E-008
   119.970050000000       7.608689611693364E-008
   120.125000000000       7.507781818461012E-008
   120.280050000000       7.409018598636408E-008
   120.435200000000       7.312436500761521E-008
   120.590450000000       7.218068676095868E-008
   120.745800000000       7.125944945229890E-008
   120.901250000000       7.036091842493875E-008
   121.056800000000       6.948532615957959E-008
   121.212450000000       6.863287138614282E-008
   121.368200000000       6.780372041603755E-008
   121.524050000000       6.699800603193751E-008
   121.680000000000       6.621582970822715E-008
   121.836050000000       6.545726072282321E-008
   121.992200000000       6.472233549104089E-008
   122.148450000000       6.401106023012915E-008
   122.304800000000       6.332341007109221E-008
   122.461250000000       6.265932950277886E-008
   122.617800000000       6.201873370415001E-008
   122.774450000000       6.140150810018952E-008
   122.931200000000       6.080751036030563E-008
   123.088050000000       6.023656951015255E-008
   123.245000000000       5.968848770798729E-008
   123.402050000000       5.916304091080349E-008
   123.559200000000       5.865997865228678E-008
   123.716450000000       5.817902604121628E-008
   123.873800000000       5.771988398350913E-008
   124.031250000000       5.728222962630980E-008
   124.188800000000       5.686571813434682E-008
   124.346450000000       5.646998268993286E-008
   124.504200000000       5.609463582523233E-008
   124.662050000000       5.573926986635058E-008
   124.820000000000       5.540345848764616E-008
   124.978050000000       5.508675671173080E-008
   125.136200000000       5.478870290787086E-008
   125.294450000000       5.450881879198732E-008
   125.452800000000       5.424661075892345E-008
   125.611250000000       5.400157054857857E-008
   125.769800000000       5.377317702226492E-008
   125.928450000000       5.356089549657383E-008
   126.087200000000       5.336418018586642E-008
   126.246050000000       5.318247442431812E-008
   126.405000000000       5.301521199818637E-008
   126.564050000000       5.286181758989983E-008
   126.723200000000       5.272170811032595E-008
   126.882450000000       5.259429314286024E-008
   127.041800000000       5.247897671978308E-008
   127.201250000000       5.237515710021512E-008
   127.360800000000       5.228222921260794E-008
   127.520450000000       5.219958398861024E-008
   127.680200000000       5.212660991738005E-008
   127.840050000000       5.206269393376317E-008
   128.000000000000       5.200722297260540E-008
   128.160050000000       5.195958374670795E-008
   128.320200000000       5.191916430113963E-008
   128.480450000000       5.188535423528151E-008
   128.640800000000       5.185754647918372E-008
   128.801250000000       5.183513684947627E-008
   128.961800000000       5.181752649185967E-008
   129.122450000000       5.180412121497113E-008
   129.283200000000       5.179433326674143E-008
   129.444050000000       5.178758155643948E-008
   129.605000000000       5.178329209876154E-008
   129.766050000000       5.178090001223268E-008
   129.927200000000       5.177984840898375E-008
   130.088450000000       5.177959083724204E-008
   130.249800000000       5.177959083724204E-008
   130.411250000000       5.177932282940390E-008
   130.572800000000       5.177827322455641E-008
   130.734450000000       5.177593997984786E-008
   130.896200000000       5.177183437510280E-008
   131.058050000000       5.176548034668826E-008
   131.220000000000       5.175641626387062E-008
   131.382050000000       5.174419448472634E-008
   131.544200000000       5.172838180023120E-008
   131.706450000000       5.170856010039415E-008
   131.868800000000       5.168432770652487E-008
   132.031250000000       5.165529803896618E-008
   132.193800000000       5.162110072731707E-008
   132.356450000000       5.158138183247729E-008
   132.519200000000       5.153580495687038E-008
   132.682050000000       5.148405035626524E-008
   132.845000000000       5.142581516182076E-008
   133.008050000000       5.136081382417501E-008
   133.171200000000       5.128877966775747E-008
   133.334450000000       5.120946244829838E-008
   133.497800000000       5.112263035123021E-008
   133.661250000000       5.102806888146461E-008
   133.824800000000       5.092558175157080E-008
   133.988450000000       5.081499043768645E-008
   134.152200000000       5.069613440156218E-008
   134.316050000000       5.056887064647242E-008
   134.480000000000       5.043307371721539E-008
   134.644050000000       5.028863636624692E-008
   134.808200000000       5.013546777732358E-008
   134.972450000000       4.997349534185958E-008
   135.136800000000       4.980266332665906E-008
   135.301250000000       4.962293242982696E-008
   135.465800000000       4.943428000281358E-008
   135.630450000000       4.923670027245919E-008
   135.795200000000       4.903020300872640E-008
   135.960050000000       4.881481441287860E-008
   136.125000000000       4.859057511907849E-008
   136.290050000000       4.835754197074493E-008
   136.455200000000       4.811578580010689E-008
   136.620450000000       4.786539253842648E-008
   136.785800000000       4.760646143964209E-008
   136.951250000000       4.733910552445764E-008
   137.116800000000       4.706345202443174E-008
   137.282450000000       4.677964038357629E-008
   137.448200000000       4.648782159222264E-008
   137.614050000000       4.618815974133383E-008
   137.780000000000       4.588083002410315E-008
   137.946050000000       4.556601851390951E-008
   138.112200000000       4.524392260840671E-008
   138.278450000000       4.491474925316652E-008
   138.444800000000       4.457871449758954E-008
   138.611250000000       4.423604438308359E-008
   138.777800000000       4.388697361079608E-008
   138.944450000000       4.353174465343557E-008
   139.111200000000       4.317060819936103E-008
   139.278050000000       4.280382182031417E-008
   139.445000000000       4.243164930528565E-008
   139.612050000000       4.205436177073807E-008
   139.779200000000       4.167223544015997E-008
   139.946450000000       4.128555186611038E-008
   140.113800000000       4.089459681999585E-008
   140.281250000000       4.049966140229344E-008
   140.448800000000       4.010103893392625E-008
   140.616450000000       3.969902739875408E-008
   140.784200000000       3.929392633494899E-008
   140.952050000000       3.888603883339670E-008
   141.120000000000       3.847566798498292E-008
   141.288050000000       3.806311954512864E-008
   141.456200000000       3.764869971334406E-008
   141.624450000000       3.723271491118396E-008
   141.792800000000       3.681547089406934E-008
   141.961250000000       3.639727408355498E-008
   142.129800000000       3.597842845870503E-008
   142.298450000000       3.555923755449442E-008
   142.467200000000       3.514000246340743E-008
   142.636050000000       3.472102161339308E-008
   142.805000000000       3.430259098990973E-008
   142.974050000000       3.388500346979129E-008
   143.143200000000       3.346854859920256E-008
   143.312450000000       3.305351148341629E-008
   143.481800000000       3.264017278681308E-008
   143.651250000000       3.222880873288148E-008
   143.820800000000       3.181969110421790E-008
   143.990450000000       3.141308524412523E-008
   144.160200000000       3.100925161092505E-008
   144.330050000000       3.060844444569000E-008
   144.500000000000       3.021091177224378E-008
   144.670050000000       2.981689495307194E-008
   144.840200000000       2.942662868932189E-008
   145.010450000000       2.904034079875828E-008
   145.180800000000       2.865825221576301E-008
   145.351250000000       2.828057565906761E-008
   145.521800000000       2.790751674197622E-008
   145.692450000000       2.753927352827645E-008
   145.863200000000       2.717603586610551E-008
   146.034050000000       2.681798560999482E-008
   146.205000000000       2.646529662087005E-008
   146.376050000000       2.611813454400647E-008
   146.547200000000       2.577665636493975E-008
   146.718450000000       2.544101129764442E-008
   146.889800000000       2.511133900817697E-008
   147.061250000000       2.478777183512193E-008
   147.232800000000       2.447043345732425E-008
   147.404450000000       2.415943822775546E-008
   147.576200000000       2.385489250578132E-008
   147.748050000000       2.355689421307261E-008
   147.920000000000       2.326553261156050E-008
   148.092050000000       2.298088874752580E-008
   148.264200000000       2.270303478546509E-008
   148.436450000000       2.243203467422461E-008
   148.608800000000       2.216794459108939E-008
   148.781250000000       2.191081160951569E-008
   148.953800000000       2.166067525344317E-008
   149.126450000000       2.141756705320574E-008
   149.299200000000       2.118150943530850E-008
   149.472050000000       2.095251816491839E-008
   149.645000000000       2.073060034746277E-008
   149.818050000000       2.051575598294164E-008
   149.991200000000       2.030797707774923E-008
   150.164450000000       2.010724808876319E-008
   150.337800000000       1.991354592334460E-008
   150.511250000000       1.972684082751641E-008
   150.684800000000       1.954709460960657E-008
   150.858450000000       1.937426308273871E-008
   151.032200000000       1.920829428847526E-008
   151.206050000000       1.904912982908513E-008
   151.380000000000       1.889670375732067E-008
   151.554050000000       1.875094435277447E-008
   151.728200000000       1.861177256756719E-008
   151.902450000000       1.847910335861513E-008
   152.076800000000       1.835284457740727E-008
   152.251250000000       1.823289830227282E-008
   152.425800000000       1.811916039429207E-008
   152.600450000000       1.801152071934098E-008
   152.775200000000       1.790986270400197E-008
   152.950050000000       1.781406377965311E-008
   153.125000000000       1.772399649269119E-008
   153.300050000000       1.763952650613021E-008
   153.475200000000       1.756051570822592E-008
   153.650450000000       1.748681888180670E-008
   153.825800000000       1.741828659085343E-008
   154.001250000000       1.735476362618726E-008
   154.176800000000       1.729608989364806E-008
   154.352450000000       1.724210063613896E-008
   154.528200000000       1.719262665567101E-008
   154.704050000000       1.714749409131855E-008
   154.880000000000       1.710652353104081E-008
   155.056050000000       1.706953312030635E-008
   155.232200000000       1.703633589755782E-008
   155.408450000000       1.700674134852420E-008
   155.584800000000       1.698055607235460E-008
   155.761250000000       1.695758200526143E-008
   155.937800000000       1.693761886301104E-008
   156.114450000000       1.692046280865611E-008
   156.291200000000       1.690590800684788E-008
   156.468050000000       1.689374573565772E-008
   156.645000000000       1.688376527475555E-008
   156.822050000000       1.687575390540985E-008
   156.999200000000       1.686949757662148E-008
   157.176450000000       1.686478068307906E-008
   157.353800000000       1.686138673129278E-008
   157.531250000000       1.685909833959442E-008
   157.708800000000       1.685769812631577E-008
   157.886450000000       1.685696870978859E-008
   158.064200000000       1.685669293038927E-008
   158.242050000000       1.685665429462802E-008
   158.420000000000       1.685663719719344E-008
   158.598050000000       1.685642758708639E-008
   158.776200000000       1.685581318966456E-008
   158.954450000000       1.685458395073169E-008
   159.132800000000       1.685253203653758E-008
   159.311250000000       1.684945272195648E-008
   159.489800000000       1.684514439048712E-008
   159.668450000000       1.683940853425270E-008
   159.847200000000       1.683205175240232E-008
   160.026050000000       1.682288353066497E-008
   160.205000000000       1.681171912792934E-008
   160.384050000000       1.679837846602084E-008
   160.563200000000       1.678268657379078E-008
   160.742450000000       1.676447425325023E-008
   160.921800000000       1.674357852365915E-008
   161.101250000000       1.671984262152648E-008
   161.280800000000       1.669311622265468E-008
   161.460450000000       1.666325588622897E-008
   161.640200000000       1.663012549890652E-008
   161.820050000000       1.659359671890570E-008
   162.000000000000       1.655354830987221E-008
   162.180050000000       1.650986702905755E-008
   162.360200000000       1.646244807140818E-008
   162.540450000000       1.641119462547636E-008
   162.720800000000       1.635601853955393E-008
   162.901250000000       1.629683987758312E-008
   163.081800000000       1.623358780733497E-008
   163.262450000000       1.616620060040930E-008
   163.443200000000       1.609462496610092E-008
   163.624050000000       1.601881671753347E-008
   163.805000000000       1.593874099370396E-008
   163.986050000000       1.585437181539362E-008
   164.167200000000       1.576569252925708E-008
   164.348450000000       1.567269536373317E-008
   164.529800000000       1.557538187313412E-008
   164.711250000000       1.547376227151176E-008
   164.892800000000       1.536785565470211E-008
   165.074450000000       1.525769044441461E-008
   165.256200000000       1.514330305596445E-008
   165.438050000000       1.502473900849566E-008
   165.620000000000       1.490205225884722E-008
   165.802050000000       1.477530453541931E-008
   165.984200000000       1.464456578226248E-008
   166.166450000000       1.450991371498844E-008
   166.348800000000       1.437143382077011E-008
   166.531250000000       1.422921891425233E-008
   166.713800000000       1.408336869346272E-008
   166.896450000000       1.393398951776703E-008
   167.079200000000       1.378119485195839E-008
   167.262050000000       1.362510393398964E-008
   167.445000000000       1.346584177497334E-008
   167.628050000000       1.330353915918181E-008
   167.811200000000       1.313833264404707E-008
   167.994450000000       1.297036300584864E-008
   168.177800000000       1.279977568380275E-008
   168.361250000000       1.262672033597312E-008
   168.544800000000       1.245135061722635E-008
   168.728450000000       1.227382373514274E-008
   168.912200000000       1.209429978388243E-008
   169.096050000000       1.191294174418545E-008
   169.280000000000       1.172991503928245E-008
   169.464050000000       1.154538664671634E-008
   169.648200000000       1.135952554243147E-008
   169.832450000000       1.117250159055061E-008
   170.016800000000       1.098448643155336E-008
   170.201250000000       1.079565148387474E-008
   170.385800000000       1.060616772186052E-008
   170.570450000000       1.041620700803492E-008
   170.755200000000       1.022593965060992E-008
   170.940050000000       1.003553595779749E-008
   171.125000000000       9.845164017363572E-009
   171.310050000000       9.654991250940270E-009
   171.495200000000       9.465182415624440E-009
   171.680450000000       9.275900270111492E-009
   171.865800000000       9.087304908561578E-009
   172.051250000000       8.899553760599588E-009
   172.236800000000       8.712800703136736E-009
   172.422450000000       8.527196726504371E-009
   172.608200000000       8.342888380141744E-009
   172.794050000000       8.160019104863636E-009
   172.980000000000       7.978727900592730E-009
   173.166050000000       7.799149104315006E-009
   173.352200000000       7.621412834168950E-009
   173.538450000000       7.445644323311740E-009
   173.724800000000       7.271963475830034E-009
   173.911250000000       7.100486199007605E-009
   174.097800000000       6.931321738790075E-009
   174.284450000000       6.764574900230969E-009
   174.471200000000       6.600345159313292E-009
   174.658050000000       6.438725996815720E-009
   174.845000000000       6.279804898312591E-009
   175.032050000000       6.123664686441543E-009
   175.219200000000       5.970381966591276E-009
   175.406450000000       5.820027348946155E-009
   175.593800000000       5.672666114620029E-009
   175.781250000000       5.528357549522411E-009
   175.968800000000       5.387155388447695E-009
   176.156450000000       5.249107593030544E-009
   176.344200000000       5.114256795835104E-009
   176.532050000000       4.982639190131977E-009
   176.720000000000       4.854286750344272E-009
   176.908050000000       4.729225011601557E-009
   177.096200000000       4.607475068141298E-009
   177.284450000000       4.489052241041236E-009
   177.472800000000       4.373966966397802E-009
   177.661250000000       4.262224573281514E-009
   177.849800000000       4.153826171915398E-009
   178.038450000000       4.048767987541169E-009
   178.227200000000       3.947041582463839E-009
   178.416050000000       3.848634300140930E-009
   178.605000000000       3.753529265182465E-009
   178.794050000000       3.661706049484792E-009
   178.983200000000       3.573140228141369E-009
   179.172450000000       3.487803379442767E-009
   179.361800000000       3.405663973055084E-009
   179.551250000000       3.326687592064559E-009
   179.740800000000       3.250835378665329E-009
   179.930450000000       3.178067142783902E-009
   180.120200000000       3.108338919588505E-009
   180.310050000000       3.041604523801311E-009
   180.500000000000       2.977815327653843E-009
   180.690050000000       2.916920260886968E-009
   180.880200000000       2.858866032795504E-009
   181.070450000000       2.803598020406639E-009
   181.260800000000       2.751058936212303E-009
   181.451250000000       2.701190382481400E-009
   181.641800000000       2.653931963081391E-009
   181.832450000000       2.609222393701316E-009
   182.023200000000       2.566998613673377E-009
   182.214050000000       2.527196674151355E-009
   182.405000000000       2.489750627887588E-009
   182.596050000000       2.454595193768228E-009
   182.787200000000       2.421662204099562E-009
   182.978450000000       2.390883935277088E-009
   183.169800000000       2.362191997562491E-009
   183.361250000000       2.335516002816007E-009
   183.552800000000       2.310786229031692E-009
   183.744450000000       2.287932066025178E-009
   183.936200000000       2.266881571344470E-009
   184.128050000000       2.247563468671387E-009
   184.320000000000       2.229905149420119E-009
   184.512050000000       2.213834227049460E-009
   184.704200000000       2.199277426839785E-009
   184.896450000000       2.186161474071469E-009
   185.088800000000       2.174412427891070E-009
   185.281250000000       2.163956347445151E-009
   185.473800000000       2.154718625746455E-009
   185.666450000000       2.146624655807727E-009
   185.859200000000       2.139599608597109E-009
   186.052050000000       2.133568655082740E-009
   186.245000000000       2.128456522143551E-009
   186.438050000000       2.124187048480053E-009
   186.631200000000       2.120684960971175E-009
   186.824450000000       2.117874764451244E-009
   187.017800000000       2.115680519665375E-009
   187.211250000000       2.114025399180264E-009
   187.404800000000       2.112834351919446E-009
   187.598450000000       2.112030772494222E-009
   187.792200000000       2.111538721649708E-009
   187.986050000000       2.111281816041810E-009
   188.180000000000       2.111184560504853E-009
   188.374050000000       2.111170571694743E-009
   188.568200000000       2.111164798535015E-009
   188.762450000000       2.111091523815389E-009
   188.956800000000       2.110875252370192E-009
   189.151250000000       2.110441377212169E-009
   189.345800000000       2.109715291354064E-009
   189.540450000000       2.108622831897833E-009
   189.735200000000       2.107090946168455E-009
   189.930050000000       2.105046359446305E-009
   190.125000000000       2.102417129279388E-009
   190.320050000000       2.099131313215707E-009
   190.515200000000       2.095118301070897E-009
   190.710450000000       2.090308148794406E-009
   190.905800000000       2.084631800514103E-009
   191.101250000000       2.078021532625485E-009
   191.296800000000       2.070410287657865E-009
   191.492450000000       2.061732340408184E-009
   191.688200000000       2.051922853851806E-009
   191.884050000000       2.040918989365537E-009
   192.080000000000       2.028658352415391E-009
   192.276050000000       2.015080990958040E-009
   192.472200000000       2.000127174994759E-009
   192.668450000000       1.983739839062082E-009
   192.864800000000       1.965862805874963E-009
   193.061250000000       1.946441674505195E-009
   193.257800000000       1.925423598336806E-009
   193.454450000000       1.902757729155269E-009
   193.651200000000       1.878394328969080E-009
   193.848050000000       1.852286546366599E-009
   194.045000000000       1.824387974025399E-009
   194.242050000000       1.794654869158308E-009
   194.439200000000       1.763045043290390E-009
   194.636450000000       1.729518084303550E-009
   194.833800000000       1.694035356436530E-009
   195.031250000000       1.656560222329517E-009
   195.228800000000       1.617057820979539E-009
   195.426450000000       1.575494845695857E-009
   195.624200000000       1.531839988189176E-009
   195.822050000000       1.486063716527042E-009
   196.020000000000       1.438138497178443E-009
   196.218050000000       1.388037906835393E-009
   196.416200000000       1.335737964680561E-009
   196.614450000000       1.281215800119639E-009
   196.812800000000       1.224450540959765E-009
   197.011250000000       1.165422647275705E-009
   197.209800000000       1.104114355499064E-009
   197.408450000000       1.040509678418289E-009
   197.607200000000       9.745937390448489E-010
   197.806050000000       9.063534367470538E-010
   198.005000000000       8.357774472500523E-010
   198.204050000000       7.628551124128080E-010
   198.403200000000       6.875782165849387E-010
   198.602450000000       6.099389882052719E-010
   198.801800000000       5.299316541140797E-010
   199.001250000000       4.475517734192636E-010
   199.200800000000       3.627957934071446E-010
   199.400450000000       2.756626038546983E-010
   199.600200000000       1.861513165835049E-010
   199.800050000000       9.426281977198414E-011
   200.000000000000       0.000000000000000E+000
