  0.0000000000E+00  0.0000000000E+00  0.0000000000E+00
  3.0000000000E-04 -1.8967995564E-14 -1.4665281739E-18
  1.2000000000E-03 -7.5846923912E-14 -2.3459209657E-17
  2.7000000000E-03 -1.7056164456E-13 -1.1871803862E-16
  4.8000000000E-03 -3.0298703846E-13 -3.7501208921E-16
  7.5000000000E-03 -4.7294818047E-13 -9.1494339651E-16
  1.0800000000E-02 -6.8022058040E-13 -1.8956728995E-15
  1.4700000000E-02 -9.2453049242E-13 -3.5085689550E-15
  1.9200000000E-02 -1.2055552922E-12 -5.9787790746E-15
  2.4300000000E-02 -1.5229239214E-12 -9.5647256796E-15
  3.0000000000E-02 -1.8762173985E-12 -1.4557526811E-14
  3.6300000000E-02 -2.2649693960E-12 -2.1280342869E-14
  4.3200000000E-02 -2.6886668821E-12 -3.0087650596E-14
  5.0700000000E-02 -3.1467508266E-12 -4.1364445651E-14
  5.8800000000E-02 -3.6386169700E-12 -5.5525375258E-14
  6.7500000000E-02 -4.1636166540E-12 -7.3013802542E-14
  7.6800000000E-02 -4.7210577136E-12 -9.4300804283E-14
  8.6700000000E-02 -5.3102054271E-12 -1.1988410397E-13
  9.7200000000E-02 -5.9302835255E-12 -1.5028694211E-13
  1.0830000000E-01 -6.5804752575E-12 -1.8605688593E-13
  1.2000000000E-01 -7.2599245097E-12 -2.2776458068E-13
  1.3230000000E-01 -7.9677369795E-12 -2.7600244480E-13
  1.4520000000E-01 -8.7029814009E-12 -3.3138331150E-13
  1.5870000000E-01 -9.4646908181E-12 -3.9453901917E-13
  1.7280000000E-01 -1.0251863909E-11 -4.6611895332E-13
  1.8750000000E-01 -1.1063466352E-11 -5.4678854275E-13
  2.0280000000E-01 -1.1898432241E-11 -6.3722771276E-13
  2.1870000000E-01 -1.2755665536E-11 -7.3812929826E-13
  2.3520000000E-01 -1.3634041560E-11 -8.5019741977E-13
  2.5230000000E-01 -1.4532408530E-11 -9.7414582542E-13
  2.7000000000E-01 -1.5449589122E-11 -1.1106962019E-12
  2.8830000000E-01 -1.6384382070E-11 -1.2605764576E-12
  3.0720000000E-01 -1.7335563802E-11 -1.4245189812E-12
  3.2670000000E-01 -1.8301890093E-11 -1.6032588792E-12
  3.4680000000E-01 -1.9282097750E-11 -1.7975321949E-12
  3.6750000000E-01 -2.0274906325E-11 -2.0080741129E-12
  3.8880000000E-01 -2.1279019837E-11 -2.2356171531E-12
  4.1070000000E-01 -2.2293128526E-11 -2.4808893553E-12
  4.3320000000E-01 -2.3315910614E-11 -2.7446124612E-12
  4.5630000000E-01 -2.4346034079E-11 -3.0275000934E-12
  4.8000000000E-01 -2.5382158448E-11 -3.3302559389E-12
  5.0430000000E-01 -2.6422936589E-11 -3.6535719365E-12
  5.2920000000E-01 -2.7467016516E-11 -3.9981264754E-12
  5.5470000000E-01 -2.8513043189E-11 -4.3645826047E-12
  5.8080000000E-01 -2.9559660324E-11 -4.7535862607E-12
  6.0750000000E-01 -3.0605512194E-11 -5.1657645127E-12
  6.3480000000E-01 -3.1649245429E-11 -5.6017238321E-12
  6.6270000000E-01 -3.2689510805E-11 -6.0620483876E-12
  6.9120000000E-01 -3.3724965026E-11 -6.5472983699E-12
  7.2030000000E-01 -3.4754272495E-11 -7.0580083494E-12
  7.5000000000E-01 -3.5776107070E-11 -7.5946856693E-12
  7.8030000000E-01 -3.6789153794E-11 -8.1578088781E-12
  8.1120000000E-01 -3.7792110622E-11 -8.7478262042E-12
  8.4270000000E-01 -3.8783690109E-11 -9.3651540752E-12
  8.7480000000E-01 -3.9762621086E-11 -1.0010175685E-11
  9.0750000000E-01 -4.0727650299E-11 -1.0683239614E-11
  9.4080000000E-01 -4.1677544029E-11 -1.1384658498E-11
  9.7470000000E-01 -4.2611089673E-11 -1.2114707757E-11
  1.0092000000E+00 -4.3527097295E-11 -1.2873624385E-11
  1.0443000000E+00 -4.4424401139E-11 -1.3661605793E-11
  1.0800000000E+00 -4.5301861109E-11 -1.4478808722E-11
  1.1163000000E+00 -4.6158364202E-11 -1.5325348225E-11
  1.1532000000E+00 -4.6992825906E-11 -1.6201296702E-11
  1.1907000000E+00 -4.7804191550E-11 -1.7106683026E-11
  1.2288000000E+00 -4.8591437615E-11 -1.8041491720E-11
  1.2675000000E+00 -4.9353572985E-11 -1.9005662224E-11
  1.3068000000E+00 -5.0089640166E-11 -1.9999088228E-11
  1.3467000000E+00 -5.0798716441E-11 -2.1021617083E-11
  1.3872000000E+00 -5.1479914980E-11 -2.2073049292E-11
  1.4283000000E+00 -5.2132385897E-11 -2.3153138079E-11
  1.4700000000E+00 -5.2755317245E-11 -2.4261589043E-11
  1.5123000000E+00 -5.3347935969E-11 -2.5398059880E-11
  1.5552000000E+00 -5.3909508784E-11 -2.6562160206E-11
  1.5987000000E+00 -5.4439343012E-11 -2.7753451448E-11
  1.6428000000E+00 -5.4936787350E-11 -2.8971446823E-11
  1.6875000000E+00 -5.5401232578E-11 -3.0215611404E-11
  1.7328000000E+00 -5.5832112213E-11 -3.1485362267E-11
  1.7787000000E+00 -5.6228903093E-11 -3.2780068722E-11
  1.8252000000E+00 -5.6591125905E-11 -3.4099052626E-11
  1.8723000000E+00 -5.6918345649E-11 -3.5441588787E-11
  1.9200000000E+00 -5.7210172035E-11 -3.6806905443E-11
  1.9683000000E+00 -5.7466259825E-11 -3.8194184830E-11
  2.0172000000E+00 -5.7686309099E-11 -3.9602563831E-11
  2.0667000000E+00 -5.7870065472E-11 -4.1031134703E-11
  2.1168000000E+00 -5.8017320233E-11 -4.2478945889E-11
  2.1675000000E+00 -5.8127910432E-11 -4.3945002911E-11
  2.2188000000E+00 -5.8201718892E-11 -4.5428269333E-11
  2.2707000000E+00 -5.8238674169E-11 -4.6927667812E-11
  2.3232000000E+00 -5.8238750441E-11 -4.8442081217E-11
  2.3763000000E+00 -5.8201967339E-11 -4.9970353823E-11
  2.4300000000E+00 -5.8128389708E-11 -5.1511292581E-11
  2.4843000000E+00 -5.8018127320E-11 -5.3063668456E-11
  2.5392000000E+00 -5.7871334511E-11 -5.4626217831E-11
  2.5947000000E+00 -5.7688209771E-11 -5.6197643980E-11
  2.6508000000E+00 -5.7468995266E-11 -5.7776618607E-11
  2.7075000000E+00 -5.7213976304E-11 -5.9361783444E-11
  2.7648000000E+00 -5.6923480748E-11 -6.0951751906E-11
  2.8227000000E+00 -5.6597878366E-11 -6.2545110808E-11
  2.8812000000E+00 -5.6237580132E-11 -6.4140422131E-11
  2.9403000000E+00 -5.5843037471E-11 -6.5736224845E-11
  3.0000000000E+00 -5.5414741449E-11 -6.7331036777E-11
  3.0603000000E+00 -5.4953221918E-11 -6.8923356520E-11
  3.1212000000E+00 -5.4459046608E-11 -7.0511665396E-11
  3.1827000000E+00 -5.3932820172E-11 -7.2094429448E-11
  3.2448000000E+00 -5.3375183182E-11 -7.3670101470E-11
  3.3075000000E+00 -5.2786811089E-11 -7.5237123079E-11
  3.3708000000E+00 -5.2168413126E-11 -7.6793926804E-11
  3.4347000000E+00 -5.1520731188E-11 -7.8338938210E-11
  3.4992000000E+00 -5.0844538658E-11 -7.9870578043E-11
  3.5643000000E+00 -5.0140639199E-11 -8.1387264390E-11
  3.6300000000E+00 -4.9409865522E-11 -8.2887414866E-11
  3.6963000000E+00 -4.8653078100E-11 -8.4369448803E-11
  3.7632000000E+00 -4.7871163874E-11 -8.5831789453E-11
  3.8307000000E+00 -4.7065034911E-11 -8.7272866195E-11
  3.8988000000E+00 -4.6235627045E-11 -8.8691116748E-11
  3.9675000000E+00 -4.5383898491E-11 -9.0084989375E-11
  4.0368000000E+00 -4.4510828436E-11 -9.1452945093E-11
  4.1067000000E+00 -4.3617415606E-11 -9.2793459860E-11
  4.1772000000E+00 -4.2704676822E-11 -9.4105026764E-11
  4.2483000000E+00 -4.1773645536E-11 -9.5386158187E-11
  4.3200000000E+00 -4.0825370349E-11 -9.6635387957E-11
  4.3923000000E+00 -3.9860913524E-11 -9.7851273466E-11
  4.4652000000E+00 -3.8881349484E-11 -9.9032397777E-11
  4.5387000000E+00 -3.7887763311E-11 -1.0017737169E-10
  4.6128000000E+00 -3.6881249229E-11 -1.0128483578E-10
  4.6875000000E+00 -3.5862909093E-11 -1.0235346239E-10
  4.7628000000E+00 -3.4833850871E-11 -1.0338195762E-10
  4.8387000000E+00 -3.3795187137E-11 -1.0436906321E-10
  4.9152000000E+00 -3.2748033555E-11 -1.0531355842E-10
  4.9923000000E+00 -3.1693507383E-11 -1.0621426189E-10
  5.0700000000E+00 -3.0632725974E-11 -1.0707003338E-10
  5.1483000000E+00 -2.9566805291E-11 -1.0787977547E-10
  5.2272000000E+00 -2.8496858440E-11 -1.0864243529E-10
  5.3067000000E+00 -2.7423994210E-11 -1.0935700604E-10
  5.3868000000E+00 -2.6349315632E-11 -1.1002252860E-10
  5.4675000000E+00 -2.5273918560E-11 -1.1063809294E-10
  5.5488000000E+00 -2.4198890267E-11 -1.1120283957E-10
  5.6307000000E+00 -2.3125308069E-11 -1.1171596087E-10
  5.7132000000E+00 -2.2054237967E-11 -1.1217670234E-10
  5.7963000000E+00 -2.0986733325E-11 -1.1258436381E-10
  5.8800000000E+00 -1.9923833563E-11 -1.1293830051E-10
  5.9643000000E+00 -1.8866562894E-11 -1.1323792418E-10
  6.0492000000E+00 -1.7815929079E-11 -1.1348270397E-10
  6.1347000000E+00 -1.6772922224E-11 -1.1367216733E-10
  6.2208000000E+00 -1.5738513609E-11 -1.1380590080E-10
  6.3075000000E+00 -1.4713654552E-11 -1.1388355076E-10
  6.3948000000E+00 -1.3699275310E-11 -1.1390482399E-10
  6.4827000000E+00 -1.2696284022E-11 -1.1386948827E-10
  6.5712000000E+00 -1.1705565686E-11 -1.1377737280E-10
  6.6603000000E+00 -1.0727981189E-11 -1.1362836857E-10
  6.7500000000E+00 -9.7643663603E-12 -1.1342242865E-10
  6.8403000000E+00 -8.8155310904E-12 -1.1315956838E-10
  6.9312000000E+00 -7.8822584762E-12 -1.1283986544E-10
  7.0227000000E+00 -6.9653040222E-12 -1.1246345992E-10
  7.1148000000E+00 -6.0653948833E-12 -1.1203055417E-10
  7.2075000000E+00 -5.1832291565E-12 -1.1154141272E-10
  7.3008000000E+00 -4.3194752192E-12 -1.1099636195E-10
  7.3947000000E+00 -3.4747711166E-12 -1.1039578979E-10
  7.4892000000E+00 -2.6497239970E-12 -1.0974014527E-10
  7.5843000000E+00 -1.8449095973E-12 -1.0902993803E-10
  7.6800000000E+00 -1.0608717774E-12 -1.0826573769E-10
  7.7763000000E+00 -2.9812210508E-13 -1.0744817318E-10
  7.8732000000E+00  4.4286050944E-13 -1.0657793195E-10
  7.9707000000E+00  1.1616301284E-12 -1.0565575916E-10
  8.0688000000E+00  1.8577740510E-12 -1.0468245667E-10
  8.1675000000E+00  2.5309130280E-12 -1.0365888211E-10
  8.2668000000E+00  3.1807014258E-12 -1.0258594772E-10
  8.3667000000E+00  3.8068273401E-12 -1.0146461921E-10
  8.4672000000E+00  4.4090126609E-12 -1.0029591452E-10
  8.5683000000E+00  4.9870130868E-12 -9.9080902492E-11
  8.6700000000E+00  5.5406180911E-12 -9.7820701472E-11
  8.7723000000E+00  6.0696508389E-12 -9.6516477879E-11
  8.8752000000E+00  6.5739680565E-12 -9.5169444666E-11
  8.9787000000E+00  7.0534598530E-12 -9.3780859737E-11
  9.0828000000E+00  7.5080494955E-12 -9.2352024304E-11
  9.1875000000E+00  7.9376931381E-12 -9.0884281174E-11
  9.2928000000E+00  8.3423795062E-12 -8.9379012996E-11
  9.3987000000E+00  8.7221295356E-12 -8.7837640439E-11
  9.5052000000E+00  9.0769959695E-12 -8.6261620331E-11
  9.6123000000E+00  9.4070629119E-12 -8.4652443746E-11
  9.7200000000E+00  9.7124453411E-12 -8.3011634045E-11
  9.8283000000E+00  9.9932885818E-12 -8.1340744878E-11
  9.9372000000E+00  1.0249767739E-11 -7.9641358151E-11
  1.0046700000E+01  1.0482087093E-11 -7.7915081950E-11
  1.0156800000E+01  1.0690479462E-11 -7.6163548437E-11
  1.0267500000E+01  1.0875205522E-11 -7.4388411723E-11
  1.0378800000E+01  1.1036553099E-11 -7.2591345702E-11
  1.0490700000E+01  1.1174836431E-11 -7.0774041879E-11
  1.0603200000E+01  1.1290395387E-11 -6.8938207165E-11
  1.0716300000E+01  1.1383594672E-11 -6.7085561666E-11
  1.0830000000E+01  1.1454822995E-11 -6.5217836458E-11
  1.0944300000E+01  1.1504492209E-11 -6.3336771348E-11
  1.1059200000E+01  1.1533036434E-11 -6.1444112637E-11
  1.1174700000E+01  1.1540911147E-11 -5.9541610877E-11
  1.1290800000E+01  1.1528592263E-11 -5.7631018630E-11
  1.1407500000E+01  1.1496575180E-11 -5.5714088236E-11
  1.1524800000E+01  1.1445373821E-11 -5.3792569578E-11
  1.1642700000E+01  1.1375519650E-11 -5.1868207873E-11
  1.1761200000E+01  1.1287560675E-11 -4.9942741468E-11
  1.1880300000E+01  1.1182060439E-11 -4.8017899655E-11
  1.2000000000E+01  1.1059596998E-11 -4.6095400513E-11
  1.2120300000E+01  1.0920761893E-11 -4.4176948768E-11
  1.2241200000E+01  1.0766159106E-11 -4.2264233683E-11
  1.2362700000E+01  1.0596404017E-11 -4.0358926979E-11
  1.2484800000E+01  1.0412122352E-11 -3.8462680791E-11
  1.2607500000E+01  1.0213949131E-11 -3.6577125655E-11
  1.2730800000E+01  1.0002527612E-11 -3.4703868541E-11
  1.2854700000E+01  9.7785082321E-12 -3.2844490927E-11
  1.2979200000E+01  9.5425475615E-12 -3.1000546911E-11
  1.3104300000E+01  9.2953072481E-12 -2.9173561380E-11
  1.3230000000E+01  9.0374529746E-12 -2.7365028227E-11
  1.3356300000E+01  8.7696534209E-12 -2.5576408612E-11
  1.3483200000E+01  8.4925792337E-12 -2.3809129290E-11
  1.3610700000E+01  8.2069020063E-12 -2.2064580989E-11
  1.3738800000E+01  7.9132932703E-12 -2.0344116850E-11
  1.3867500000E+01  7.6124234992E-12 -1.8649050925E-11
  1.3996800000E+01  7.3049611258E-12 -1.6980656743E-11
  1.4126700000E+01  6.9915715766E-12 -1.5340165940E-11
  1.4257200000E+01  6.6729163214E-12 -1.3728766955E-11
  1.4388300000E+01  6.3496519421E-12 -1.2147603790E-11
  1.4520000000E+01  6.0224292204E-12 -1.0597774853E-11
  1.4652300000E+01  5.6918922469E-12 -9.0803318571E-12
  1.4785200000E+01  5.3586775507E-12 -7.5962788047E-12
  1.4918700000E+01  5.0234132539E-12 -6.1465710373E-12
  1.5052800000E+01  4.6867182480E-12 -4.7321143650E-12
  1.5187500000E+01  4.3492013974E-12 -3.3537642702E-12
  1.5322800000E+01  4.0114607675E-12 -2.0123251877E-12
  1.5458700000E+01  3.6740828807E-12 -7.0854986232E-13
  1.5595200000E+01  3.3376419995E-12  5.5686121520E-13
  1.5732300000E+01  3.0026994396E-12  1.7832602949E-12
  1.5870000000E+01  2.6698029106E-12  2.9700527757E-12
  1.6008300000E+01  2.3394858889E-12  4.1166975341E-12
  1.6147200000E+01  2.0122670198E-12  5.2227071756E-12
  1.6286700000E+01  1.6886495519E-12  6.2876482065E-12
  1.6426800000E+01  1.3691208034E-12  7.3111411282E-12
  1.6567500000E+01  1.0541516605E-12  8.2928604526E-12
  1.6708800000E+01  7.4419610888E-13  9.2325346414E-12
  1.6850700000E+01  4.3969079873E-13  1.0129945967E-11
  1.6993200000E+01  1.4105464266E-13  1.0984930300E-11
  1.7136300000E+01 -1.5131155210E-13  1.1797376816E-11
  1.7280000000E+01 -4.3702541769E-13  1.2567227636E-11
  1.7424300000E+01 -7.1572332549E-13  1.3294477383E-11
  1.7569200000E+01 -9.8706065187E-13  1.3979172680E-11
  1.7714700000E+01 -1.2507120096E-12  1.4621411564E-11
  1.7860800000E+01 -1.5063714454E-12  1.5221342837E-11
  1.8007500000E+01 -1.7537526030E-12  1.5779165350E-11
  1.8154800000E+01 -1.9925888527E-12  1.6295127218E-11
  1.8302700000E+01 -2.2226333871E-12  1.6769524970E-11
  1.8451200000E+01 -2.4436592835E-12  1.7202702638E-11
  1.8600300000E+01 -2.6554595328E-12  1.7595050785E-11
  1.8750000000E+01 -2.8578470363E-12  1.7947005469E-11
  1.8900300000E+01 -3.0506545696E-12  1.8259047159E-11
  1.9051200000E+01 -3.2337347149E-12  1.8531699587E-11
  1.9202700000E+01 -3.4069597618E-12  1.8765528549E-11
  1.9354800000E+01 -3.5702215779E-12  1.8961140666E-11
  1.9507500000E+01 -3.7234314481E-12  1.9119182076E-11
  1.9660800000E+01 -3.8665198855E-12  1.9240337101E-11
  1.9814700000E+01 -3.9994364129E-12  1.9325326858E-11
  1.9969200000E+01 -4.1221493162E-12  1.9374907835E-11
  2.0124300000E+01 -4.2346453703E-12  1.9389870422E-11
  2.0280000000E+01 -4.3369295395E-12  1.9371037413E-11
  2.0436300000E+01 -4.4290246506E-12  1.9319262474E-11
  2.0593200000E+01 -4.5109710426E-12  1.9235428574E-11
  2.0750700000E+01 -4.5828261917E-12  1.9120446398E-11
  2.0908800000E+01 -4.6446643140E-12  1.8975252722E-11
  2.1067500000E+01 -4.6965759451E-12  1.8800808782E-11
  2.1226800000E+01 -4.7386675004E-12  1.8598098605E-11
  2.1386700000E+01 -4.7710608137E-12  1.8368127340E-11
  2.1547200000E+01 -4.7938926581E-12  1.8111919563E-11
  2.1708300000E+01 -4.8073142482E-12  1.7830517573E-11
  2.1870000000E+01 -4.8114907265E-12  1.7524979685E-11
  2.2032300000E+01 -4.8066006327E-12  1.7196378510E-11
  2.2195200000E+01 -4.7928353601E-12  1.6845799235E-11
  2.2358700000E+01 -4.7703985967E-12  1.6474337904E-11
  2.2522800000E+01 -4.7395057556E-12  1.6083099697E-11
  2.2687500000E+01 -4.7003833931E-12  1.5673197217E-11
  2.2852800000E+01 -4.6532686173E-12  1.5245748785E-11
  2.3018700000E+01 -4.5984084876E-12  1.4801876744E-11
  2.3185200000E+01 -4.5360594063E-12  1.4342705773E-11
  2.3352300000E+01 -4.4664865037E-12  1.3869361223E-11
  2.3520000000E+01 -4.3899630179E-12  1.3382967464E-11
  2.3688300000E+01 -4.3067696702E-12  1.2884646255E-11
  2.3857200000E+01 -4.2171940365E-12  1.2375515139E-11
  2.4026700000E+01 -4.1215299184E-12  1.1856685859E-11
  2.4196800000E+01 -4.0200767112E-12  1.1329262802E-11
  2.4367500000E+01 -3.9131387738E-12  1.0794341473E-11
  2.4538800000E+01 -3.8010247987E-12  1.0253007004E-11
  2.4710700000E+01 -3.6840471849E-12  9.7063326874E-12
  2.4883200000E+01 -3.5625214139E-12  9.1553785561E-12
  2.5056300000E+01 -3.4367654305E-12  8.6011899930E-12
  2.5230000000E+01 -3.3070990281E-12  8.0447963831E-12
  2.5404300000E+01 -3.1738432415E-12  7.4872098064E-12
  2.5579200000E+01 -3.0373197462E-12  6.9294237731E-12
  2.5754700000E+01 -2.8978502669E-12  6.3724120037E-12
  2.5930800000E+01 -2.7557559943E-12  5.8171272544E-12
  2.6107500000E+01 -2.6113570126E-12  5.2645001902E-12
  2.6284800000E+01 -2.4649717381E-12  4.7154383061E-12
  2.6462700000E+01 -2.3169163694E-12  4.1708248989E-12
  2.6641200000E+01 -2.1675043501E-12  3.6315180887E-12
  2.6820300000E+01 -2.0170458452E-12  3.0983498941E-12
  2.7000000000E+01 -1.8658472316E-12  2.5721253583E-12
  2.7180300000E+01 -1.7142106033E-12  2.0536217306E-12
  2.7361200000E+01 -1.5624332922E-12  1.5435877018E-12
  2.7542700000E+01 -1.4108074051E-12  1.0427426946E-12
  2.7724800000E+01 -1.2596193773E-12  5.5177620964E-13
  2.7907500000E+01 -1.1091495436E-12  7.1347228472E-14
  2.8090800000E+01 -9.5967172722E-13 -3.9791632796E-13
  2.8274700000E+01 -8.1145284656E-13 -8.5541808344E-13
  2.8459200000E+01 -6.6475254135E-13 -1.3005936339E-12
  2.8644300000E+01 -5.1982281738E-13 -1.7329109176E-12
  2.8830000000E+01 -3.7690771104E-13 -2.1518705290E-12
  2.9016300000E+01 -2.3624297355E-13 -2.5570059750E-12
  2.9203200000E+01 -9.8055775362E-14 -2.9478838749E-12
  2.9390700000E+01  3.7435569132E-14 -3.3241041044E-12
  2.9578800000E+01  1.7002185632E-13 -3.6852998834E-12
  2.9767500000E+01  2.9950322736E-13 -4.0311378084E-12
  2.9956800000E+01  4.2568938133E-13 -4.3613178302E-12
  3.0146700000E+01  5.4839976750E-13 -4.6755731776E-12
  3.0337200000E+01  6.6746375650E-13 -4.9736702279E-12
  3.0528300000E+01  7.8272079066E-13 -5.2554083240E-12
  3.0720000000E+01  8.9402051329E-13 -5.5206195414E-12
  3.0912300000E+01  1.0012228771E-12 -5.7691684033E-12
  3.1105200000E+01  1.1041982317E-12 -6.0009515470E-12
  3.1298700000E+01  1.2028273910E-12 -6.2158973415E-12
  3.1492800000E+01  1.2970016792E-12 -6.4139654582E-12
  3.1687500000E+01  1.3866229574E-12 -6.5951463959E-12
  3.1882800000E+01  1.4716036297E-12 -6.7594609609E-12
  3.2078700000E+01  1.5518666298E-12 -6.9069597045E-12
  3.2275200000E+01  1.6273453883E-12 -7.0377223186E-12
  3.2472300000E+01  1.6979837801E-12 -7.1518569912E-12
  3.2670000000E+01  1.7637360545E-12 -7.2494997237E-12
  3.2868300000E+01  1.8245667456E-12 -7.3308136113E-12
  3.3067200000E+01  1.8804505658E-12 -7.3959880878E-12
  3.3266700000E+01  1.9313722812E-12 -7.4452381375E-12
  3.3466800000E+01  1.9773265709E-12 -7.4788034754E-12
  3.3667500000E+01  2.0183178689E-12 -7.4969476968E-12
  3.3868800000E+01  2.0543601906E-12 -7.4999573996E-12
  3.4070700000E+01  2.0854769442E-12 -7.4881412801E-12
  3.4273200000E+01  2.1117007272E-12 -7.4618292046E-12
  3.4476300000E+01  2.1330731079E-12 -7.4213712580E-12
  3.4680000000E+01  2.1496443949E-12 -7.3671367729E-12
  3.4884300000E+01  2.1614733924E-12 -7.2995133392E-12
  3.5089200000E+01  2.1686271436E-12 -7.2189057973E-12
  3.5294700000E+01  2.1711806628E-12 -7.1257352171E-12
  3.5500800000E+01  2.1692166562E-12 -7.0204378637E-12
  3.5707500000E+01  2.1628252323E-12 -6.9034641524E-12
  3.5914800000E+01  2.1521036036E-12 -6.7752775953E-12
  3.6122700000E+01  2.1371557779E-12 -6.6363537407E-12
  3.6331200000E+01  2.1180922433E-12 -6.4871791073E-12
  3.6540300000E+01  2.0950296441E-12 -6.3282501160E-12
  3.6750000000E+01  2.0680904512E-12 -6.1600720204E-12
  3.6960300000E+01  2.0374026254E-12 -5.9831578376E-12
  3.7171200000E+01  2.0030992770E-12 -5.7980272821E-12
  3.7382700000E+01  1.9653183188E-12 -5.6052057045E-12
  3.7594800000E+01  1.9242021173E-12 -5.4052230355E-12
  3.7807500000E+01  1.8798971392E-12 -5.1986127389E-12
  3.8020800000E+01  1.8325535965E-12 -4.9859107741E-12
  3.8234700000E+01  1.7823250897E-12 -4.7676545696E-12
  3.8449200000E+01  1.7293682498E-12 -4.5443820107E-12
  3.8664300000E+01  1.6738423802E-12 -4.3166304410E-12
  3.8880000000E+01  1.6159090989E-12 -4.0849356807E-12
  3.9096300000E+01  1.5557319822E-12 -3.8498310630E-12
  3.9313200000E+01  1.4934762097E-12 -3.6118464893E-12
  3.9530700000E+01  1.4293082117E-12 -3.3715075058E-12
  3.9748800000E+01  1.3633953202E-12 -3.1293344017E-12
  3.9967500000E+01  1.2959054232E-12 -2.8858413312E-12
  4.0186800000E+01  1.2270066232E-12 -2.6415354605E-12
  4.0406700000E+01  1.1568669007E-12 -2.3969161398E-12
  4.0627200000E+01  1.0856537835E-12 -2.1524741033E-12
  4.0848300000E+01  1.0135340216E-12 -1.9086906971E-12
  4.1070000000E+01  9.4067326880E-13 -1.6660371357E-12
  4.1292300000E+01  8.6723577167E-13 -1.4249737895E-12
  4.1515200000E+01  7.9338406564E-13 -1.1859495025E-12
  4.1738700000E+01  7.1927867954E-13 -9.4940094210E-13
  4.1962800000E+01  6.4507784856E-13 -7.1575198137E-13
  4.2187500000E+01  5.7093723614E-13 -4.8541311464E-13
  4.2412800000E+01  4.9700966526E-13 -2.5878090673E-13
  4.2638700000E+01  4.2344485953E-13 -3.6237476596E-14
  4.2865200000E+01  3.5038919436E-13  1.8184998420E-13
  4.3092300000E+01  2.7798545864E-13  3.9512965778E-13
  4.3320000000E+01  2.0637262712E-13  6.0326551076E-13
  4.3548300000E+01  1.3568564399E-13  8.0593766917E-13
  4.3777200000E+01  6.6055217667E-14  1.0028427574E-12
  4.4006700000E+01 -2.3923727918E-15  1.1936942012E-12
  4.4236800000E+01 -6.9535459485E-14  1.3782224938E-12
  4.4467500000E+01 -1.3525715552E-13  1.5561754271E-12
  4.4698800000E+01 -1.9944551272E-13  1.7273182854E-12
  4.4930700000E+01 -2.6199366709E-13  1.8914340042E-12
  4.5163200000E+01 -3.2279997188E-13  2.0483232926E-12
  4.5396300000E+01 -3.8176811822E-13  2.1978047206E-12
  4.5630000000E+01 -4.3880724322E-13  2.3397147712E-12
  4.5864300000E+01 -4.9383202554E-13  2.4739078573E-12
  4.6099200000E+01 -5.4676276842E-13  2.6002563052E-12
  4.6334700000E+01 -5.9752547012E-13  2.7186503034E-12
  4.6570800000E+01 -6.4605188192E-13  2.8289978188E-12
  4.6807500000E+01 -6.9227955367E-13  2.9312244798E-12
  4.7044800000E+01 -7.3615186701E-13  3.0252734280E-12
  4.7282700000E+01 -7.7761805631E-13  3.1111051383E-12
  4.7521200000E+01 -8.1663321762E-13  3.1886972088E-12
  4.7760300000E+01 -8.5315830557E-13  3.2580441209E-12
  4.8000000000E+01 -8.8716011858E-13  3.3191569710E-12
  4.8240300000E+01 -9.1861127249E-13  3.3720631740E-12
  4.8481200000E+01 -9.4749016284E-13  3.4168061403E-12
  4.8722700000E+01 -9.7378091608E-13  3.4534449266E-12
  4.8964800000E+01 -9.9747332985E-13  3.4820538619E-12
  4.9207500000E+01 -1.0185628028E-12  3.5027221499E-12
  4.9450800000E+01 -1.0370502541E-12  3.5155534488E-12
  4.9694700000E+01 -1.0529420329E-12  3.5206654289E-12
  4.9939200000E+01 -1.0662498181E-12  3.5181893105E-12
  5.0184300000E+01 -1.0769905092E-12  3.5082693820E-12
  5.0430000000E+01 -1.0851861078E-12  3.4910625005E-12
  5.0676300000E+01 -1.0908635903E-12  3.4667375746E-12
  5.0923200000E+01 -1.0940547732E-12  3.4354750329E-12
  5.1170700000E+01 -1.0947961698E-12  3.3974662768E-12
  5.1418800000E+01 -1.0931288399E-12  3.3529131209E-12
  5.1667500000E+01 -1.0890982324E-12  3.3020272215E-12
  5.1916800000E+01 -1.0827540210E-12  3.2450294944E-12
  5.2166700000E+01 -1.0741499345E-12  3.1821495229E-12
  5.2417200000E+01 -1.0633435803E-12  3.1136249590E-12
  5.2668300000E+01 -1.0503962636E-12  3.0397009163E-12
  5.2920000000E+01 -1.0353728013E-12  2.9606293583E-12
  5.3172300000E+01 -1.0183413312E-12  2.8766684824E-12
  5.3425200000E+01 -9.9937311799E-13  2.7880821009E-12
  5.3678700000E+01 -9.7854235489E-13  2.6951390196E-12
  5.3932800000E+01 -9.5592596296E-13  2.5981124169E-12
  5.4187500000E+01 -9.3160338736E-13  2.4972792233E-12
  5.4442800000E+01 -9.0565639160E-13  2.3929195021E-12
  5.4698700000E+01 -8.7816885009E-13  2.2853158339E-12
  5.4955200000E+01 -8.4922653943E-13  2.1747527058E-12
  5.5212300000E+01 -8.1891692890E-13  2.0615159046E-12
  5.5470000000E+01 -7.8732897053E-13  1.9458919177E-12
  5.5728300000E+01 -7.5455288929E-13  1.8281673415E-12
  5.5987200000E+01 -7.2067997376E-13  1.7086282975E-12
  5.6246700000E+01 -6.8580236765E-13  1.5875598593E-12
  5.6506800000E+01 -6.5001286276E-13  1.4652454894E-12
  5.6767500000E+01 -6.1340469356E-13  1.3419664883E-12
  5.7028800000E+01 -5.7607133397E-13  1.2180014554E-12
  5.7290700000E+01 -5.3810629662E-13  1.0936257639E-12
  5.7553200000E+01 -4.9960293502E-13  9.6911105019E-13
  5.7816300000E+01 -4.6065424901E-13  8.4472471756E-13
  5.8080000000E+01 -4.2135269376E-13  7.2072945653E-13
  5.8344300000E+01 -3.8178999280E-13  5.9738278148E-13
  5.8609200000E+01 -3.4205695529E-13  4.7493658466E-13
  5.8874700000E+01 -3.0224329789E-13  3.5363670811E-13
  5.9140800000E+01 -2.6243747160E-13  2.3372253418E-13
  5.9407500000E+01 -2.2272649368E-13  1.1542659516E-13
  5.9674800000E+01 -1.8319578518E-13 -1.0257975069E-15
  5.9942700000E+01 -1.4392901407E-13 -1.1541690383E-13
  6.0211200000E+01 -1.0500794442E-13 -2.2753688544E-13
  6.0480300000E+01 -6.6512291758E-14 -3.3718411483E-13
  6.0750000000E+01 -2.8519584878E-14 -4.4416546336E-13
  6.1020300000E+01  8.8949658112E-15 -5.4829656778E-13
  6.1291200000E+01  4.5658593069E-14 -6.4940207498E-13
  6.1562700000E+01  8.1701090688E-14 -7.4731586480E-13
  6.1834800000E+01  1.1695492424E-13 -8.4188125080E-13
  6.2107500000E+01  1.5135533457E-13 -9.3295115881E-13
  6.2380800000E+01  1.8484043398E-13 -1.0203882833E-12
  6.2654700000E+01  2.1735129489E-13 -1.1040652212E-12
  6.2929200000E+01  2.4883203104E-13 -1.1838645844E-12
  6.3204300000E+01  2.7922987104E-13 -1.2596790886E-12
  6.3480000000E+01  3.0849522431E-13 -1.3314116219E-12
  6.3756300000E+01  3.3658173930E-13 -1.3989752902E-12
  6.4033200000E+01  3.6344635406E-13 -1.4622934415E-12
  6.4310700000E+01  3.8904933907E-13 -1.5212996690E-12
  6.4588800000E+01  4.1335433244E-13 -1.5759377927E-12
  6.4867500000E+01  4.3632836745E-13 -1.6261618205E-12
  6.5146800000E+01  4.5794189245E-13 -1.6719358886E-12
  6.5426700000E+01  4.7816878329E-13 -1.7132341823E-12
  6.5707200000E+01  4.9698634825E-13 -1.7500408372E-12
  6.5988300000E+01  5.1437532561E-13 -1.7823498205E-12
  6.6270000000E+01  5.3031987399E-13 -1.8101647948E-12
  6.6552300000E+01  5.4480755550E-13 -1.8334989633E-12
  6.6835200000E+01  5.5782931194E-13 -1.8523748973E-12
  6.7118700000E+01  5.6937943410E-13 -1.8668243472E-12
  6.7402800000E+01  5.7945552436E-13 -1.8768880368E-12
  6.7687500000E+01  5.8805845281E-13 -1.8826154426E-12
  6.7972800000E+01  5.9519230693E-13 -1.8840645569E-12
  6.8258700000E+01  6.0086433520E-13 -1.8813016382E-12
  6.8545200000E+01  6.0508488472E-13 -1.8744009465E-12
  6.8832300000E+01  6.0786733310E-13 -1.8634444667E-12
  6.9120000000E+01  6.0922801478E-13 -1.8485216194E-12
  6.9408300000E+01  6.0918614218E-13 -1.8297289606E-12
  6.9697200000E+01  6.0776372166E-13 -1.8071698708E-12
  6.9986700000E+01  6.0498546478E-13 -1.7809542337E-12
  7.0276800000E+01  6.0087869500E-13 -1.7511981070E-12
  7.0567500000E+01  5.9547325002E-13 -1.7180233839E-12
  7.0858800000E+01  5.8880138019E-13 -1.6815574477E-12
  7.1150700000E+01  5.8089764310E-13 -1.6419328200E-12
  7.1443200000E+01  5.7179879473E-13 -1.5992868024E-12
  7.1736300000E+01  5.6154367737E-13 -1.5537611143E-12
  7.2030000000E+01  5.5017310466E-13 -1.5055015253E-12
  7.2324300000E+01  5.3772974392E-13 -1.4546574856E-12
  7.2619200000E+01  5.2425799626E-13 -1.4013817527E-12
  7.2914700000E+01  5.0980387449E-13 -1.3458300173E-12
  7.3210800000E+01  4.9441487935E-13 -1.2881605276E-12
  7.3507500000E+01  4.7813987421E-13 -1.2285337143E-12
  7.3804800000E+01  4.6102895859E-13 -1.1671118151E-12
  7.4102700000E+01  4.4313334078E-13 -1.1040585019E-12
  7.4401200000E+01  4.2450520981E-13 -1.0395385096E-12
  7.4700300000E+01  4.0519760707E-13 -9.7371726732E-13
  7.5000000000E+01  3.8526429790E-13 -9.0676053462E-13
  7.5300300000E+01  3.6475964335E-13 -8.3883404084E-13
  7.5601200000E+01  3.4373847249E-13 -7.7010313019E-13
  7.5902700000E+01  3.2225595535E-13 -7.0073241243E-13
  7.6204800000E+01  3.0036747700E-13 -6.3088541995E-13
  7.6507500000E+01  2.7812851284E-13 -5.6072427195E-13
  7.6810800000E+01  2.5559450538E-13 -4.9040934621E-13
  7.7114700000E+01  2.3282074287E-13 -4.2009895914E-13
  7.7419200000E+01  2.0986223987E-13 -3.4994905464E-13
  7.7724300000E+01  1.8677362002E-13 -2.8011290231E-13
  7.8030000000E+01  1.6360900140E-13 -2.1074080546E-13
  7.8336300000E+01  1.4042188438E-13 -1.4197981952E-13
  7.8643200000E+01  1.1726504252E-13 -7.3973481213E-14
  7.8950700000E+01  9.4190416410E-14 -6.8615489569E-15
  7.9258800000E+01  7.1249010863E-14  5.9220245102E-14
  7.9567500000E+01  4.8490795490E-14  1.2414043108E-13
  7.9876800000E+01  2.5964608920E-14  1.8777202501E-13
  8.0186700000E+01  3.7180667810E-15  2.4999273982E-13
  8.0497200000E+01 -1.8202526399E-14  3.1068518348E-13
  8.0808300000E+01 -3.9752261235E-14  3.6973704382E-13
  8.1120000000E+01 -6.0887703331E-14  4.2704126013E-13
  8.1432300000E+01 -8.1566968832E-14  4.8249618103E-13
  8.1745200000E+01 -1.0174979555E-13  5.3600570874E-13
  8.2058700000E+01 -1.2139760958E-13  5.8747942931E-13
  8.2372800000E+01 -1.4047358735E-13  6.3683272911E-13
  8.2687500000E+01 -1.5894271293E-13  6.8398689705E-13
  8.3002800000E+01 -1.7677183071E-13  7.2886921299E-13
  8.3318700000E+01 -1.9392969318E-13  7.7141302183E-13
  8.3635200000E+01 -2.1038700395E-13  8.1155779377E-13
  8.3952300000E+01 -2.2611645592E-13  8.4924917048E-13
  8.4270000000E+01 -2.4109276450E-13  8.8443899734E-13
  8.4588300000E+01 -2.5529269600E-13  9.1708534195E-13
  8.4907200000E+01 -2.6869509114E-13  9.4715249894E-13
  8.5226700000E+01 -2.8128088361E-13  9.7461098134E-13
  8.5546800000E+01 -2.9303311387E-13  9.9943749855E-13
  8.5867500000E+01 -3.0393693804E-13  1.0216149214E-12
  8.6188800000E+01 -3.1397963211E-13  1.0411322341E-12
  8.6510700000E+01 -3.2315059130E-13  1.0579844739E-12
  8.6833200000E+01 -3.3144132487E-13  1.0721726584E-12
  8.7156300000E+01 -3.3884544627E-13  1.0837037007E-12
  8.7480000000E+01 -3.4535865881E-13  1.0925903133E-12
  8.7804300000E+01 -3.5097873686E-13  1.0988509000E-12
  8.8129200000E+01 -3.5570550279E-13  1.1025094381E-12
  8.8454700000E+01 -3.5954079960E-13  1.1035953486E-12
  8.8780800000E+01 -3.6248845956E-13  1.1021433578E-12
  8.9107500000E+01 -3.6455426876E-13  1.0981933477E-12
  8.9434800000E+01 -3.6574592781E-13  1.0917901988E-12
  8.9762700000E+01 -3.6607300891E-13  1.0829836227E-12
  9.0091200000E+01 -3.6554690923E-13  1.0718279872E-12
  9.0420300000E+01 -3.6418080092E-13  1.0583821333E-12
  9.0750000000E+01 -3.6198957779E-13  1.0427091850E-12
  9.1080300000E+01 -3.5898979893E-13  1.0248763524E-12
  9.1411200000E+01 -3.5519962930E-13  1.0049547277E-12
  9.1742700000E+01 -3.5063877759E-13  9.8301907661E-13
  9.2074800000E+01 -3.4532843145E-13  9.5914762367E-13
  9.2407500000E+01 -3.3929119021E-13  9.3342183291E-13
  9.2740800000E+01 -3.3255099541E-13  9.0592618453E-13
  9.3074700000E+01 -3.2513305924E-13  8.7674794779E-13
  9.3409200000E+01 -3.1706379103E-13  8.4597695072E-13
  9.3744300000E+01 -3.0837072206E-13  8.1370534734E-13
  9.4080000000E+01 -2.9908242886E-13  7.8002738266E-13
  9.4416300000E+01 -2.8922845509E-13  7.4503915631E-13
  9.4753200000E+01 -2.7883923240E-13  7.0883838507E-13
  9.5090700000E+01 -2.6794600021E-13  6.7152416494E-13
  9.5428800000E+01 -2.5658072477E-13  6.3319673330E-13
  9.5767500000E+01 -2.4477601761E-13  5.9395723161E-13
  9.6106800000E+01 -2.3256505366E-13  5.5390746914E-13
  9.6446700000E+01 -2.1998148907E-13  5.1314968839E-13
  9.6787200000E+01 -2.0705937904E-13  4.7178633240E-13
  9.7128300000E+01 -1.9383309586E-13  4.2991981478E-13
  9.7470000000E+01 -1.8033724715E-13  3.8765229264E-13
  9.7812300000E+01 -1.6660659478E-13  3.4508544300E-13
  9.8155200000E+01 -1.5267597435E-13  3.0232024315E-13
  9.8498700000E+01 -1.3858021556E-13  2.5945675532E-13
  9.8842800000E+01 -1.2435406363E-13  2.1659391613E-13
  9.9187500000E+01 -1.1003210187E-13  1.7382933117E-13
  9.9532800000E+01 -9.5648675575E-14  1.3125907513E-13
  9.9878700000E+01 -8.1237817488E-14  8.8977497885E-14
  1.0022520000E+02 -6.6833174807E-14  4.7077036752E-14
  1.0057230000E+02 -5.2467938032E-14  5.6480354239E-15
  1.0092000000E+02 -3.8174771719E-14 -3.5221430233E-14
  1.0126830000E+02 -2.3985747270E-14 -7.5445719160E-14
  1.0161720000E+02 -9.9322779095E-15 -1.1494178461E-13
  1.0196670000E+02  3.9549440583E-15 -1.5362932593E-13
  1.0231680000E+02  1.7646007584E-14 -1.9143093230E-13
  1.0266750000E+02  3.1111840705E-14 -2.2827221837E-13
  1.0301880000E+02  4.4324265764E-14 -2.6408195146E-13
  1.0337070000E+02  5.7256051942E-14 -2.9879217013E-13
  1.0372320000E+02  6.9880965000E-14 -3.3233829416E-13
  1.0407630000E+02  8.2173814164E-14 -3.6465922554E-13
  1.0443000000E+02  9.4110496086E-14 -3.9569744055E-13
  1.0478430000E+02  1.0566803581E-13 -4.2539907276E-13
  1.0513920000E+02  1.1682462469E-13 -4.5371398691E-13
  1.0549470000E+02  1.2755965522E-13 -4.8059584351E-13
  1.0585080000E+02  1.3785375272E-13 -5.0600215434E-13
  1.0620750000E+02  1.4768880385E-13 -5.2989432862E-13
  1.0656480000E+02  1.5704798197E-13 -5.5223770998E-13
  1.0692270000E+02  1.6591576922E-13 -5.7300160425E-13
  1.0728120000E+02  1.7427797542E-13 -5.9215929808E-13
  1.0764030000E+02  1.8212175375E-13 -6.0968806850E-13
  1.0800000000E+02  1.8943561321E-13 -6.2556918344E-13
  1.0836030000E+02  1.9620942778E-13 -6.3978789346E-13
  1.0872120000E+02  2.0243444255E-13 -6.5233341460E-13
  1.0908270000E+02  2.0810327649E-13 -6.6319890271E-13
  1.0944480000E+02  2.1320992224E-13 -6.7238141923E-13
  1.0980750000E+02  2.1774974274E-13 -6.7988188881E-13
  1.1017080000E+02  2.2171946472E-13 -6.8570504869E-13
  1.1053470000E+02  2.2511716934E-13 -6.8985939031E-13
  1.1089920000E+02  2.2794227977E-13 -6.9235709319E-13
  1.1126430000E+02  2.3019554590E-13 -6.9321395145E-13
  1.1163000000E+02  2.3187902628E-13 -6.9244929309E-13
  1.1199630000E+02  2.3299606723E-13 -6.9008589238E-13
  1.1236320000E+02  2.3355127938E-13 -6.8614987566E-13
  1.1273070000E+02  2.3355051158E-13 -6.8067062071E-13
  1.1309880000E+02  2.3300082226E-13 -6.7368065015E-13
  1.1346750000E+02  2.3191044855E-13 -6.6521551903E-13
  1.1383680000E+02  2.3028877291E-13 -6.5531369703E-13
  1.1420670000E+02  2.2814628770E-13 -6.4401644557E-13
  1.1457720000E+02  2.2549455762E-13 -6.3136769011E-13
  1.1494830000E+02  2.2234618008E-13 -6.1741388803E-13
  1.1532000000E+02  2.1871474386E-13 -6.0220389248E-13
  1.1569230000E+02  2.1461478587E-13 -5.8578881242E-13
  1.1606520000E+02  2.1006174634E-13 -5.6822186928E-13
  1.1643870000E+02  2.0507192244E-13 -5.4955825070E-13
  1.1681280000E+02  1.9966242060E-13 -5.2985496150E-13
  1.1718750000E+02  1.9385110745E-13 -5.0917067236E-13
  1.1756280000E+02  1.8765655965E-13 -4.8756556663E-13
  1.1793870000E+02  1.8109801273E-13 -4.6510118554E-13
  1.1831520000E+02  1.7419530899E-13 -4.4184027213E-13
  1.1869230000E+02  1.6696884467E-13 -4.1784661446E-13
  1.1907000000E+02  1.5943951642E-13 -3.9318488821E-13
  1.1944830000E+02  1.5162866738E-13 -3.6792049924E-13
  1.1982720000E+02  1.4355803273E-13 -3.4211942631E-13
  1.2020670000E+02  1.3524968511E-13 -3.1584806438E-13
  1.2058680000E+02  1.2672597982E-13 -2.8917306888E-13
  1.2096750000E+02  1.1800950009E-13 -2.6216120112E-13
  1.2134880000E+02  1.0912300242E-13 -2.3487917539E-13
  1.2173070000E+02  1.0008936217E-13 -2.0739350788E-13
  1.2211320000E+02  9.0931519565E-14 -1.7977036791E-13
  1.2249630000E+02  8.1672426091E-14 -1.5207543156E-13
  1.2288000000E+02  7.2334991579E-14 -1.2437373825E-13
  1.2326430000E+02  6.2942031942E-14 -9.6729550354E-14
  1.2364920000E+02  5.3516217756E-14 -6.9206216260E-14
  1.2403470000E+02  4.4080023763E-14 -4.1866037036E-14
  1.2442080000E+02  3.4655679413E-14 -1.4770137056E-14
  1.2480750000E+02  2.5265120528E-14  1.2021661226E-14
  1.2519480000E+02  1.5929942210E-14  3.8450958112E-14
  1.2558270000E+02  6.6713530548E-15  6.4460892866E-14
  1.2597120000E+02 -2.4898692041E-15  8.9996255105E-14
  1.2636030000E+02 -1.1533420570E-14  1.1500359117E-13
  1.2675000000E+02 -2.0439512073E-14  1.3943130527E-13
  1.2714030000E+02 -2.9188909407E-14  1.6322975530E-13
  1.2753120000E+02 -3.7762970845E-14  1.8635134311E-13
  1.2792270000E+02 -4.6143683361E-14  2.0875059906E-13
  1.2831480000E+02 -5.4313696899E-14  2.3038426089E-13
  1.2870750000E+02 -6.2256356729E-14  2.5121134657E-13
  1.2910080000E+02 -6.9955733846E-14  2.7119322123E-13
  1.2949470000E+02 -7.7396653349E-14  2.9029365799E-13
  1.2988920000E+02 -8.4564720779E-14  3.0847889258E-13
  1.3028430000E+02 -9.1446346358E-14  3.2571767179E-13
  1.3068000000E+02 -9.8028767113E-14  3.4198129574E-13
  1.3107630000E+02 -1.0430006685E-13  3.5724365373E-13
  1.3147320000E+02 -1.1024919395E-13  3.7148125392E-13
  1.3187070000E+02 -1.1586597700E-13  3.8467324669E-13
  1.3226880000E+02 -1.2114113820E-13  3.9680144175E-13
  1.3266750000E+02 -1.2606630458E-13  4.0785031898E-13
  1.3306680000E+02 -1.3063401702E-13  4.1780703311E-13
  1.3346670000E+02 -1.3483773704E-13  4.2666141228E-13
  1.3386720000E+02 -1.3867185146E-13  4.3440595049E-13
  1.3426830000E+02 -1.4213167475E-13  4.4103579415E-13
  1.3467000000E+02 -1.4521344942E-13  4.4654872265E-13
  1.3507230000E+02 -1.4791434407E-13  4.5094512328E-13
  1.3547520000E+02 -1.5023244944E-13  4.5422796038E-13
  1.3587870000E+02 -1.5216677240E-13  4.5640273905E-13
  1.3628280000E+02 -1.5371722780E-13  4.5747746342E-13
  1.3668750000E+02 -1.5488462845E-13  4.5746258980E-13
  1.3709280000E+02 -1.5567067301E-13  4.5637097462E-13
  1.3749870000E+02 -1.5607793207E-13  4.5421781764E-13
  1.3790520000E+02 -1.5610983234E-13  4.5102060032E-13
  1.3831230000E+02 -1.5577063906E-13  4.4679901975E-13
  1.3872000000E+02 -1.5506543665E-13  4.4157491827E-13
  1.3912830000E+02 -1.5400010767E-13  4.3537220891E-13
  1.3953720000E+02 -1.5258131026E-13  4.2821679705E-13
  1.3994670000E+02 -1.5081645391E-13  4.2013649824E-13
  1.4035680000E+02 -1.4871367388E-13  4.1116095274E-13
  1.4076750000E+02 -1.4628180416E-13  4.0132153674E-13
  1.4117880000E+02 -1.4353034915E-13  3.9065127060E-13
  1.4159070000E+02 -1.4046945406E-13  3.7918472441E-13
  1.4200320000E+02 -1.3710987422E-13  3.6695792095E-13
  1.4241630000E+02 -1.3346294323E-13  3.5400823652E-13
  1.4283000000E+02 -1.2954054025E-13  3.4037429964E-13
  1.4324430000E+02 -1.2535505624E-13  3.2609588812E-13
  1.4365920000E+02 -1.2091935949E-13  3.1121382453E-13
  1.4407470000E+02 -1.1624676039E-13  2.9576987049E-13
  1.4449080000E+02 -1.1135097555E-13  2.7980661995E-13
  1.4490750000E+02 -1.0624609141E-13  2.6336739170E-13
  1.4532480000E+02 -1.0094652733E-13  2.4649612148E-13
  1.4574270000E+02 -9.5466998351E-14  2.2923725371E-13
  1.4616120000E+02 -8.9822477687E-14  2.1163563342E-13
  1.4658030000E+02 -8.4028158990E-14  1.9373639823E-13
  1.4700000000E+02 -7.8099418537E-14  1.7558487106E-13
  1.4742030000E+02 -7.2051777391E-14  1.5722645335E-13
  1.4784120000E+02 -6.5900863639E-14  1.3870651944E-13
  1.4826270000E+02 -5.9662374792E-14  1.2007031203E-13
  1.4868480000E+02 -5.3352040425E-14  1.0136283919E-13
  1.4910750000E+02 -4.6985585139E-14  8.2628772892E-14
  1.4953080000E+02 -4.0578691947E-14  6.3912349491E-14
  1.4995470000E+02 -3.4146966132E-14  4.5257272270E-14
  1.5037920000E+02 -2.7705899682E-14  2.6706616227E-14
  1.5080430000E+02 -2.1270836367E-14  8.3027353512E-15
  1.5123000000E+02 -1.4856937528E-14 -9.9128274598E-15
  1.5165630000E+02 -8.4791486584E-15 -2.7899427653E-14
  1.5208320000E+02 -2.1521668427E-15 -4.5617403270E-14
  1.5251070000E+02  4.1095908873E-15 -6.3028156046E-14
  1.5293880000E+02  1.0292018205E-14 -8.0094229194E-14
  1.5336750000E+02  1.6381349097E-14 -9.6779381733E-14
  1.5379680000E+02  2.2364186367E-14 -1.1304865923E-13
  1.5422670000E+02  2.8227528984E-14 -1.2886846083E-13
  1.5465720000E+02  3.3958798216E-14 -1.4420660248E-13
  1.5508830000E+02  3.9545862510E-14 -1.5903237616E-13
  1.5552000000E+02  4.4977061074E-14 -1.7331660519E-13
  1.5595230000E+02  5.0241226110E-14 -1.8703169530E-13
  1.5638520000E+02  5.5327703671E-14 -2.0015168166E-13
  1.5681870000E+02  6.0226373107E-14 -2.1265227152E-13
  1.5725280000E+02  6.4927665060E-14 -2.2451088265E-13
  1.5768750000E+02  6.9422577997E-14 -2.3570667739E-13
  1.5812280000E+02  7.3702693242E-14 -2.4622059232E-13
  1.5855870000E+02  7.7760188499E-14 -2.5603536358E-13
  1.5899520000E+02  8.1587849849E-14 -2.6513554767E-13
  1.5943230000E+02  8.5179082197E-14 -2.7350753793E-13
  1.5987000000E+02  8.8527918180E-14 -2.8113957662E-13
  1.6030830000E+02  9.1629025518E-14 -2.8802176248E-13
  1.6074720000E+02  9.4477712807E-14 -2.9414605412E-13
  1.6118670000E+02  9.7069933762E-14 -2.9950626888E-13
  1.6162680000E+02  9.9402289917E-14 -3.0409807759E-13
  1.6206750000E+02  1.0147203178E-13 -3.0791899499E-13
  1.6250880000E+02  1.0327705848E-13 -3.1096836604E-13
  1.6295070000E+02  1.0481591588E-13 -3.1324734810E-13
  1.6339320000E+02  1.0608779324E-13 -3.1475888922E-13
  1.6383630000E+02  1.0709251837E-13 -3.1550770237E-13
  1.6428000000E+02  1.0783055137E-13 -3.1550023595E-13
  1.6472430000E+02  1.0830297699E-13 -3.1474464057E-13
  1.6516920000E+02  1.0851149555E-13 -3.1325073229E-13
  1.6561470000E+02  1.0845841255E-13 -3.1102995224E-13
  1.6606080000E+02  1.0814662698E-13 -3.0809532311E-13
  1.6650750000E+02  1.0757961837E-13 -3.0446140222E-13
  1.6695480000E+02  1.0676143257E-13 -3.0014423169E-13
  1.6740270000E+02  1.0569666643E-13 -2.9516128558E-13
  1.6785120000E+02  1.0439045130E-13 -2.8953141429E-13
  1.6830030000E+02  1.0284843544E-13 -2.8327478637E-13
  1.6875000000E+02  1.0107676544E-13 -2.7641282782E-13
  1.6920030000E+02  9.9082066663E-14 -2.6896815917E-13
  1.6965120000E+02  9.6871422719E-14 -2.6096453034E-13
  1.7010270000E+02  9.4452354138E-14 -2.5242675364E-13
  1.7055480000E+02  9.1832796208E-14 -2.4338063495E-13
  1.7100750000E+02  8.9021076065E-14 -2.3385290329E-13
  1.7146080000E+02  8.6025889116E-14 -2.2387113896E-13
  1.7191470000E+02  8.2856274824E-14 -2.1346370047E-13
  1.7236920000E+02  7.9521591939E-14 -2.0265965040E-13
  1.7282430000E+02  7.6031493238E-14 -1.9148868033E-13
  1.7328000000E+02  7.2395899818E-14 -1.7998103513E-13
  1.7373630000E+02  6.8624975034E-14 -1.6816743669E-13
  1.7419320000E+02  6.4729098123E-14 -1.5607900733E-13
  1.7465070000E+02  6.0718837593E-14 -1.4374719306E-13
  1.7510880000E+02  5.6604924427E-14 -1.3120368685E-13
  1.7556750000E+02  5.2398225190E-14 -1.1848035207E-13
  1.7602680000E+02  4.8109715072E-14 -1.0560914636E-13
  1.7648670000E+02  4.3750450953E-14 -9.2622046027E-14
  1.7694720000E+02  3.9331544551E-14 -7.9550971096E-14
  1.7740830000E+02  3.4864135692E-14 -6.6427711329E-14
  1.7787000000E+02  3.0359365803E-14 -5.3283853235E-14
  1.7833230000E+02  2.5828351645E-14 -4.0150708289E-14
  1.7879520000E+02  2.1282159373E-14 -2.7059242510E-14
  1.7925870000E+02  1.6731778974E-14 -1.4040007541E-14
  1.7972280000E+02  1.2188099131E-14 -1.1230733804E-15
  1.8018750000E+02  7.6618825790E-15  1.1662037102E-14
  1.8065280000E+02  3.1637419908E-15  2.4286411728E-14
  1.8111870000E+02 -1.2958835363E-15  3.6721810515E-14
  1.8158520000E+02 -5.7067513629E-15  4.8940725020E-14
  1.8205230000E+02 -1.0058837502E-14  6.0916435382E-14
  1.8252000000E+02 -1.4342358079E-14  7.2623064979E-14
  1.8298830000E+02 -1.8547790027E-14  8.4035632568E-14
  1.8345720000E+02 -2.2665890953E-14  9.5130101840E-14
  1.8392670000E+02 -2.6687718163E-14  1.0588342828E-13
  1.8439680000E+02 -3.0604646794E-14  1.1627360326E-13
  1.8486750000E+02 -3.4408387019E-14  1.2627969529E-13
  1.8533880000E+02 -3.8091000304E-14  1.3588188834E-13
  1.8581070000E+02 -4.1644914675E-14  1.4506151719E-13
  1.8628320000E+02 -4.5062938981E-14  1.5380109980E-13
  1.8675630000E+02 -4.8338276121E-14  1.6208436651E-13
  1.8723000000E+02 -5.1464535218E-14  1.6989628624E-13
  1.8770430000E+02 -5.4435742720E-14  1.7722308946E-13
  1.8817920000E+02 -5.7246352417E-14  1.8405228803E-13
  1.8865470000E+02 -5.9891254345E-14  1.9037269185E-13
  1.8913080000E+02 -6.2365782598E-14  1.9617442236E-13
  1.8960750000E+02 -6.4665722001E-14  2.0144892278E-13
  1.9008480000E+02 -6.6787313672E-14  2.0618896521E-13
  1.9056270000E+02 -6.8727259455E-14  2.1038865456E-13
  1.9104120000E+02 -7.0482725225E-14  2.1404342934E-13
  1.9152030000E+02 -7.2051343071E-14  2.1715005928E-13
  1.9200000000E+02 -7.3431212362E-14  2.1970663990E-13
  1.9248030000E+02 -7.4620899706E-14  2.2171258408E-13
  1.9296120000E+02 -7.5619437805E-14  2.2316861055E-13
  1.9344270000E+02 -7.6426323230E-14  2.2407672949E-13
  1.9392480000E+02 -7.7041513123E-14  2.2444022524E-13
  1.9440750000E+02 -7.7465420848E-14  2.2426363622E-13
  1.9489080000E+02 -7.7698910609E-14  2.2355273207E-13
  1.9537470000E+02 -7.7743291060E-14  2.2231448818E-13
  1.9585920000E+02 -7.7600307923E-14  2.2055705759E-13
  1.9634430000E+02 -7.7272135662E-14  2.1828974049E-13
  1.9683000000E+02 -7.6761368210E-14  2.1552295120E-13
  1.9731630000E+02 -7.6071008805E-14  2.1226818300E-13
  1.9780320000E+02 -7.5204458959E-14  2.0853797069E-13
  1.9829070000E+02 -7.4165506593E-14  2.0434585106E-13
  1.9877880000E+02 -7.2958313366E-14  1.9970632146E-13
  1.9926750000E+02 -7.1587401258E-14  1.9463479643E-13
  1.9975680000E+02 -7.0057638418E-14  1.8914756270E-13
  2.0024670000E+02 -6.8374224336E-14  1.8326173244E-13
  2.0073720000E+02 -6.6542674372E-14  1.7699519515E-13
  2.0122830000E+02 -6.4568803687E-14  1.7036656812E-13
  2.0172000000E+02 -6.2458710616E-14  1.6339514562E-13
  2.0221230000E+02 -6.0218759535E-14  1.5610084711E-13
  2.0270520000E+02 -5.7855563254E-14  1.4850416430E-13
  2.0319870000E+02 -5.5375964993E-14  1.4062610751E-13
  2.0369280000E+02 -5.2787019989E-14  1.3248815126E-13
  2.0418750000E+02 -5.0095976761E-14  1.2411217929E-13
  2.0468280000E+02 -4.7310258109E-14  1.1552042912E-13
  2.0517870000E+02 -4.4437441867E-14  1.0673543633E-13
  2.0567520000E+02 -4.1485241479E-14  9.7779978644E-14
  2.0617230000E+02 -3.8461486432E-14  8.8677019989E-14
  2.0667000000E+02 -3.5374102592E-14  7.9449654602E-14
  2.0716830000E+02 -3.2231092505E-14  7.0121051388E-14
  2.0766720000E+02 -2.9040515693E-14  6.0714398606E-14
  2.0816670000E+02 -2.5810469001E-14  5.1252849026E-14
  2.0866680000E+02 -2.2549067036E-14  4.1759465679E-14
  2.0916750000E+02 -1.9264422743E-14  3.2257168321E-14
  2.0966880000E+02 -1.5964628175E-14  2.2768680732E-14
  2.1017070000E+02 -1.2657735473E-14  1.3316478958E-14
  2.1067320000E+02 -9.3517381317E-15  3.9227406176E-15
  2.1117630000E+02 -6.0545525662E-15 -5.3907046228E-15
  2.1168000000E+02 -2.7740000335E-15 -1.4602423302E-14
  2.1218430000E+02  4.8221105395E-16 -2.3691425042E-14
  2.1268920000E+02  3.7065023870E-15 -3.2637207947E-14
  2.1319470000E+02  6.8914425532E-15 -4.1419802450E-14
  2.1370080000E+02  1.0029763327E-14 -5.0019813493E-14
  2.1420750000E+02  1.3114375427E-14 -5.8418460979E-14
  2.1471480000E+02  1.6138383706E-14 -6.6597618405E-14
  2.1522270000E+02  1.9095101744E-14 -7.4539849606E-14
  2.1573120000E+02  2.1978065809E-14 -8.2228443538E-14
  2.1624030000E+02  2.4781048173E-14 -8.9647447046E-14
  2.1675000000E+02  2.7498069741E-14 -9.6781695541E-14
  2.1726030000E+02  3.0123411983E-14 -1.0361684155E-13
  2.1777120000E+02  3.2651628133E-14 -1.1013938109E-13
  2.1828270000E+02  3.5077553654E-14 -1.1633667780E-13
  2.1879480000E+02  3.7396315928E-14 -1.2219698483E-13
  2.1930750000E+02  3.9603343183E-14 -1.2770946445E-13
  2.1982080000E+02  4.1694372610E-14 -1.3286420530E-13
  2.2033470000E+02  4.3665457688E-14 -1.3765223735E-13
  2.2084920000E+02  4.5512974688E-14 -1.4206554449E-13
  2.2136430000E+02  4.7233628358E-14 -1.4609707474E-13
  2.2188000000E+02  4.8824456775E-14 -1.4974074815E-13
  2.2239630000E+02  5.0282835366E-14 -1.5299146231E-13
  2.2291320000E+02  5.1606480094E-14 -1.5584509550E-13
  2.2343070000E+02  5.2793449810E-14 -1.5829850751E-13
  2.2394880000E+02  5.3842147769E-14 -1.6034953815E-13
  2.2446750000E+02  5.4751322317E-14 -1.6199700347E-13
  2.2498680000E+02  5.5520066756E-14 -1.6324068971E-13
  2.2550670000E+02  5.6147818393E-14 -1.6408134500E-13
  2.2602720000E+02  5.6634356778E-14 -1.6452066887E-13
  2.2654830000E+02  5.6979801152E-14 -1.6456129969E-13
  2.2707000000E+02  5.7184607111E-14 -1.6420679985E-13
  2.2759230000E+02  5.7249562498E-14 -1.6346163910E-13
  2.2811520000E+02  5.7175782550E-14 -1.6233117570E-13
  2.2863870000E+02  5.6964704312E-14 -1.6082163578E-13
  2.2916280000E+02  5.6618080326E-14 -1.5894009080E-13
  2.2968750000E+02  5.6137971646E-14 -1.5669443318E-13
  2.3021280000E+02  5.5526740168E-14 -1.5409335025E-13
  2.3073870000E+02  5.4787040322E-14 -1.5114629660E-13
  2.3126520000E+02  5.3921810142E-14 -1.4786346472E-13
  2.3179230000E+02  5.2934261737E-14 -1.4425575434E-13
  2.3232000000E+02  5.1827871206E-14 -1.4033474023E-13
  2.3284830000E+02  5.0606368006E-14 -1.3611263878E-13
  2.3337720000E+02  4.9273723813E-14 -1.3160227332E-13
  2.3390670000E+02  4.7834140917E-14 -1.2681703831E-13
  2.3443680000E+02  4.6292040156E-14 -1.2177086254E-13
  2.3496750000E+02  4.4652048445E-14 -1.1647817134E-13
  2.3549880000E+02  4.2918985929E-14 -1.1095384796E-13
  2.3603070000E+02  4.1097852778E-14 -1.0521319427E-13
  2.3656320000E+02  3.9193815686E-14 -9.9271890717E-14
  2.3709630000E+02  3.7212194073E-14 -9.3145955825E-14
  2.3763000000E+02  3.5158446064E-14 -8.6851705191E-14
  2.3816430000E+02  3.3038154246E-14 -8.0405710177E-14
  2.3869920000E+02  3.0857011263E-14 -7.3824756339E-14
  2.3923470000E+02  2.8620805268E-14 -6.7125801720E-14
  2.3977080000E+02  2.6335405281E-14 -6.0325935093E-14
  2.4030750000E+02  2.4006746474E-14 -5.3442334266E-14
  2.4084480000E+02  2.1640815435E-14 -4.6492224534E-14
  2.4138270000E+02  1.9243635431E-14 -3.9492837381E-14
  2.4192120000E+02  1.6821251714E-14 -3.2461369527E-14
  2.4246030000E+02  1.4379716901E-14 -2.5414942410E-14
  2.4300000000E+02  1.1925076464E-14 -1.8370562199E-14
  2.4354030000E+02  9.4633543620E-15 -1.1345080423E-14
  2.4408120000E+02  7.0005388438E-15 -4.3551553089E-15
  2.4462270000E+02  4.5425684641E-15  2.5827860925E-15
  2.4516480000E+02  2.0953183344E-15  9.4525849049E-15
  2.4570750000E+02 -3.3541335670E-16  1.6238386475E-14
  2.4625080000E+02 -2.7439185243E-15  2.2924675387E-14
  2.4679470000E+02 -5.1245920400E-15  2.9496309377E-14
  2.4733920000E+02 -7.4719442314E-15  3.5938552072E-14
  2.4788430000E+02 -9.7806129986E-15  4.2237104489E-14
  2.4843000000E+02 -1.2045375524E-14  4.8378135225E-14
  2.4897630000E+02 -1.4261159552E-14  5.4348309287E-14
  2.4952320000E+02 -1.6423054211E-14  6.0134815499E-14
  2.5007070000E+02 -1.8526320362E-14  6.5725392433E-14
  2.5061880000E+02 -2.0566400451E-14  7.1108352818E-14
  2.5116750000E+02 -2.2538927845E-14  7.6272606387E-14
  2.5171680000E+02 -2.4439735627E-14  8.1207681104E-14
  2.5226670000E+02 -2.6264864857E-14  8.5903742760E-14
  2.5281720000E+02 -2.8010572249E-14  9.0351612881E-14
  2.5336830000E+02 -2.9673337286E-14  9.4542784938E-14
  2.5392000000E+02 -3.1249868732E-14  9.8469438827E-14
  2.5447230000E+02 -3.2737110551E-14  1.0212445359E-13
  2.5502520000E+02 -3.4132247211E-14  1.0550141840E-13
  2.5557870000E+02 -3.5432708373E-14  1.0859464173E-13
  2.5613280000E+02 -3.6636172958E-14  1.1139915876E-13
  2.5668750000E+02 -3.7740572582E-14  1.1391073704E-13
  2.5724280000E+02 -3.8744094360E-14  1.1612588026E-13
  2.5779870000E+02 -3.9645183085E-14  1.1804183040E-13
  2.5835520000E+02 -4.0442542763E-14  1.1965656794E-13
  2.5891230000E+02 -4.1135137531E-14  1.2096881047E-13
  2.5947000000E+02 -4.1722191934E-14  1.2197800947E-13
  2.6002830000E+02 -4.2203190590E-14  1.2268434539E-13
  2.6058720000E+02 -4.2577877231E-14  1.2308872110E-13
  2.6114670000E+02 -4.2846253136E-14  1.2319275357E-13
  2.6170680000E+02 -4.3008574967E-14  1.2299876407E-13
  2.6226750000E+02 -4.3065352007E-14  1.2250976666E-13
  2.6282880000E+02 -4.3017342828E-14  1.2172945520E-13
  2.6339070000E+02 -4.2865551380E-14  1.2066218881E-13
  2.6395320000E+02 -4.2611222541E-14  1.1931297591E-13
  2.6451630000E+02 -4.2255837119E-14  1.1768745686E-13
  2.6508000000E+02 -4.1801106337E-14  1.1579188517E-13
  2.6564430000E+02 -4.1248965815E-14  1.1363310754E-13
  2.6620920000E+02 -4.0601569064E-14  1.1121854251E-13
  2.6677470000E+02 -3.9861280514E-14  1.0855615805E-13
  2.6734080000E+02 -3.9030668099E-14  1.0565444796E-13
  2.6790750000E+02 -3.8112495419E-14  1.0252240723E-13
  2.6847480000E+02 -3.7109713489E-14  9.9169506472E-14
  2.6904270000E+02 -3.6025452125E-14  9.5605665334E-14
  2.6961120000E+02 -3.4863010959E-14  9.1841225143E-14
  2.7018030000E+02 -3.3625850136E-14  8.7886920740E-14
  2.7075000000E+02 -3.2317580691E-14  8.3753851628E-14
  2.7132030000E+02 -3.0941954655E-14  7.9453452472E-14
  2.7189120000E+02 -2.9502854900E-14  7.4997463064E-14
  2.7246270000E+02 -2.8004284759E-14  7.0397897799E-14
  2.7303480000E+02 -2.6450357437E-14  6.5667014749E-14
  2.7360750000E+02 -2.4845285254E-14  6.0817284417E-14
  2.7418080000E+02 -2.3193368732E-14  5.5861358236E-14
  2.7475470000E+02 -2.1498985564E-14  5.0812036900E-14
  2.7532920000E+02 -1.9766579488E-14  4.5682238596E-14
  2.7590430000E+02 -1.8000649096E-14  4.0484967215E-14
  2.7648000000E+02 -1.6205736596E-14  3.5233280622E-14
  2.7705630000E+02 -1.4386416571E-14  2.9940259056E-14
  2.7763320000E+02 -1.2547284741E-14  2.4618973727E-14
  2.7821070000E+02 -1.0692946775E-14  1.9282455698E-14
  2.7878880000E+02 -8.8280071665E-15  1.3943665112E-14
  2.7936750000E+02 -6.9570581977E-15  8.6154608360E-15
  2.7994680000E+02 -5.0846690286E-15  3.3105705916E-15
  2.8052670000E+02 -3.2153749249E-15 -1.9584383577E-15
  2.8110720000E+02 -1.3536666565E-15 -7.1791879022E-15
  2.8168830000E+02  4.9601991477E-16 -1.2339517102E-14
  2.8227000000E+02  2.3293140293E-15 -1.7427509456E-14
  2.8285230000E+02  4.1419199897E-15 -2.2431519372E-14
  2.8343520000E+02  5.9296268581E-15 -2.7340197781E-14
  2.8401870000E+02  7.6883178750E-15 -3.2142516834E-14
  2.8460280000E+02  9.4139795770E-15 -3.6827793640E-14
  2.8518750000E+02  1.1102710594E-14 -4.1385712995E-14
  2.8577280000E+02  1.2750730109E-14 -4.5806349044E-14
  2.8635870000E+02  1.4354385960E-14 -5.0080185853E-14
  2.8694520000E+02  1.5910162371E-14 -5.4198136833E-14
  2.8753230000E+02  1.7414687296E-14 -5.8151562993E-14
  2.8812000000E+02  1.8864739359E-14 -6.1932289970E-14
  2.8870830000E+02  2.0257254378E-14 -6.5532623836E-14
  2.8929720000E+02  2.1589331462E-14 -6.8945365611E-14
  2.8988670000E+02  2.2858238668E-14 -7.2163824499E-14
  2.9047680000E+02  2.4061418214E-14 -7.5181829807E-14
  2.9106750000E+02  2.5196491222E-14 -7.7993741518E-14
  2.9165880000E+02  2.6261262009E-14 -8.0594459529E-14
  2.9225070000E+02  2.7253721895E-14 -8.2979431522E-14
  2.9284320000E+02  2.8172052543E-14 -8.5144659474E-14
  2.9343630000E+02  2.9014628805E-14 -8.7086704785E-14
  2.9403000000E+02  2.9780021094E-14 -8.8802692043E-14
  2.9462430000E+02  3.0466997266E-14 -9.0290311408E-14
  2.9521920000E+02  3.1074524009E-14 -9.1547819636E-14
  2.9581470000E+02  3.1601767754E-14 -9.2574039740E-14
  2.9641080000E+02  3.2048095095E-14 -9.3368359310E-14
  2.9700750000E+02  3.2413072723E-14 -9.3930727489E-14
  2.9760480000E+02  3.2696466895E-14 -9.4261650649E-14
  2.9820270000E+02  3.2898242411E-14 -9.4362186757E-14
  2.9880120000E+02  3.3018561140E-14 -9.4233938486E-14
  2.9940030000E+02  3.3057780072E-14 -9.3879045068E-14
  3.0000000000E+02  3.3016448929E-14 -9.3300172935E-14
