  -4.00000000000000        1.74615089680823     
  -3.99000000022352        1.74357032104730     
  -3.98000000044703        1.74098626018702     
  -3.97000000067055        1.73839869982252     
  -3.96000000089407        1.73580762544759     
  -3.95000000111759        1.73321302245340     
  -3.94000000134110        1.73061487612769     
  -3.93000000156462        1.72801317165352     
  -3.92000000178814        1.72540789410839     
  -3.91000000201166        1.72279902846304     
  -3.90000000223517        1.72018655958037     
  -3.89000000245869        1.71757047221430     
  -3.88000000268221        1.71495075100879     
  -3.87000000290573        1.71232738049655     
  -3.86000000312924        1.70970034509790     
  -3.85000000335276        1.70706962911971     
  -3.84000000357628        1.70443521675406     
  -3.83000000379980        1.70179709207714     
  -3.82000000402331        1.69915523904799     
  -3.81000000424683        1.69650964150729     
  -3.80000000447035        1.69386028317611     
  -3.79000000469387        1.69120714765454     
  -3.78000000491738        1.68855021842054     
  -3.77000000514090        1.68588947882853     
  -3.76000000536442        1.68322491210810     
  -3.75000000558794        1.68055650136273     
  -3.74000000581145        1.67788422956826     
  -3.73000000603497        1.67520807957165     
  -3.72000000625849        1.67252803408954     
  -3.71000000648201        1.66984407570683     
  -3.70000000670552        1.66715618687516     
  -3.69000000692904        1.66446434991157     
  -3.68000000715256        1.66176854699692     
  -3.67000000737607        1.65906876017442     
  -3.66000000759959        1.65636497134805     
  -3.65000000782311        1.65365716228114     
  -3.64000000804663        1.65094531459460     
  -3.63000000827014        1.64822940976547     
  -3.62000000849366        1.64550942912526     
  -3.61000000871718        1.64278535385827     
  -3.60000000894070        1.64005716499995     
  -3.59000000916421        1.63732484343514     
  -3.58000000938773        1.63458836989651     
  -3.57000000961125        1.63184772496261     
  -3.56000000983477        1.62910288905626     
  -3.55000001005828        1.62635384244259     
  -3.54000001028180        1.62360056522736     
  -3.53000001050532        1.62084303735503     
  -3.52000001072884        1.61808123860686     
  -3.51000001095235        1.61531514859905     
  -3.50000001117587        1.61254474678073     
  -3.49000001139939        1.60977001243204     
  -3.48000001162291        1.60699092466214     
  -3.47000001184642        1.60420746240704     
  -3.46000001206994        1.60141960442768     
  -3.45000001229346        1.59862732930779     
  -3.44000001251698        1.59583061545173     
  -3.43000001274049        1.59302944108230     
  -3.42000001296401        1.59022378423858     
  -3.41000001318753        1.58741362277367     
  -3.40000001341105        1.58459893435246     
  -3.39000001363456        1.58177969644923     
  -3.38000001385808        1.57895588634533     
  -3.37000001408160        1.57612748112685     
  -3.36000001430511        1.57329445768213     
  -3.35000001452863        1.57045679269932     
  -3.34000001475215        1.56761446266388     
  -3.33000001497567        1.56476744385595     
  -3.32000001519918        1.56191571234792     
  -3.31000001542270        1.55905924400159     
  -3.30000001564622        1.55619801446573     
  -3.29000001586974        1.55333199917306     
  -3.28000001609325        1.55046117333774     
  -3.27000001631677        1.54758551195251     
  -3.26000001654029        1.54470498978561     
  -3.25000001676381        1.54181958137815     
  -3.24000001698732        1.53892926104096     
  -3.23000001721084        1.53603400285165     
  -3.22000001743436        1.53313378065151     
  -3.21000001765788        1.53022856804241     
  -3.20000001788139        1.52731833838359     
  -3.19000001810491        1.52440306478850     
  -3.18000001832843        1.52148272012138     
  -3.17000001855195        1.51855727699407     
  -3.16000001877546        1.51562670776246     
  -3.15000001899898        1.51269098452315     
  -3.14000001922250        1.50975007910979     
  -3.13000001944602        1.50680396308959     
  -3.12000001966953        1.50385260775963     
  -3.11000001989305        1.50089598414307     
  -3.10000002011657        1.49793406298544     
  -3.09000002034009        1.49496681475079     
  -3.08000002056360        1.49199420961765     
  -3.07000002078712        1.48901621747509     
  -3.06000002101064        1.48603280791868     
  -3.05000002123415        1.48304395024625     
  -3.04000002145767        1.48004961345366     
  -3.03000002168119        1.47704976623054     
  -3.02000002190471        1.47404437695586     
  -3.01000002212822        1.47103341369348     
  -3.00000002235174        1.46801684418746     
  -2.99000002257526        1.46499463585757     
  -2.98000002279878        1.46196675579449     
  -2.97000002302229        1.45893317075489     
  -2.96000002324581        1.45589384715660     
  -2.95000002346933        1.45284875107353     
  -2.94000002369285        1.44979784823057     
  -2.93000002391636        1.44674110399836     
  -2.92000002413988        1.44367848338791     
  -2.91000002436340        1.44060995104526     
  -2.90000002458692        1.43753547124582     
  -2.89000002481043        1.43445500788880     
  -2.88000002503395        1.43136852449139     
  -2.87000002525747        1.42827598418287     
  -2.86000002548099        1.42517734969868     
  -2.85000002570450        1.42207258337413     
  -2.84000002592802        1.41896164713826     
  -2.83000002615154        1.41584450250748     
  -2.82000002637506        1.41272111057890     
  -2.81000002659857        1.40959143202377     
  -2.80000002682209        1.40645542708072     
  -2.79000002704561        1.40331305554872     
  -2.78000002726912        1.40016427678007     
  -2.77000002749264        1.39700904967307     
  -2.76000002771616        1.39384733266471     
  -2.75000002793968        1.39067908372301     
  -2.74000002816319        1.38750426033946     
  -2.73000002838671        1.38432281952098     
  -2.72000002861023        1.38113471778189     
  -2.71000002883375        1.37793991113573     
  -2.70000002905726        1.37473835508675     
  -2.69000002928078        1.37153000462146     
  -2.68000002950430        1.36831481419953     
  -2.67000002972782        1.36509273774513     
  -2.66000002995133        1.36186372863750     
  -2.65000003017485        1.35862773970162     
  -2.64000003039837        1.35538472319856     
  -2.63000003062189        1.35213463081564     
  -2.62000003084540        1.34887741365636     
  -2.61000003106892        1.34561302223007     
  -2.60000003129244        1.34234140644140     
  -2.59000003151596        1.33906251557957     
  -2.58000003173947        1.33577629830713     
  -2.57000003196299        1.33248270264887     
  -2.56000003218651        1.32918167598009     
  -2.55000003241003        1.32587316501476     
  -2.54000003263354        1.32255711579337     
  -2.53000003285706        1.31923347367056     
  -2.52000003308058        1.31590218330221     
  -2.51000003330410        1.31256318863259     
  -2.50000003352761        1.30921643288067     
  -2.49000003375113        1.30586185852680     
  -2.48000003397465        1.30249940729830     
  -2.47000003419816        1.29912902015523     
  -2.46000003442168        1.29575063727558     
  -2.45000003464520        1.29236419804004     
  -2.44000003486872        1.28896964101657     
  -2.43000003509223        1.28556690394445     
  -2.42000003531575        1.28215592371784     
  -2.41000003553927        1.27873663636906     
  -2.40000003576279        1.27530897705138     
  -2.39000003598630        1.27187288002138     
  -2.38000003620982        1.26842827862074     
  -2.37000003643334        1.26497510525768     
  -2.36000003665686        1.26151329138784     
  -2.35000003688037        1.25804276749459     
  -2.34000003710389        1.25456346306893     
  -2.33000003732741        1.25107530658878     
  -2.32000003755093        1.24757822549766     
  -2.31000003777444        1.24407214618281     
  -2.30000003799796        1.24055699395277     
  -2.29000003822148        1.23703269301425     
  -2.28000003844500        1.23349916644827     
  -2.27000003866851        1.22995633618598     
  -2.26000003889203        1.22640412298323     
  -2.25000003911555        1.22284244639499     
  -2.24000003933907        1.21927122474857     
  -2.23000003956258        1.21569037511639     
  -2.22000003978610        1.21209981328774     
  -2.21000004000962        1.20849945373983     
  -2.20000004023314        1.20488920960793     
  -2.19000004045665        1.20126899265460     
  -2.18000004068017        1.19763871323812     
  -2.17000004090369        1.19399828027980     
  -2.16000004112720        1.19034760123040     
  -2.15000004135072        1.18668658203550     
  -2.14000004157424        1.18301512709982     
  -2.13000004179776        1.17933313925041     
  -2.12000004202127        1.17564051969868     
  -2.11000004224479        1.17193716800126     
  -2.10000004246831        1.16822298201970     
  -2.09000004269183        1.16449785787865     
  -2.08000004291534        1.16076168992303     
  -2.07000004313886        1.15701437067353     
  -2.06000004336238        1.15325579078085     
  -2.05000004358590        1.14948583897829     
  -2.04000004380941        1.14570440203299     
  -2.03000004403293        1.14191136469527     
  -2.02000004425645        1.13810660964661     
  -2.01000004447997        1.13429001744552     
  -2.00000004470348        1.13046146647190     
  -1.99000004492700        1.12662083286931     
  -1.98000004515052        1.12276799048528     
  -1.97000004537404        1.11890281080967     
  -1.96000004559755        1.11502516291067     
  -1.95000004582107        1.11113491336881     
  -1.94000004604459        1.10723192620838     
  -1.93000004626811        1.10331606282664     
  -1.92000004649162        1.09938718192031     
  -1.91000004671514        1.09544513940949     
  -1.90000004693866        1.09148978835880     
  -1.89000004716218        1.08752097889562     
  -1.88000004738569        1.08353855812528     
  -1.87000004760921        1.07954237004319     
  -1.86000004783273        1.07553225544349     
  -1.85000004805624        1.07150805182444     
  -1.84000004827976        1.06746959329010     
  -1.83000004850328        1.06341671044824     
  -1.82000004872680        1.05934923030430     
  -1.81000004895031        1.05526697615126     
  -1.80000004917383        1.05116976745517     
  -1.79000004939735        1.04705741973605     
  -1.78000004962087        1.04292974444416     
  -1.77000004984438        1.03878654883126     
  -1.76000005006790        1.03462763581657     
  -1.75000005029142        1.03045280384735     
  -1.74000005051494        1.02626184675367     
  -1.73000005073845        1.02205455359716     
  -1.72000005096197        1.01783070851343     
  -1.71000005118549        1.01359009054784     
  -1.70000005140901        1.00933247348423     
  -1.69000005163252        1.00505762566637     
  -1.68000005185604        1.00076530981159     
  -1.67000005207956       0.996455282816345     
  -1.66000005230308       0.992127295553152     
  -1.65000005252659       0.987781092658587     
  -1.64000005275011       0.983416412311687     
  -1.63000005297363       0.979032986002427     
  -1.62000005319715       0.974630538289562     
  -1.61000005342066       0.970208786547420     
  -1.60000005364418       0.965767440700897     
  -1.59000005386770       0.961306202948015     
  -1.58000005409122       0.956824767469520     
  -1.57000005431473       0.952322820124475     
  -1.56000005453825       0.947800038131328     
  -1.55000005476177       0.943256089733511     
  -1.54000005498528       0.938690633848618     
  -1.53000005520880       0.934103319700274     
  -1.52000005543232       0.929493786431718     
  -1.51000005565584       0.924861662699820     
  -1.50000005587935       0.920206566248581     
  -1.49000005610287       0.915528103460715     
  -1.48000005632639       0.910825868886053     
  -1.47000005654991       0.906099444745251     
  -1.46000005677342       0.901348400407369     
  -1.45000005699694       0.896572291839579     
  -1.44000005722046       0.891770661027299     
  -1.43000005744398       0.886943035362771     
  -1.42000005766749       0.882088927000144     
  -1.41000005789101       0.877207832174761     
  -1.40000005811453       0.872299230484379     
  -1.39000005833805       0.867362584129712     
  -1.38000005856156       0.862397337111550     
  -1.37000005878508       0.857402914381572     
  -1.36000005900860       0.852378720943622     
  -1.35000005923212       0.847324140901926     
  -1.34000005945563       0.842238536452668     
  -1.33000005967915       0.837121246814823     
  -1.32000005990267       0.831971587095879     
  -1.31000006012619       0.826788847087801     
  -1.30000006034970       0.821572289988001     
  -1.29000006057322       0.816321151039927     
  -1.28000006079674       0.811034636087139     
  -1.27000006102026       0.805711920034302     
  -1.26000006124377       0.800352145208091     
  -1.25000006146729       0.794954419610202     
  -1.24000006169081       0.789517815053902     
  -1.23000006191432       0.784041365175196     
  -1.22000006213784       0.778524063308207     
  -1.21000006236136       0.772964860214040     
  -1.20000006258488       0.767362661651020     
  -1.19000006280839       0.761716325773063     
  -1.18000006303191       0.756024660341853     
  -1.17000006325543       0.750286419737017     
  -1.16000006347895       0.744500301746677     
  -1.15000006370246       0.738664944119585     
  -1.14000006392598       0.732778920857383     
  -1.13000006414950       0.726840738224178     
  -1.12000006437302       0.720848830447378     
  -1.11000006459653       0.714801555081787     
  -1.10000006482005       0.708697188005473     
  -1.09000006504357       0.702533918012596     
  -1.08000006526709       0.696309840964883     
  -1.07000006549060       0.690022953458757     
  -1.06000006571412       0.683671145960609     
  -1.05000006593764       0.677252195356977     
  -1.04000006616116       0.670763756860871     
  -1.03000006638467       0.664203355207440     
  -1.02000006660819       0.657568375065616     
  -1.01000006683171       0.650856050582308     
  -1.00000006705523       0.644063453966056     
 -0.990000067278743       0.637187483005409     
 -0.980000067502260       0.630224847403916     
 -0.970000067725778       0.623172053798150     
 -0.960000067949295       0.616025389308487     
 -0.950000068172812       0.608780903451081     
 -0.940000068396330       0.601434388217804     
 -0.930000068619847       0.593981356102882     
 -0.920000068843365       0.586417015824699     
 -0.910000069066882       0.578736245455604     
 -0.900000069290400       0.570933562629910     
 -0.890000069513917       0.563003091452473     
 -0.880000069737434       0.554938525673111     
 -0.870000069960952       0.546733087624029     
 -0.860000070184469       0.538379482341809     
 -0.850000070407987       0.529869846199185     
 -0.840000070631504       0.521195689264570     
 -0.830000070855021       0.512347830477343     
 -0.820000071078539       0.503316324569087     
 -0.810000071302056       0.494090379479071     
 -0.800000071525574       0.484658262787181     
 -0.790000071749091       0.475007195421123     
 -0.780000071972609       0.465123230570108     
 -0.770000072196126       0.454991115345343     
 -0.760000072419643       0.444594132247187     
 -0.750000072643161       0.433913916913081     
 -0.740000072866678       0.422930247898672     
 -0.730000073090196       0.411620803350711     
 -0.720000073313713       0.399960878324974     
 -0.710000073537230       0.387923055111532     
 -0.700000073760748       0.375476817194331     
 -0.690000073984265       0.362588095267288     
 -0.680000074207783       0.349218730932452     
 -0.670000074431300       0.335325840119624     
 -0.660000074654818       0.320861053644677     
 -0.650000074878335       0.305769606318708     
 -0.640000075101852       0.289989238157532     
 -0.630000075325370       0.273448860852007     
 -0.620000075548887       0.256066928833380     
 -0.610000075772405       0.237749435649170     
 -0.600000075995922       0.218387431088146     
 -0.590000076219440       0.197853919752471     
 -0.580000076442957       0.175999953498283     
 -0.570000076666474       0.152649662211549     
 -0.560000076889992       0.127593870421790     
 -0.550000077113509       0.100581806838928     
 -0.540000077337027       7.131020725650558E-002
 -0.530000077560544       3.940880177273427E-002
 -0.520000077784061       4.420704733872385E-003
 -0.510000078007579      -3.422451117158722E-002
 -0.500000078231096      -7.724845199423427E-002
 -0.490000078454614      -0.125577574875039     
 -0.480000078678131      -0.180421475409754     
 -0.470000078901649      -0.243390050387795     
 -0.460000079125166      -0.316674089978771     
 -0.450000079348683      -0.403333335400684     
 -0.440000079572201      -0.507774824458141     
 -0.430000079795718      -0.636586321439357     
 -0.420000080019236      -0.800075765093050     
 -0.410000080242753       -1.01532921189066     
 -0.400000080466270       -1.31287854075788     
 -0.390000080689788       -1.75316790633307     
 -0.380000080913305       -2.47506867287303     
 -0.370000081136823       -3.88415384357386     
 -0.360000081360340       -7.88424695132867     
 -0.350000081583858       -108.363023039575     
 -0.340000081807375        10.2405734874851     
 -0.330000082030892        5.11222013398574     
 -0.320000082254410        3.49529549959706     
 -0.310000082477927        2.70053617247627     
 -0.300000082701445        2.22631154456761     
 -0.290000082924962        1.91008994826528     
 -0.280000083148479        1.68332615598529     
 -0.270000083371997        1.51210559164872     
 -0.260000083595514        1.37772644941619     
 -0.250000083819032        1.26902980188150     
 -0.240000084042549        1.17894501102965     
 -0.230000084266067        1.10277443307077     
 -0.220000084489584        1.03727487175395     
 -0.210000084713101       0.980135036100353     
 -0.200000084936619       0.929663174848677     
 -0.190000085160136       0.884592457011163     
 -0.180000085383654       0.843955377598029     
 -0.170000085607171       0.807000221307824     
 -0.160000085830688       0.773134021361964     
 -0.150000086054206       0.741882701599815     
 -0.140000086277723       0.712862651409245     
 -0.130000086501241       0.685760082034266     
 -0.120000086724758       0.660315787430158     
 -0.110000086948276       0.636313727893092     
 -9.000008739531040E-002  0.591937987978085     
 -8.000008761882782E-002  0.571279562071296     
 -7.000008784234524E-002  0.551484639382212     
 -6.000008806586266E-002  0.532456150180833     
 -5.000008828938007E-002  0.514109825046872     
 -4.000008851289749E-002  0.496372119079868     
 -3.000008873641491E-002  0.479178526105495     
 -2.000008895993233E-002  0.462472199928916     
 -1.000008918344975E-002  0.446202819263641     
 -8.940696716308594E-008  0.430325647466174     
  9.999910369515419E-003  0.414800749102803     
  1.999991014599800E-002  0.399592333599455     
  2.999990992248058E-002  0.384668202498776     
  3.999990969896317E-002  0.369999281682429     
  4.999990947544575E-002  0.355559223638703     
  5.999990925192833E-002  0.341324067783258     
  6.999990902841091E-002  0.327271949128679     
  7.999990880489349E-002  0.313382847392529     
  8.999990858137608E-002  0.299638370095385     
  9.999990835785866E-002  0.286021564329535     
  0.109999908134341       0.272516752814487     
  0.119999907910824       0.259109390598786     
  0.129999907687306       0.245785939378978     
  0.139999907463789       0.232533756888263     
  0.149999907240272       0.219340999236062     
  0.159999907016754       0.206196534388285     
  0.169999906793237       0.193089865272041     
  0.179999906569719       0.180011061209609     
  0.189999906346202       0.166950696580791     
  0.199999906122684       0.153899795764567     
  0.209999905899167       0.140849783558134     
  0.219999905675650       0.127792440368423     
  0.229999905452132       0.114719861578327     
  0.239999905228615       0.101624420559993     
  0.249999905005097       8.849873488660449E-002
  0.259999904781580       7.533563533934128E-002
  0.269999904558063       6.212813736656726E-002
  0.279999904334545       4.886941468773850E-002
  0.289999904111028       3.555277477350004E-002
  0.299999903887510       2.217163595939789E-002
  0.309999903663993       8.719505987823147E-003
  0.319999903440475      -4.810038216992913E-003
  0.329999903216958      -1.842336971021503E-002
  0.339999902993441      -3.212682977709499E-002
  0.349999902769923      -4.592674540913556E-002
  0.359999902546406      -5.982944613953019E-002
  0.369999902322888      -7.384128034942392E-002
  0.379999902099371      -8.796863115277009E-002
  0.389999901875854      -0.102217931965288     
  0.399999901652336      -0.116595681845097     
  0.409999901428819      -0.131108460703167     
  0.419999901205301      -0.145762944457661     
  0.429999900981784      -0.160565920227770     
  0.439999900758266      -0.175524301636643     
  0.449999900534749      -0.190645144307752     
  0.459999900311232      -0.205935661633517     
  0.469999900087714      -0.221403240890792     
  0.479999899864197      -0.237055459786580     
  0.489999899640679      -0.252900103511615     
  0.499999899417162      -0.268945182388682     
  0.509999899193645      -0.285198950197564     
  0.519999898970127      -0.301669923269083     
  0.529999898746610      -0.318366900441506     
  0.539999898523092      -0.335298983979579     
  0.549999898299575      -0.352475601559437     
  0.559999898076057      -0.369906529434935     
  0.569999897852540      -0.387601916903681     
  0.579999897629023      -0.405572312203452     
  0.589999897405505      -0.423828689980514     
  0.599999897181988      -0.442382480475222     
  0.609999896958470      -0.461245600597011     
  0.619999896734953      -0.480430487064959     
  0.629999896511436      -0.499950131805861     
  0.639999896287918      -0.519818119828216     
  0.649999896064401      -0.540048669804828     
  0.659999895840883      -0.560656677621758     
  0.669999895617366      -0.581657763173817     
  0.679999895393848      -0.603068320723640     
  0.689999895170331      -0.624905573169176     
  0.699999894946814      -0.647187630592152     
  0.709999894723296      -0.669933553525110     
  0.719999894499779      -0.693163421394459     
  0.729999894276261      -0.716898406666901     
  0.739999894052744      -0.741160855279680     
  0.749999893829226      -0.765974374004238     
  0.759999893605709      -0.791363925469780     
  0.769999893382192      -0.817355931651190     
  0.779999893158674      -0.843978386743135     
  0.789999892935157      -0.871260980436129     
  0.799999892711639      -0.899235232744303     
  0.809999892488122      -0.927934641689657     
  0.819999892264605      -0.957394845302247     
  0.829999892041087      -0.987653799601634     
  0.839999891817570       -1.01875197443947     
  0.849999891594052       -1.05073256934198     
  0.859999891370535       -1.08364175179238     
  0.869999891147017       -1.11752892072959     
  0.879999890923500       -1.15244699844593     
  0.889999890699983       -1.18845275454144     
  0.899999890476465       -1.22560716610173     
  0.909999890252948       -1.26397581896397     
  0.919999890029430       -1.30362935562045     
  0.929999889805913       -1.34464397623712     
  0.939999889582396       -1.38710200029685     
  0.949999889358878       -1.43109249759057     
  0.959999889135361       -1.47671199879315     
  0.969999888911843       -1.52406529758002     
  0.979999888688326       -1.57326635833891     
  0.989999888464808       -1.62443934610981     
  0.999999888241291       -1.67771979836174     
   1.00999988801777       -1.73325596195747     
   1.01999988779426       -1.79121032314888     
   1.02999988757074       -1.85176136389269     
   1.03999988734722       -1.91510558458001     
   1.04999988712370       -1.98145984154198     
   1.05999988690019       -2.05106405798529     
   1.06999988667667       -2.12418437992643     
   1.07999988645315       -2.20111686469871     
   1.08999988622963       -2.28219180996030     
   1.09999988600612       -2.36777885681329     
   1.10999988578260       -2.45829303352221     
   1.11999988555908       -2.55420194851459     
   1.12999988533556       -2.65603439596721     
   1.13999988511205       -2.76439070860646     
   1.14999988488853       -2.87995528609760     
   1.15999988466501       -3.00351185176546     
   1.16999988444149       -3.13596215689986     
   1.17999988421798       -3.27834907727437     
   1.18999988399446       -3.43188535395581     
   1.19999988377094       -3.59798965624777     
   1.20999988354743       -3.77833223937845     
   1.21999988332391       -3.97489331343982     
   1.22999988310039       -4.19003845320601     
   1.23999988287687       -4.42661714972612     
   1.24999988265336       -4.68809323619023     
   1.25999988242984       -4.97871990000343     
   1.26999988220632       -5.30377813778359     
   1.27999988198280       -5.66990721043620     
   1.28999988175929       -6.08557135473858     
   1.29999988153577       -6.56173313510508     
   1.30999988131225       -7.11284867990557     
   1.31999988108873       -7.75837985953207     
   1.32999988086522       -8.52516635450109     
   1.33999988064170       -9.45128780505415     
   1.34999988041818       -10.5926357884276     
   1.35999988019466       -12.0347075709856     
   1.36999987997115       -13.9152009417614     
   1.37999987974763       -16.4710296043308     
   1.38999987952411       -20.1473174267336     
   1.39999987930059       -25.8905342086418     
   1.40999987907708       -36.1309764055851     
   1.41999987885356       -59.5648964219505     
   1.42999987863004       -167.970138298268     
   1.43999987840652        206.933034127045     
   1.44999987818301        64.2098102060848     
   1.45999987795949        38.0582670211615     
   1.46999987773597        27.0697079085122     
   1.47999987751245        21.0185982489367     
   1.48999987728894        17.1863508552981     
   1.49999987706542        14.5406974640930     
   1.50999987684190        12.6037139633618     
   1.51999987661839        11.1237506282005     
   1.52999987639487        9.95569211563782     
   1.53999987617135        9.00997710479726     
   1.54999987594783        8.22833586940251     
   1.55999987572432        7.57122192870387     
   1.56999987550080        7.01085099283775     
   1.57999987527728        6.52713059664229     
   1.58999987505376        6.10517060479840     
   1.59999987483025        5.73370181829943     
   1.60999987460673        5.40403837045728     
   1.61999987438321        5.10937758226933     
   1.62999987415969        4.84431581551154     
   1.63999987393618        4.60450638404164     
   1.64999987371266        4.38641316107615     
   1.65999987348914        4.18713004100393     
   1.66999987326562        4.00424659721946     
   1.67999987304211        3.83574670999415     
   1.68999987281859        3.67993109384656     
   1.69999987259507        3.53535740046466     
   1.70999987237155        3.40079341440984     
   1.71999987214804        3.27518012023967     
   1.72999987192452        3.15760229448352     
   1.73999987170100        3.04726489231127     
   1.74999987147748        2.94347393974877     
   1.75999987125397        2.84562095862256     
   1.76999987103045        2.75317018557129     
   1.77999987080693        2.66564801708818     
   1.78999987058342        2.58263424103976     
   1.79999987035990        2.50375471158513     
   1.80999987013638        2.42867519776512     
   1.81999986991286        2.35709619188433     
   1.82999986968935        2.28874850761831     
   1.83999986946583        2.22338953099229     
   1.84999986924231        2.16080001404431     
   1.85999986901879        2.10078132173992     
   1.86999986879528        2.04315305890617     
   1.87999986857176        1.98775101760382     
   1.88999986834824        1.93442539545743     
   1.89999986812472        1.88303924398464     
   1.90999986790121        1.83346711327394     
   1.91999986767769        1.78559386436106     
   1.92999986745417        1.73931362575113     
   1.93999986723065        1.69452887398503     
   1.94999986700714        1.65114962144082     
   1.95999986678362        1.60909269703448     
   1.96999986656010        1.56828110754216     
   1.97999986633658        1.52864346939889     
   1.98999986611307        1.49011350191735     
   1.99999986588955        1.45262957425397     
