  -4.00000000000000        1.74610136762553     
  -3.99000000022352        1.74352098877207     
  -3.98000000044703        1.74093712457716     
  -3.97000000067055        1.73834976063576     
  -3.96000000089407        1.73575888244130     
  -3.95000000111759        1.73316447538476     
  -3.94000000134110        1.73056652475356     
  -3.93000000156462        1.72796501573056     
  -3.92000000178814        1.72535993339293     
  -3.91000000201166        1.72275126271115     
  -3.90000000223517        1.72013898854786     
  -3.89000000245869        1.71752309565674     
  -3.88000000268221        1.71490356868143     
  -3.87000000290573        1.71228039215437     
  -3.86000000312924        1.70965355049564     
  -3.85000000335276        1.70702302801178     
  -3.84000000357628        1.70438880889461     
  -3.83000000379980        1.70175087722006     
  -3.82000000402331        1.69910921694688     
  -3.81000000424683        1.69646381191546     
  -3.80000000447035        1.69381464584656     
  -3.79000000469387        1.69116170234002     
  -3.78000000491738        1.68850496487348     
  -3.77000000514090        1.68584441680110     
  -3.76000000536442        1.68318004135217     
  -3.75000000558794        1.68051182162984     
  -3.74000000581145        1.67783974060970     
  -3.73000000603497        1.67516378113839     
  -3.72000000625849        1.67248392593226     
  -3.71000000648201        1.66980015757588     
  -3.70000000670552        1.66711245852063     
  -3.69000000692904        1.66442081108321     
  -3.68000000715256        1.66172519744418     
  -3.67000000737607        1.65902559964644     
  -3.66000000759959        1.65632199959369     
  -3.65000000782311        1.65361437904888     
  -3.64000000804663        1.65090271963266     
  -3.63000000827014        1.64818700282174     
  -3.62000000849366        1.64546720994730     
  -3.61000000871718        1.64274332219331     
  -3.60000000894070        1.64001532059489     
  -3.59000000916421        1.63728318603662     
  -3.58000000938773        1.63454689925077     
  -3.57000000961125        1.63180644081558     
  -3.56000000983477        1.62906179115351     
  -3.55000001005828        1.62631293052940     
  -3.54000001028180        1.62355983904864     
  -3.53000001050532        1.62080249665536     
  -3.52000001072884        1.61804088313048     
  -3.51000001095235        1.61527497808983     
  -3.50000001117587        1.61250476098223     
  -3.49000001139939        1.60973021108744     
  -3.48000001162291        1.60695130751424     
  -3.47000001184642        1.60416802919833     
  -3.46000001206994        1.60138035490028     
  -3.45000001229346        1.59858826320345     
  -3.44000001251698        1.59579173251181     
  -3.43000001274049        1.59299074104782     
  -3.42000001296401        1.59018526685019     
  -3.41000001318753        1.58737528777165     
  -3.40000001341105        1.58456078147667     
  -3.39000001363456        1.58174172543916     
  -3.38000001385808        1.57891809694011     
  -3.37000001408160        1.57608987306522     
  -3.36000001430511        1.57325703070242     
  -3.35000001452863        1.57041954653948     
  -3.34000001475215        1.56757739706144     
  -3.33000001497567        1.56473055854807     
  -3.32000001519918        1.56187900707131     
  -3.31000001542270        1.55902271849261     
  -3.30000001564622        1.55616166846025     
  -3.29000001586974        1.55329583240660     
  -3.28000001609325        1.55042518554540     
  -3.27000001631677        1.54754970286888     
  -3.26000001654029        1.54466935914495     
  -3.25000001676381        1.54178412891423     
  -3.24000001698732        1.53889398648714     
  -3.23000001721084        1.53599890594083     
  -3.22000001743436        1.53309886111616     
  -3.21000001765788        1.53019382561453     
  -3.20000001788139        1.52728377279476     
  -3.19000001810491        1.52436867576979     
  -3.18000001832843        1.52144850740344     
  -3.17000001855195        1.51852324030706     
  -3.16000001877546        1.51559284683608     
  -3.15000001899898        1.51265729908661     
  -3.14000001922250        1.50971656889182     
  -3.13000001944602        1.50677062781844     
  -3.12000001966953        1.50381944716303     
  -3.11000001989305        1.50086299794828     
  -3.10000002011657        1.49790125091923     
  -3.09000002034009        1.49493417653937     
  -3.08000002056360        1.49196174498676     
  -3.07000002078712        1.48898392614994     
  -3.06000002101064        1.48600068962394     
  -3.05000002123415        1.48301200470604     
  -3.04000002145767        1.48001784039161     
  -3.03000002168119        1.47701816536972     
  -3.02000002190471        1.47401294801879     
  -3.01000002212822        1.47100215640208     
  -3.00000002235174        1.46798575826316     
  -2.99000002257526        1.46496372102121     
  -2.98000002279878        1.46193601176629     
  -2.97000002302229        1.45890259725454     
  -2.96000002324581        1.45586344390317     
  -2.95000002346933        1.45281851778551     
  -2.94000002369285        1.44976778462585     
  -2.93000002391636        1.44671120979420     
  -2.92000002413988        1.44364875830098     
  -2.91000002436340        1.44058039479158     
  -2.90000002458692        1.43750608354079     
  -2.89000002481043        1.43442578844718     
  -2.88000002503395        1.43133947302729     
  -2.87000002525747        1.42824710040976     
  -2.86000002548099        1.42514863332933     
  -2.85000002570450        1.42204403412067     
  -2.84000002592802        1.41893326471215     
  -2.83000002615154        1.41581628661943     
  -2.82000002637506        1.41269306093898     
  -2.81000002659857        1.40956354834134     
  -2.80000002682209        1.40642770906441     
  -2.79000002704561        1.40328550290645     
  -2.78000002726912        1.40013688921898     
  -2.77000002749264        1.39698182689960     
  -2.76000002771616        1.39382027438452     
  -2.75000002793968        1.39065218964105     
  -2.74000002816319        1.38747753015985     
  -2.73000002838671        1.38429625294707     
  -2.72000002861023        1.38110831451626     
  -2.71000002883375        1.37791367088014     
  -2.70000002905726        1.37471227754216     
  -2.69000002928078        1.37150408948794     
  -2.68000002950430        1.36828906117641     
  -2.67000002972782        1.36506714653082     
  -2.66000002995133        1.36183829892958     
  -2.65000003017485        1.35860247119679     
  -2.64000003039837        1.35535961559264     
  -2.63000003062189        1.35210968380356     
  -2.62000003084540        1.34885262693213     
  -2.61000003106892        1.34558839548679     
  -2.60000003129244        1.34231693937126     
  -2.59000003151596        1.33903820787374     
  -2.58000003173947        1.33575214965591     
  -2.57000003196299        1.33245871274154     
  -2.56000003218651        1.32915784450493     
  -2.55000003241003        1.32584949165908     
  -2.54000003263354        1.32253360024347     
  -2.53000003285706        1.31921011561167     
  -2.52000003308058        1.31587898241856     
  -2.51000003330410        1.31254014460729     
  -2.50000003352761        1.30919354539587     
  -2.49000003375113        1.30583912726346     
  -2.48000003397465        1.30247683193631     
  -2.47000003419816        1.29910660037336     
  -2.46000003442168        1.29572837275144     
  -2.45000003464520        1.29234208845012     
  -2.44000003486872        1.28894768603620     
  -2.43000003509223        1.28554510324772     
  -2.42000003531575        1.28213427697766     
  -2.41000003553927        1.27871514325714     
  -2.40000003576279        1.27528763723818     
  -2.39000003598630        1.27185169317609     
  -2.38000003620982        1.26840724441127     
  -2.37000003643334        1.26495422335066     
  -2.36000003665686        1.26149256144856     
  -2.35000003688037        1.25802218918702     
  -2.34000003710389        1.25454303605571     
  -2.33000003732741        1.25105503053115     
  -2.32000003755093        1.24755810005546     
  -2.31000003777444        1.24405217101449     
  -2.30000003799796        1.24053716871532     
  -2.29000003822148        1.23701301736318     
  -2.28000003844500        1.23347964003769     
  -2.27000003866851        1.22993695866840     
  -2.26000003889203        1.22638489400971     
  -2.25000003911555        1.22282336561500     
  -2.24000003933907        1.21925229181004     
  -2.23000003956258        1.21567158966563     
  -2.22000003978610        1.21208117496946     
  -2.21000004000962        1.20848096219709     
  -2.20000004023314        1.20487086448210     
  -2.19000004045665        1.20125079358540     
  -2.18000004068017        1.19762065986353     
  -2.17000004090369        1.19398037223605     
  -2.16000004112720        1.19032983815195     
  -2.15000004135072        1.18666896355504     
  -2.14000004157424        1.18299765284819     
  -2.13000004179776        1.17931580885661     
  -2.12000004202127        1.17562333278981     
  -2.11000004224479        1.17192012420256     
  -2.10000004246831        1.16820608095441     
  -2.09000004269183        1.16448109916811     
  -2.08000004291534        1.16074507318654     
  -2.07000004313886        1.15699789552839     
  -2.06000004336238        1.15323945684227     
  -2.05000004358590        1.14946964585945     
  -2.04000004380941        1.14568834934490     
  -2.03000004403293        1.14189545204685     
  -2.02000004425645        1.13809083664453     
  -2.01000004447997        1.13427438369430     
  -2.00000004470348        1.13044597157378     
  -1.99000004492700        1.12660547642427     
  -1.98000004515052        1.12275277209099     
  -1.97000004537404        1.11888773006143     
  -1.96000004559755        1.11501021940143     
  -1.95000004582107        1.11112010668908     
  -1.94000004604459        1.10721725594624     
  -1.93000004626811        1.10330152856768     
  -1.92000004649162        1.09937278324760     
  -1.91000004671514        1.09543087590353     
  -1.90000004693866        1.09147565959751     
  -1.89000004716218        1.08750698445428     
  -1.88000004738569        1.08352469757653     
  -1.87000004760921        1.07952864295693     
  -1.86000004783273        1.07551866138689     
  -1.85000004805624        1.07149459036189     
  -1.84000004827976        1.06745626398317     
  -1.83000004850328        1.06340351285562     
  -1.82000004872680        1.05933616398181     
  -1.81000004895031        1.05525404065178     
  -1.80000004917383        1.05115696232859     
  -1.79000004939735        1.04704474452925     
  -1.78000004962087        1.04291719870097     
  -1.77000004984438        1.03877413209240     
  -1.76000005006790        1.03461534761963     
  -1.75000005029142        1.03044064372675     
  -1.74000005051494        1.02624981424059     
  -1.73000005073845        1.02204264821953     
  -1.72000005096197        1.01781892979590     
  -1.71000005118549        1.01357843801171     
  -1.70000005140901        1.00932094664742     
  -1.69000005163252        1.00504622404338     
  -1.68000005185604        1.00075403291347     
  -1.67000005207956       0.996444130150636     
  -1.66000005230308       0.992116266623872     
  -1.65000005252659       0.987770186966164     
  -1.64000005275011       0.983405629352944     
  -1.63000005297363       0.979022325270524     
  -1.62000005319715       0.974619999273983     
  -1.61000005342066       0.970198368733918     
  -1.60000005364418       0.965757143571453     
  -1.59000005386770       0.961296025980840     
  -1.58000005409122       0.956814710138972     
  -1.57000005431473       0.952312881901053     
  -1.56000005453825       0.947790218481647     
  -1.55000005476177       0.943246388120251     
  -1.54000005498528       0.938681049730504     
  -1.53000005520880       0.934093852532067     
  -1.52000005543232       0.929484435664155     
  -1.51000005565584       0.924852427779618     
  -1.50000005587935       0.920197446618407     
  -1.49000005610287       0.915519098559171     
  -1.48000005632639       0.910816978147649     
  -1.47000005654991       0.906090667600405     
  -1.46000005677342       0.901339736282391     
  -1.45000005699694       0.896563740156670     
  -1.44000005722046       0.891762221204533     
  -1.43000005744398       0.886934706814109     
  -1.42000005766749       0.882080709135433     
  -1.41000005789101       0.877199724399751     
  -1.40000005811453       0.872291232200733     
  -1.39000005833805       0.867354694735013     
  -1.38000005856156       0.862389555999352     
  -1.37000005878508       0.857395240941427     
  -1.36000005900860       0.852371154561097     
  -1.35000005923212       0.847316680958667     
  -1.34000005945563       0.842231182326459     
  -1.33000005967915       0.837113997879641     
  -1.32000005990267       0.831964442721975     
  -1.31000006012619       0.826781806641765     
  -1.30000006034970       0.821565352832881     
  -1.29000006057322       0.816314316535326     
  -1.28000006079674       0.811027903589316     
  -1.27000006102026       0.805705288896330     
  -1.26000006124377       0.800345614780004     
  -1.25000006146729       0.794947989239132     
  -1.24000006169081       0.789511484084310     
  -1.23000006191432       0.784035132949027     
  -1.22000006213784       0.778517929165141     
  -1.21000006236136       0.772958823491740     
  -1.20000006258488       0.767356721685378     
  -1.19000006280839       0.761710481898515     
  -1.18000006303191       0.756018911891726     
  -1.17000006325543       0.750280766043844     
  -1.16000006347895       0.744494742142638     
  -1.15000006370246       0.738659477936892     
  -1.14000006392598       0.732773547428807     
  -1.13000006414950       0.726835456883516     
  -1.12000006437302       0.720843640530054     
  -1.11000006459653       0.714796455925470     
  -1.10000006482005       0.708692178950732     
  -1.09000006504357       0.702528998403681     
  -1.08000006526709       0.696305010150532     
  -1.07000006549060       0.690018210793085     
  -1.06000006571412       0.683666490804061     
  -1.05000006593764       0.677247627077477     
  -1.04000006616116       0.670759274834906     
  -1.03000006638467       0.664198958821435     
  -1.02000006660819       0.657564063717322     
  -1.01000006683171       0.650851823682341     
  -1.00000006705523       0.644059310939640     
 -0.990000067278743       0.637183423294278     
 -0.980000067502260       0.630220870468342     
 -0.970000067725778       0.623168159119320     
 -0.960000067949295       0.616021576390931     
 -0.950000068172812       0.608777171825579     
 -0.940000068396330       0.601430737444421     
 -0.930000068619847       0.593977785774367     
 -0.920000068843365       0.586413525570374     
 -0.910000069066882       0.578732834945521     
 -0.900000069290400       0.570930231579594     
 -0.890000069513917       0.562999839628228     
 -0.880000069737434       0.554935352897649     
 -0.870000069960952       0.546729993783329     
 -0.860000070184469       0.538376467392231     
 -0.850000070407987       0.529866910175683     
 -0.840000070631504       0.521192832290220     
 -0.830000070855021       0.512345052773507     
 -0.820000071078539       0.503313626467402     
 -0.810000071302056       0.494087761434763     
 -0.800000071525574       0.484655725394267     
 -0.790000071749091       0.475004739429650     
 -0.780000071972609       0.465120856906062     
 -0.770000072196126       0.454988825133220     
 -0.760000072419643       0.444591926835992     
 -0.750000072643161       0.433911797906350     
 -0.740000072866678       0.422928217188949     
 -0.730000073090196       0.411618863160230     
 -0.720000073313713       0.399959031252111     
 -0.710000073537230       0.387921304185866     
 -0.700000073760748       0.375475165940951     
 -0.690000073984265       0.362586547782948     
 -0.680000074207783       0.349217291975640     
 -0.670000074431300       0.335324515217758     
 -0.660000074654818       0.320859849222653     
 -0.650000074878335       0.305768529853975     
 -0.640000075101852       0.289988298366913     
 -0.630000075325370       0.273448067920921     
 -0.620000075548887       0.256066294695645     
 -0.610000075772405       0.237748974333994     
 -0.600000075995922       0.218387159151882     
 -0.590000076219440       0.197853856820795     
 -0.580000076442957       0.176000122953440     
 -0.570000076666474       0.152650092071840     
 -0.560000076889992       0.127594594479048     
 -0.550000077113509       0.100582866146632     
 -0.540000077337027       7.131165210047818E-002
 -0.530000077560544       3.941069431708988E-002
 -0.520000077784061       4.423122630568024E-003
 -0.510000078007579      -3.422146977876667E-002
 -0.500000078231096      -7.724466139808020E-002
 -0.490000078454614      -0.125572871602317     
 -0.480000078678131      -0.180415643138581     
 -0.470000078901649      -0.243382797038453     
 -0.460000079125166      -0.316665011803745     
 -0.450000079348683      -0.403321858596103     
 -0.440000079572201      -0.507760106023576     
 -0.430000079795718      -0.636567071818084     
 -0.420000080019236      -0.800049910103325     
 -0.410000080242753       -1.01529319447336     
 -0.400000080466270       -1.31282572129435     
 -0.390000080689788       -1.75308434415777     
 -0.380000080913305       -2.47491949157330     
 -0.370000081136823       -3.88382207898061     
 -0.360000081360340       -7.88300400552061     
 -0.350000081583858       -108.148618451420     
 -0.340000081807375        10.2423381184868     
 -0.330000082030892        5.11262635945935     
 -0.320000082254410        3.49547162958936     
 -0.310000082477927        2.70063403919222     
 -0.300000082701445        2.22637365327566     
 -0.290000082924962        1.91013275984463     
 -0.280000083148479        1.68335737101768     
 -0.270000083371997        1.51212929215710     
 -0.260000083595514        1.37774500125777     
 -0.250000083819032        1.26904467144951     
 -0.240000084042549        1.17895715614374     
 -0.230000084266067        1.10278450631674     
 -0.220000084489584        1.03728333348360     
 -0.210000084713101       0.980142220694661     
 -0.200000084936619       0.929669331345200     
 -0.190000085160136       0.884597774980650     
 -0.180000085383654       0.843960004151109     
 -0.170000085607171       0.807004272608188     
 -0.160000085830688       0.773137590598752     
 -0.150000086054206       0.741885864637296     
 -0.140000086277723       0.712865470871823     
 -0.130000086501241       0.685762610303616     
 -0.120000086724758       0.660318068888800     
 -0.110000086948276       0.636315800621278     
 -0.100000087171793       0.613574259589528     
 -9.000008739531040E-002  0.591939738520898     
 -8.000008761882782E-002  0.571281192000499     
 -7.000008784234524E-002  0.551486172083711     
 -6.000008806586266E-002  0.532457607013687     
 -5.000008828938007E-002  0.514111225764077     
 -4.000008851289749E-002  0.496373482174299     
 -3.000008873641491E-002  0.479179869097212     
 -2.000008895993233E-002  0.462473539610460     
 -1.000008918344975E-002  0.446204171907190     
 -8.940696716308594E-008  0.430327029003555     
  9.999910369515419E-003  0.414802175283291     
  1.999991014599800E-002  0.399593820129274     
  2.999990992248058E-002  0.384669765168190     
  3.999990969896317E-002  0.370000936479282     
  4.999990947544575E-002  0.355560986854938     
  5.999990925192833E-002  0.341325956115792     
  6.999990902841091E-002  0.327273979772022     
  7.999990880489349E-002  0.313385038131402     
  8.999990858137608E-002  0.299640739392879     
  9.999990835785866E-002  0.286024131414352     
  0.109999908134341       0.272519537767838     
  0.119999907910824       0.259112414442328     
  0.129999907687306       0.245789224161298     
  0.139999907463789       0.232537325776900     
  0.149999907240272       0.219344876608527     
  0.159999907016754       0.206200745927372     
  0.169999906793237       0.193094438064563     
  0.179999906569719       0.180016023849357     
  0.189999906346202       0.166956079274561     
  0.199999906122684       0.153905630445603     
  0.209999905899167       0.140856104003280     
  0.219999905675650       0.127799282322492     
  0.229999905452132       0.114727262884133     
  0.239999905228615       0.101632421297393     
  0.249999905005097       8.850737751778456E-002
  0.259999904781580       7.534496486404096E-002
  0.269999904558063       6.213820148626809E-002
  0.279999904334545       4.888026397986150E-002
  0.289999904111028       3.556446287563766E-002
  0.299999903887510       2.218421976748876E-002
  0.309999903663993       8.733045865272088E-003
  0.319999903440475      -4.795478216666133E-003
  0.329999903216958      -1.840772160549825E-002
  0.339999902993441      -3.211002140394499E-002
  0.349999902769923      -4.590870015152870E-002
  0.359999902546406      -5.981008264004409E-002
  0.369999902322888      -7.382051219992906E-002
  0.379999902099371      -8.794636656533489E-002
  0.389999901875854      -0.102194073418410     
  0.399999901652336      -0.116570125707160     
  0.409999901428819      -0.131081096826240     
  0.419999901205301      -0.145733655746082     
  0.429999900981784      -0.160534582172733     
  0.439999900758266      -0.175490781818483     
  0.449999900534749      -0.190609301862159     
  0.459999900311232      -0.205897346677129     
  0.469999900087714      -0.221362293905297     
  0.479999899864197      -0.237011710956131     
  0.489999899640679      -0.252853372011240     
  0.499999899417162      -0.268895275617271     
  0.509999899193645      -0.285145662952764     
  0.519999898970127      -0.301613036858273     
  0.529999898746610      -0.318306181723431     
  0.539999898523092      -0.335234184329873     
  0.549999898299575      -0.352406455754922     
  0.559999898076057      -0.369832754447941     
  0.569999897852540      -0.387523210599170     
  0.579999897629023      -0.405488351929856     
  0.589999897405505      -0.423739131042688     
  0.599999897181988      -0.442286954482969     
  0.609999896958470      -0.461143713673865     
  0.619999896734953      -0.480321817903503     
  0.629999896511436      -0.499834229557945     
  0.639999896287918      -0.519694501812157     
  0.649999896064401      -0.539916819011582     
  0.659999895840883      -0.560516039999652     
  0.669999895617366      -0.581507744672290     
  0.679999895393848      -0.602908284069151     
  0.689999895170331      -0.624734834343711     
  0.699999894946814      -0.647005454990617     
  0.709999894723296      -0.669739151749649     
  0.719999894499779      -0.692955944651701     
  0.729999894276261      -0.716676941724332     
  0.739999894052744      -0.740924418933126     
  0.749999893829226      -0.765721907001784     
  0.759999893605709      -0.791094285829318     
  0.769999893382192      -0.817067887308385     
  0.779999893158674      -0.843670607446445     
  0.789999892935157      -0.870932028802311     
  0.799999892711639      -0.898883554377721     
  0.809999892488122      -0.927558554248596     
  0.819999892264605      -0.956992526386870     
  0.829999892041087      -0.987223273314913     
  0.839999891817570       -1.01829109645438     
  0.849999891594052       -1.05023901028484     
  0.859999891370535       -1.08311297872084     
  0.869999891147017       -1.11696217645583     
  0.879999890923500       -1.15183927841613     
  0.889999890699983       -1.18780078092772     
  0.899999890476465       -1.22490735873587     
  0.909999890252948       -1.26322426264589     
  0.919999890029430       -1.30282176329169     
  0.929999889805913       -1.34377564740819     
  0.939999889582396       -1.38616777401010     
  0.949999889358878       -1.43008669909706     
  0.959999889135361       -1.47562837895097     
  0.969999888911843       -1.52289696381730     
  0.979999888688326       -1.57200569582777     
  0.989999888464808       -1.62307792750358     
  0.999999888241291       -1.67624828017190     
   1.00999988801777       -1.73166396525323     
   1.01999988779426       -1.78948629578521     
   1.02999988757074       -1.84989242093213     
   1.03999988734722       -1.91307732283430     
   1.04999988712370       -1.97925612329411     
   1.05999988690019       -2.04866675788427     
   1.06999988667667       -2.12157308762757     
   1.07999988645315       -2.19826853413385     
   1.08999988622963       -2.27908034389998     
   1.09999988600612       -2.36437461259863     
   1.10999988578260       -2.45456223222269     
   1.11999988555908       -2.55010596510008     
   1.12999988533556       -2.65152890201837     
   1.13999988511205       -2.75942463107196     
   1.14999988488853       -2.87446953499852     
   1.15999988466501       -2.99743775558069     
   1.16999988444149       -3.12921952527521     
   1.17999988421798       -3.27084378448129     
   1.18999988399446       -3.42350630074974     
   1.19999988377094       -3.58860491741470     
   1.20999988354743       -3.76778413359038     
   1.21999988332391       -3.96299203057834     
   1.22999988310039       -4.17655372696741     
   1.23999988287687       -4.41126724615877     
   1.24999988265336       -4.67053020193694     
   1.25999988242984       -4.95850951448522     
   1.26999988220632       -5.28037223194639     
   1.27999988198280       -5.64260476372307     
   1.28999988175929       -6.05346272816713     
   1.29999988153577       -6.52361832515076     
   1.30999988131225       -7.06711441038783     
   1.31999988108873       -7.70280932619408     
   1.32999988086522       -8.45663461199690     
   1.33999988064170       -9.36525436152561     
   1.34999988041818       -10.4822586045347     
   1.35999988019466       -11.8892050313095     
   1.36999987997115       -13.7166014486681     
   1.37999987974763       -16.1871133170973     
   1.38999987952411       -19.7143492304877     
   1.39999987930059       -25.1633894228202     
   1.40999987907708       -34.6979725179098     
   1.41999987885356       -55.6814615550533     
   1.42999987863004       -139.799158918476     
   1.43999987840652        277.544935285932     
   1.44999987818301        69.8632663753853     
   1.45999987795949        40.0266562685060     
   1.46999987773597        28.0768575765290     
   1.47999987751245        21.6367687225127     
   1.48999987728894        17.6084042232592     
   1.49999987706542        14.8497422909472     
   1.50999987684190        12.8415008835249     
   1.51999987661839        11.3135894387099     
   1.52999987639487        10.1116439288667     
   1.53999987617135        9.14104170220643     
   1.54999987594783        8.34054995022226     
   1.55999987572432        7.66879162355533     
   1.56999987550080        7.09680071184723     
   1.57999987527728        6.60369345449148     
   1.58999987505376        6.17403318987920     
   1.59999987483025        5.79616309281641     
   1.60999987460673        5.46111597027741     
   1.61999987438321        5.16188080975184     
   1.62999987415969        4.89289692538714     
   1.63999987393618        4.64969735680284     
   1.64999987371266        4.42865255193814     
   1.65999987348914        4.22678290462348     
   1.66999987326562        4.04161949234645     
   1.67999987304211        3.87109914961775     
   1.68999987281859        3.71348439026543     
   1.69999987259507        3.56730157378228     
   1.70999987237155        3.43129264383128     
   1.71999987214804        3.30437708604080     
   1.72999987192452        3.18562166657161     
   1.73999987170100        3.07421615601885     
   1.74999987147748        2.96945370159037     
   1.75999987125397        2.87071484129929     
   1.76999987103045        2.77745439539645     
   1.77999987080693        2.68919064845674     
   1.78999987058342        2.60549636833780     
   1.79999987035990        2.52599130813818     
   1.80999987013638        2.45033591310823     
   1.81999986991286        2.37822601249052     
   1.82999986968935        2.30938832101473     
   1.83999986946583        2.24357660953546     
   1.84999986924231        2.18056843149567     
   1.85999986901879        2.12016231331170     
   1.86999986879528        2.06217533374190     
   1.87999986857176        2.00644103082278     
   1.88999986834824        1.95280758579433     
   1.89999986812472        1.90113624216851     
   1.90999986790121        1.85129992516737     
   1.91999986767769        1.80318203251234     
   1.92999986745417        1.75667537225196     
   1.93999986723065        1.71168122717918     
   1.94999986700714        1.66810852857625     
   1.95999986678362        1.62587312466374     
   1.96999986656010        1.58489713132355     
   1.97999986633658        1.54510835449628     
   1.98999986611307        1.50643977518510     
   1.99999986588955        1.46882908928657     
