  0.0000000000E+00  0.0000000000E+00
  3.0000000000E-04 -2.1663946893E-09
  1.2000000000E-03 -8.6627167649E-09
  2.7000000000E-03 -1.9480384195E-08
  4.8000000000E-03 -3.4605106737E-08
  7.5000000000E-03 -5.4016905638E-08
  1.0800000000E-02 -7.7690141165E-08
  1.4700000000E-02 -1.0559354794E-07
  1.9200000000E-02 -1.3769027803E-07
  2.4300000000E-02 -1.7393795166E-07
  3.0000000000E-02 -2.1428871567E-07
  3.6300000000E-02 -2.5868930930E-07
  4.3200000000E-02 -3.0708113756E-07
  5.0700000000E-02 -3.5940035185E-07
  5.8800000000E-02 -4.1557793779E-07
  6.7500000000E-02 -4.7553981007E-07
  7.6800000000E-02 -5.3920691432E-07
  8.6700000000E-02 -6.0649533568E-07
  9.7200000000E-02 -6.7731641400E-07
  1.0830000000E-01 -7.5157686554E-07
  1.2000000000E-01 -8.2917891087E-07
  1.3230000000E-01 -9.1002040888E-07
  1.4520000000E-01 -9.9399499673E-07
  1.5870000000E-01 -1.0809922354E-06
  1.7280000000E-01 -1.1708977606E-06
  1.8750000000E-01 -1.2635934393E-06
  2.0280000000E-01 -1.3589575309E-06
  2.1870000000E-01 -1.4568648534E-06
  2.3520000000E-01 -1.5571869538E-06
  2.5230000000E-01 -1.6597922832E-06
  2.7000000000E-01 -1.7645463757E-06
  2.8830000000E-01 -1.8713120312E-06
  3.0720000000E-01 -1.9799495014E-06
  3.2670000000E-01 -2.0903166794E-06
  3.4680000000E-01 -2.2022692923E-06
  3.6750000000E-01 -2.3156610956E-06
  3.8880000000E-01 -2.4303440716E-06
  4.1070000000E-01 -2.5461686284E-06
  4.3320000000E-01 -2.6629838014E-06
  4.5630000000E-01 -2.7806374563E-06
  4.8000000000E-01 -2.8989764934E-06
  5.0430000000E-01 -3.0178470525E-06
  5.2920000000E-01 -3.1370947189E-06
  5.5470000000E-01 -3.2565647294E-06
  5.8080000000E-01 -3.3761021785E-06
  6.0750000000E-01 -3.4955522243E-06
  6.3480000000E-01 -3.6147602940E-06
  6.6270000000E-01 -3.7335722885E-06
  6.9120000000E-01 -3.8518347858E-06
  7.2030000000E-01 -3.9693952433E-06
  7.5000000000E-01 -4.0861021978E-06
  7.8030000000E-01 -4.2018054642E-06
  8.1120000000E-01 -4.3163563317E-06
  8.4270000000E-01 -4.4296077571E-06
  8.7480000000E-01 -4.5414145562E-06
  9.0750000000E-01 -4.6516335909E-06
  9.4080000000E-01 -4.7601239544E-06
  9.7470000000E-01 -4.8667471513E-06
  1.0092000000E+00 -4.9713672753E-06
  1.0443000000E+00 -5.0738511817E-06
  1.0800000000E+00 -5.1740686566E-06
  1.1163000000E+00 -5.2718925803E-06
  1.1532000000E+00 -5.3671990874E-06
  1.1907000000E+00 -5.4598677206E-06
  1.2288000000E+00 -5.5497815804E-06
  1.2675000000E+00 -5.6368274684E-06
  1.3068000000E+00 -5.7208960262E-06
  1.3467000000E+00 -5.8018818674E-06
  1.3872000000E+00 -5.8796837044E-06
  1.4283000000E+00 -5.9542044688E-06
  1.4700000000E+00 -6.0253514259E-06
  1.5123000000E+00 -6.0930362822E-06
  1.5552000000E+00 -6.1571752873E-06
  1.5987000000E+00 -6.2176893282E-06
  1.6428000000E+00 -6.2745040173E-06
  1.6875000000E+00 -6.3275497739E-06
  1.7328000000E+00 -6.3767618981E-06
  1.7787000000E+00 -6.4220806378E-06
  1.8252000000E+00 -6.4634512494E-06
  1.8723000000E+00 -6.5008240499E-06
  1.9200000000E+00 -6.5341544634E-06
  1.9683000000E+00 -6.5634030587E-06
  2.0172000000E+00 -6.5885355815E-06
  2.0667000000E+00 -6.6095229773E-06
  2.1168000000E+00 -6.6263414087E-06
  2.1675000000E+00 -6.6389722646E-06
  2.2188000000E+00 -6.6474021619E-06
  2.2707000000E+00 -6.6516229409E-06
  2.3232000000E+00 -6.6516316522E-06
  2.3763000000E+00 -6.6474305379E-06
  2.4300000000E+00 -6.6390270043E-06
  2.4843000000E+00 -6.6264335886E-06
  2.5392000000E+00 -6.6096679182E-06
  2.5947000000E+00 -6.5887526632E-06
  2.6508000000E+00 -6.5637154821E-06
  2.7075000000E+00 -6.5345889609E-06
  2.7648000000E+00 -6.5014105458E-06
  2.8227000000E+00 -6.4642224693E-06
  2.8812000000E+00 -6.4230716699E-06
  2.9403000000E+00 -6.3780097063E-06
  3.0000000000E+00 -6.3290926647E-06
  3.0603000000E+00 -6.2763810612E-06
  3.1212000000E+00 -6.2199397381E-06
  3.1827000000E+00 -6.1598377546E-06
  3.2448000000E+00 -6.0961482725E-06
  3.3075000000E+00 -6.0289484372E-06
  3.3708000000E+00 -5.9583192525E-06
  3.4347000000E+00 -5.8843454525E-06
  3.4992000000E+00 -5.8071153676E-06
  3.5643000000E+00 -5.7267207870E-06
  3.6300000000E+00 -5.6432568169E-06
  3.6963000000E+00 -5.5568217349E-06
  3.7632000000E+00 -5.4675168413E-06
  3.8307000000E+00 -5.3754463060E-06
  3.8988000000E+00 -5.2807170137E-06
  3.9675000000E+00 -5.1834384052E-06
  4.0368000000E+00 -5.0837223162E-06
  4.1067000000E+00 -4.9816828148E-06
  4.1772000000E+00 -4.8774360352E-06
  4.2483000000E+00 -4.7711000111E-06
  4.3200000000E+00 -4.6627945066E-06
  4.3923000000E+00 -4.5526408460E-06
  4.4652000000E+00 -4.4407617428E-06
  4.5387000000E+00 -4.3272811275E-06
  4.6128000000E+00 -4.2123239748E-06
  4.6875000000E+00 -4.0960161311E-06
  4.7628000000E+00 -3.9784841410E-06
  4.8387000000E+00 -3.8598550750E-06
  4.9152000000E+00 -3.7402563567E-06
  4.9923000000E+00 -3.6198155916E-06
  5.0700000000E+00 -3.4986603960E-06
  5.1483000000E+00 -3.3769182278E-06
  5.2272000000E+00 -3.2547162182E-06
  5.3067000000E+00 -3.1321810055E-06
  5.3868000000E+00 -3.0094385705E-06
  5.4675000000E+00 -2.8866140739E-06
  5.5488000000E+00 -2.7638316968E-06
  5.6307000000E+00 -2.6412144827E-06
  5.7132000000E+00 -2.5188841830E-06
  5.7963000000E+00 -2.3969611058E-06
  5.8800000000E+00 -2.2755639666E-06
  5.9643000000E+00 -2.1548097437E-06
  6.0492000000E+00 -2.0348135370E-06
  6.1347000000E+00 -1.9156884294E-06
  6.2208000000E+00 -1.7975453541E-06
  6.3075000000E+00 -1.6804929638E-06
  6.3948000000E+00 -1.5646375064E-06
  6.4827000000E+00 -1.4500827031E-06
  6.5712000000E+00 -1.3369296325E-06
  6.6603000000E+00 -1.2252766190E-06
  6.7500000000E+00 -1.1152191256E-06
  6.8403000000E+00 -1.0068496523E-06
  6.9312000000E+00 -9.0025763901E-07
  7.0227000000E+00 -7.9552937434E-07
  7.1148000000E+00 -6.9274790896E-07
  7.2075000000E+00 -5.9199297472E-07
  7.3008000000E+00 -4.9334090913E-07
  7.3947000000E+00 -3.9686458532E-07
  7.4892000000E+00 -3.0263334764E-07
  7.5843000000E+00 -2.1071295280E-07
  7.6800000000E+00 -1.2116551677E-07
  7.7763000000E+00 -3.4049467328E-08
  7.8732000000E+00  5.0580497689E-08
  7.9707000000E+00  1.3267344631E-07
  8.0688000000E+00  2.1218224269E-07
  8.1675000000E+00  2.8906357157E-07
  8.2668000000E+00  3.6327795702E-07
  8.3667000000E+00  4.3478977551E-07
  8.4672000000E+00  5.0356726317E-07
  8.5683000000E+00  5.6958251760E-07
  8.6700000000E+00  6.3281149386E-07
  8.7723000000E+00  6.9323399510E-07
  8.8752000000E+00  7.5083365755E-07
  8.9787000000E+00  8.0559793025E-07
  9.0828000000E+00  8.5751804927E-07
  9.1875000000E+00  9.0658900686E-07
  9.2928000000E+00  9.5280951528E-07
  9.3987000000E+00  9.9618196569E-07
  9.5052000000E+00  1.0367123820E-06
  9.6123000000E+00  1.0744103702E-06
  9.7200000000E+00  1.1092890620E-06
  9.8283000000E+00  1.1413650557E-06
  9.9372000000E+00  1.1706583504E-06
  1.0046700000E+01  1.1971922777E-06
  1.0156800000E+01  1.2209934284E-06
  1.0267500000E+01  1.2420915752E-06
  1.0378800000E+01  1.2605195917E-06
  1.0490700000E+01  1.2763133678E-06
  1.0603200000E+01  1.2895117212E-06
  1.0716300000E+01  1.3001563060E-06
  1.0830000000E+01  1.3082915177E-06
  1.0944300000E+01  1.3139643956E-06
  1.1059200000E+01  1.3172245216E-06
  1.1174700000E+01  1.3181239175E-06
  1.1290800000E+01  1.3167169388E-06
  1.1407500000E+01  1.3130601666E-06
  1.1524800000E+01  1.3072122977E-06
  1.1642700000E+01  1.2992340322E-06
  1.1761200000E+01  1.2891879598E-06
  1.1880300000E+01  1.2771384446E-06
  1.2000000000E+01  1.2631515082E-06
  1.2120300000E+01  1.2472947123E-06
  1.2241200000E+01  1.2296370396E-06
  1.2362700000E+01  1.2102487746E-06
  1.2484800000E+01  1.1892013836E-06
  1.2607500000E+01  1.1665673941E-06
  1.2730800000E+01  1.1424202745E-06
  1.2854700000E+01  1.1168343135E-06
  1.2979200000E+01  1.0898845000E-06
  1.3104300000E+01  1.0616464028E-06
  1.3230000000E+01  1.0321960517E-06
  1.3356300000E+01  1.0016098187E-06
  1.3483200000E+01  9.6996430060E-07
  1.3610700000E+01  9.3733620206E-07
  1.3738800000E+01  9.0380222088E-07
  1.3867500000E+01  8.6943893393E-07
  1.3996800000E+01  8.3432268506E-07
  1.4126700000E+01  7.9852947471E-07
  1.4257200000E+01  7.6213485145E-07
  1.4388300000E+01  7.2521380556E-07
  1.4520000000E+01  6.8784066489E-07
  1.4652300000E+01  6.5008899304E-07
  1.4785200000E+01  6.1203149004E-07
  1.4918700000E+01  5.7373989566E-07
  1.5052800000E+01  5.3528489549E-07
  1.5187500000E+01  4.9673602984E-07
  1.5322800000E+01  4.5816160564E-07
  1.5458700000E+01  4.1962861148E-07
  1.5595200000E+01  3.8120263569E-07
  1.5732300000E+01  3.4294778791E-07
  1.5870000000E+01  3.0492662378E-07
  1.6008300000E+01  2.6720007333E-07
  1.6147200000E+01  2.2982737267E-07
  1.6286700000E+01  1.9286599943E-07
  1.6426800000E+01  1.5637161173E-07
  1.6567500000E+01  1.2039799099E-07
  1.6708800000E+01  8.4996988359E-08
  1.6850700000E+01  5.0218475016E-08
  1.6993200000E+01  1.6110296301E-08
  1.7136300000E+01 -1.7281770328E-08
  1.7280000000E+01 -4.9914053428E-08
  1.7424300000E+01 -8.1745021828E-08
  1.7569200000E+01 -1.1273531497E-07
  1.7714700000E+01 -1.4284776936E-07
  1.7860800000E+01 -1.7204744110E-07
  1.8007500000E+01 -2.0030162453E-07
  1.8154800000E+01 -2.2757986704E-07
  1.8302700000E+01 -2.5385397998E-07
  1.8451200000E+01 -2.7909804579E-07
  1.8600300000E+01 -3.0328842130E-07
  1.8750000000E+01 -3.2640373738E-07
  1.8900300000E+01 -3.4842489479E-07
  1.9051200000E+01 -3.6933505649E-07
  1.9202700000E+01 -3.8911963629E-07
  1.9354800000E+01 -4.0776628401E-07
  1.9507500000E+01 -4.2526486724E-07
  1.9660800000E+01 -4.4160744967E-07
  1.9814700000E+01 -4.5678826612E-07
  1.9969200000E+01 -4.7080369443E-07
  2.0124300000E+01 -4.8365222412E-07
  2.0280000000E+01 -4.9533442218E-07
  2.0436300000E+01 -5.0585289573E-07
  2.0593200000E+01 -5.1521225201E-07
  2.0750700000E+01 -5.2341905557E-07
  2.0908800000E+01 -5.3048178284E-07
  2.1067500000E+01 -5.3641077422E-07
  2.1226800000E+01 -5.4121818371E-07
  2.1386700000E+01 -5.4491792634E-07
  2.1547200000E+01 -5.4752562340E-07
  2.1708300000E+01 -5.4905854561E-07
  2.1870000000E+01 -5.4953555438E-07
  2.2032300000E+01 -5.4897704133E-07
  2.2195200000E+01 -5.4740486606E-07
  2.2358700000E+01 -5.4484229244E-07
  2.2522800000E+01 -5.4131392347E-07
  2.2687500000E+01 -5.3684563487E-07
  2.2852800000E+01 -5.3146450751E-07
  2.3018700000E+01 -5.2519875880E-07
  2.3185200000E+01 -5.1807767328E-07
  2.3352300000E+01 -5.1013153230E-07
  2.3520000000E+01 -5.0139154327E-07
  2.3688300000E+01 -4.9188976823E-07
  2.3857200000E+01 -4.8165905217E-07
  2.4026700000E+01 -4.7073295105E-07
  2.4196800000E+01 -4.5914565979E-07
  2.4367500000E+01 -4.4693194016E-07
  2.4538800000E+01 -4.3412704892E-07
  2.4710700000E+01 -4.2076666613E-07
  2.4883200000E+01 -4.0688682396E-07
  2.5056300000E+01 -3.9252383586E-07
  2.5230000000E+01 -3.7771422645E-07
  2.5404300000E+01 -3.6249466213E-07
  2.5579200000E+01 -3.4690188249E-07
  2.5754700000E+01 -3.3097263270E-07
  2.5930800000E+01 -3.1474359697E-07
  2.6107500000E+01 -2.9825133315E-07
  2.6284800000E+01 -2.8153220855E-07
  2.6462700000E+01 -2.6462233722E-07
  2.6641200000E+01 -2.4755751853E-07
  2.6820300000E+01 -2.3037317742E-07
  2.7000000000E+01 -2.1310430616E-07
  2.7180300000E+01 -1.9578540785E-07
  2.7361200000E+01 -1.7845044171E-07
  2.7542700000E+01 -1.6113277019E-07
  2.7724800000E+01 -1.4386510796E-07
  2.7907500000E+01 -1.2667947295E-07
  2.8090800000E+01 -1.0960713937E-07
  2.8274700000E+01 -9.2678592820E-08
  2.8459200000E+01 -7.5923487565E-08
  2.8644300000E+01 -5.9370605987E-08
  2.8830000000E+01 -4.3047820252E-08
  2.9016300000E+01 -2.6982056252E-08
  2.9203200000E+01 -1.1199259842E-08
  2.9390700000E+01  4.2756346019E-09
  2.9578800000E+01  1.9418733274E-08
  2.9767500000E+01  3.4207209666E-08
  2.9956800000E+01  4.8619328908E-08
  3.0146700000E+01  6.2634469728E-08
  3.0337200000E+01  7.6233144011E-08
  3.0528300000E+01  8.9397013957E-08
  3.0720000000E+01  1.0210890685E-07
  3.0912300000E+01  1.1435282745E-07
  3.1105200000E+01  1.2611396798E-07
  3.1298700000E+01  1.3737871581E-07
  3.1492800000E+01  1.4813465874E-07
  3.1687500000E+01  1.5837058802E-07
  3.1882800000E+01  1.6807649904E-07
  3.2078700000E+01  1.7724358982E-07
  3.2275200000E+01  1.8586425725E-07
  3.2472300000E+01  1.9393209111E-07
  3.2670000000E+01  2.0144186607E-07
  3.2868300000E+01  2.0838953145E-07
  3.3067200000E+01  2.1477219907E-07
  3.3266700000E+01  2.2058812905E-07
  3.3466800000E+01  2.2583671364E-07
  3.3667500000E+01  2.3051845926E-07
  3.3868800000E+01  2.3463496667E-07
  3.4070700000E+01  2.3818890940E-07
  3.4273200000E+01  2.4118401048E-07
  3.4476300000E+01  2.4362501760E-07
  3.4680000000E+01  2.4551767663E-07
  3.4884300000E+01  2.4686870380E-07
  3.5089200000E+01  2.4768575632E-07
  3.5294700000E+01  2.4797740182E-07
  3.5500800000E+01  2.4775308641E-07
  3.5707500000E+01  2.4702310171E-07
  3.5914800000E+01  2.4579855062E-07
  3.6122700000E+01  2.4409131224E-07
  3.6331200000E+01  2.4191400573E-07
  3.6540300000E+01  2.3927995343E-07
  3.6750000000E+01  2.3620314310E-07
  3.6960300000E+01  2.3269818959E-07
  3.7171200000E+01  2.2878029581E-07
  3.7382700000E+01  2.2446521323E-07
  3.7594800000E+01  2.1976920198E-07
  3.7807500000E+01  2.1470899047E-07
  3.8020800000E+01  2.0930173492E-07
  3.8234700000E+01  2.0356497850E-07
  3.8449200000E+01  1.9751661053E-07
  3.8664300000E+01  1.9117482557E-07
  3.8880000000E+01  1.8455808251E-07
  3.9096300000E+01  1.7768506393E-07
  3.9313200000E+01  1.7057463549E-07
  3.9530700000E+01  1.6324580575E-07
  3.9748800000E+01  1.5571768621E-07
  3.9967500000E+01  1.4800945189E-07
  4.0186800000E+01  1.4014030230E-07
  4.0406700000E+01  1.3212942304E-07
  4.0627200000E+01  1.2399594797E-07
  4.0848300000E+01  1.1575892215E-07
  4.1070000000E+01  1.0743726542E-07
  4.1292300000E+01  9.9049736903E-08
  4.1515200000E+01  9.0614900275E-08
  4.1738700000E+01  8.2151090045E-08
  4.1962800000E+01  7.3676378753E-08
  4.2187500000E+01  6.5208545213E-08
  4.2412800000E+01  5.6765043821E-08
  4.2638700000E+01  4.8362974983E-08
  4.2865200000E+01  4.0019056696E-08
  4.3092300000E+01  3.1749597330E-08
  4.3320000000E+01  2.3570469633E-08
  4.3548300000E+01  1.5497086004E-08
  4.3777200000E+01  7.5443750647E-09
  4.4006700000E+01 -2.7324045357E-10
  4.4236800000E+01 -7.9418644761E-09
  4.4467500000E+01 -1.5448146981E-08
  4.4698800000E+01 -2.2779302015E-08
  4.4930700000E+01 -2.9923124303E-08
  4.5163200000E+01 -3.6868004447E-08
  4.5396300000E+01 -4.3602942709E-08
  4.5630000000E+01 -5.0117561350E-08
  4.5864300000E+01 -5.6402115552E-08
  4.6099200000E+01 -6.2447502893E-08
  4.6334700000E+01 -6.8245271403E-08
  4.6570800000E+01 -7.3787626180E-08
  4.6807500000E+01 -7.9067434595E-08
  4.7044800000E+01 -8.4078230084E-08
  4.7282700000E+01 -8.8814214548E-08
  4.7521200000E+01 -9.3270259362E-08
  4.7760300000E+01 -9.7441905031E-08
  4.8000000000E+01 -1.0132535950E-07
  4.8240300000E+01 -1.0491749514E-07
  4.8481200000E+01 -1.0821584443E-07
  4.8722700000E+01 -1.1121859440E-07
  4.8964800000E+01 -1.1392457982E-07
  4.9207500000E+01 -1.1633327514E-07
  4.9450800000E+01 -1.1844478535E-07
  4.9694700000E+01 -1.2025983560E-07
  4.9939200000E+01 -1.2177975979E-07
  5.0184300000E+01 -1.2300648805E-07
  5.0430000000E+01 -1.2394253325E-07
  5.0676300000E+01 -1.2459097646E-07
  5.0923200000E+01 -1.2495545154E-07
  5.1170700000E+01 -1.2504012879E-07
  5.1418800000E+01 -1.2484969778E-07
  5.1667500000E+01 -1.2438934936E-07
  5.1916800000E+01 -1.2366475694E-07
  5.2166700000E+01 -1.2268205704E-07
  5.2417200000E+01 -1.2144782919E-07
  5.2668300000E+01 -1.1996907526E-07
  5.2920000000E+01 -1.1825319817E-07
  5.3172300000E+01 -1.1630798017E-07
  5.3425200000E+01 -1.1414156062E-07
  5.3678700000E+01 -1.1176241337E-07
  5.3932800000E+01 -1.0917932380E-07
  5.4187500000E+01 -1.0640136562E-07
  5.4442800000E+01 -1.0343787727E-07
  5.4698700000E+01 -1.0029843832E-07
  5.4955200000E+01 -9.6992845602E-08
  5.5212300000E+01 -9.3531089241E-08
  5.5470000000E+01 -8.9923328736E-08
  5.5728300000E+01 -8.6179868965E-08
  5.5987200000E+01 -8.2311136284E-08
  5.6246700000E+01 -7.8327654719E-08
  5.6506800000E+01 -7.4240022314E-08
  5.6767500000E+01 -7.0058887672E-08
  5.7028800000E+01 -6.5794926744E-08
  5.7290700000E+01 -6.1458819904E-08
  5.7553200000E+01 -5.7061229352E-08
  5.7816300000E+01 -5.2612776892E-08
  5.8080000000E+01 -4.8124022121E-08
  5.8344300000E+01 -4.3605441074E-08
  5.8609200000E+01 -3.9067405351E-08
  5.8874700000E+01 -3.4520161777E-08
  5.9140800000E+01 -2.9973812617E-08
  5.9407500000E+01 -2.5438296391E-08
  5.9674800000E+01 -2.0923369304E-08
  5.9942700000E+01 -1.6438587339E-08
  6.0211200000E+01 -1.1993289030E-08
  6.0480300000E+01 -7.5965789405E-09
  6.0750000000E+01 -3.2573118764E-09
  6.1020300000E+01  1.0159221427E-09
  6.1291200000E+01  5.2148121406E-09
  6.1562700000E+01  9.3313396445E-09
  6.1834800000E+01  1.3357791334E-08
  6.2107500000E+01  1.7286770862E-08
  6.2380800000E+01  2.1111209838E-08
  6.2654700000E+01  2.4824377957E-08
  6.2929200000E+01  2.8419892274E-08
  6.3204300000E+01  3.1891725602E-08
  6.3480000000E+01  3.5234214042E-08
  6.3756300000E+01  3.8442063639E-08
  6.4033200000E+01  4.1510356150E-08
  6.4310700000E+01  4.4434553942E-08
  6.4588800000E+01  4.7210504010E-08
  6.4867500000E+01  4.9834441119E-08
  6.5146800000E+01  5.2302990082E-08
  6.5426700000E+01  5.4613167177E-08
  6.5707200000E+01  5.6762380712E-08
  6.5988300000E+01  5.8748430744E-08
  6.6270000000E+01  6.0569507980E-08
  6.6552300000E+01  6.2224191849E-08
  6.6835200000E+01  6.3711447786E-08
  6.7118700000E+01  6.5030623722E-08
  6.7402800000E+01  6.6181445819E-08
  6.7687500000E+01  6.7164013452E-08
  6.7972800000E+01  6.7978793465E-08
  6.8258700000E+01  6.8626613730E-08
  6.8545200000E+01  6.9108656024E-08
  6.8832300000E+01  6.9426448242E-08
  6.9120000000E+01  6.9581855995E-08
  6.9408300000E+01  6.9577073593E-08
  6.9697200000E+01  6.9414614452E-08
  6.9986700000E+01  6.9097300958E-08
  7.0276800000E+01  6.8628253809E-08
  7.0567500000E+01  6.8010880863E-08
  7.0858800000E+01  6.7248865534E-08
  7.1150700000E+01  6.6346154755E-08
  7.1443200000E+01  6.5306946542E-08
  7.1736300000E+01  6.4135677195E-08
  7.2030000000E+01  6.2837008167E-08
  7.2324300000E+01  6.1415812632E-08
  7.2619200000E+01  5.9877161777E-08
  7.2914700000E+01  5.8226310872E-08
  7.3210800000E+01  5.6468685126E-08
  7.3507500000E+01  5.4609865379E-08
  7.3804800000E+01  5.2655573657E-08
  7.4102700000E+01  5.0611658618E-08
  7.4401200000E+01  4.8484080937E-08
  7.4700300000E+01  4.6278898640E-08
  7.5000000000E+01  4.4002252434E-08
  7.5300300000E+01  4.1660351069E-08
  7.5601200000E+01  3.9259456743E-08
  7.5902700000E+01  3.6805870601E-08
  7.6204800000E+01  3.4305918348E-08
  7.6507500000E+01  3.1765936002E-08
  7.6810800000E+01  2.9192255830E-08
  7.7114700000E+01  2.6591192477E-08
  7.7419200000E+01  2.3969029327E-08
  7.7724300000E+01  2.1332005123E-08
  7.8030000000E+01  1.8686300857E-08
  7.8336300000E+01  1.6038026979E-08
  7.8643200000E+01  1.3393210922E-08
  7.8950700000E+01  1.0757784986E-08
  7.9258800000E+01  8.1375745917E-09
  7.9567500000E+01  5.5382869254E-09
  7.9876800000E+01  2.9655000016E-09
  8.0186700000E+01  4.2465215167E-10
  8.0497200000E+01 -2.0789680381E-09
  8.0808300000E+01 -4.5402313249E-09
  8.1120000000E+01 -6.9541769293E-09
  8.1432300000E+01 -9.3160211637E-09
  8.1745200000E+01 -1.1621165556E-08
  8.2058700000E+01 -1.3865204460E-08
  8.2372800000E+01 -1.6043932138E-08
  8.2687500000E+01 -1.8153349312E-08
  8.3002800000E+01 -2.0189669171E-08
  8.3318700000E+01 -2.2149322842E-08
  8.3635200000E+01 -2.4028964291E-08
  8.3952300000E+01 -2.5825474686E-08
  8.4270000000E+01 -2.7535966196E-08
  8.4588300000E+01 -2.9157785228E-08
  8.4907200000E+01 -3.0688515112E-08
  8.5226700000E+01 -3.2125978226E-08
  8.5546800000E+01 -3.3468237567E-08
  8.5867500000E+01 -3.4713597769E-08
  8.6188800000E+01 -3.5860605581E-08
  8.6510700000E+01 -3.6908049799E-08
  8.6833200000E+01 -3.7854960668E-08
  8.7156300000E+01 -3.8700608762E-08
  8.7480000000E+01 -3.9444503340E-08
  8.7804300000E+01 -4.0086390207E-08
  8.8129200000E+01 -4.0626249074E-08
  8.8454700000E+01 -4.1064290438E-08
  8.8780800000E+01 -4.1400951994E-08
  8.9107500000E+01 -4.1636894587E-08
  8.9434800000E+01 -4.1772997731E-08
  8.9762700000E+01 -4.1810354697E-08
  9.0091200000E+01 -4.1750267192E-08
  9.0420300000E+01 -4.1594239646E-08
  9.0750000000E+01 -4.1343973131E-08
  9.1080300000E+01 -4.1001358911E-08
  9.1411200000E+01 -4.0568471665E-08
  9.1742700000E+01 -4.0047562385E-08
  9.2074800000E+01 -3.9441050978E-08
  9.2407500000E+01 -3.8751518585E-08
  9.2740800000E+01 -3.7981699646E-08
  9.3074700000E+01 -3.7134473725E-08
  9.3409200000E+01 -3.6212857113E-08
  9.3744300000E+01 -3.5219994247E-08
  9.4080000000E+01 -3.4159148940E-08
  9.4416300000E+01 -3.3033695469E-08
  9.4753200000E+01 -3.1847109529E-08
  9.5090700000E+01 -3.0602959071E-08
  9.5428800000E+01 -2.9304895062E-08
  9.5767500000E+01 -2.7956642169E-08
  9.6106800000E+01 -2.6561989404E-08
  9.6446700000E+01 -2.5124780743E-08
  9.6787200000E+01 -2.3648905739E-08
  9.7128300000E+01 -2.2138290157E-08
  9.7470000000E+01 -2.0596886645E-08
  9.7812300000E+01 -1.9028665466E-08
  9.8155200000E+01 -1.7437605303E-08
  9.8498700000E+01 -1.5827684166E-08
  9.8842800000E+01 -1.4202870417E-08
  9.9187500000E+01 -1.2567113923E-08
  9.9532800000E+01 -1.0924337372E-08
  9.9878700000E+01 -9.2784277490E-09
  1.0022520000E+02 -7.6332280070E-09
  1.0057230000E+02 -5.9925289382E-09
  1.0092000000E+02 -4.3600612643E-09
  1.0126830000E+02 -2.7394879618E-09
  1.0161720000E+02 -1.1343968341E-09
  1.0196670000E+02  4.5170665375E-10
  1.0231680000E+02  2.0154062663E-09
  1.0266750000E+02  3.5533816028E-09
  1.0301880000E+02  5.0624144042E-09
  1.0337070000E+02  6.5393945525E-09
  1.0372320000E+02  7.9813257523E-09
  1.0407630000E+02  9.3853308859E-09
  1.0443000000E+02  1.0748657034E-08
  1.0478430000E+02  1.2068680154E-08
  1.0513920000E+02  1.3342909411E-08
  1.0549470000E+02  1.4568991157E-08
  1.0585080000E+02  1.5744712550E-08
  1.0620750000E+02  1.6868004807E-08
  1.0656480000E+02  1.7936946103E-08
  1.0692270000E+02  1.8949764096E-08
  1.0728120000E+02  1.9904838081E-08
  1.0764030000E+02  2.0800700782E-08
  1.0800000000E+02  2.1636039773E-08
  1.0836030000E+02  2.2409698533E-08
  1.0872120000E+02  2.3120677132E-08
  1.0908270000E+02  2.3768132563E-08
  1.0944480000E+02  2.4351378706E-08
  1.0980750000E+02  2.4869885945E-08
  1.1017080000E+02  2.5323280432E-08
  1.1053470000E+02  2.5711343009E-08
  1.1089920000E+02  2.6034007795E-08
  1.1126430000E+02  2.6291360438E-08
  1.1163000000E+02  2.6483636049E-08
  1.1199630000E+02  2.6611216825E-08
  1.1236320000E+02  2.6674629359E-08
  1.1273070000E+02  2.6674541665E-08
  1.1309880000E+02  2.6611759913E-08
  1.1346750000E+02  2.6487224886E-08
  1.1383680000E+02  2.6302008189E-08
  1.1420670000E+02  2.6057308186E-08
  1.1457720000E+02  2.5754445717E-08
  1.1494830000E+02  2.5394859573E-08
  1.1532000000E+02  2.4980101772E-08
  1.1569230000E+02  2.4511832619E-08
  1.1606520000E+02  2.3991815591E-08
  1.1643870000E+02  2.3421912042E-08
  1.1681280000E+02  2.2804075750E-08
  1.1718750000E+02  2.2140347318E-08
  1.1756280000E+02  2.1432848447E-08
  1.1793870000E+02  2.0683776086E-08
  1.1831520000E+02  1.9895396488E-08
  1.1869230000E+02  1.9070039170E-08
  1.1907000000E+02  1.8210090807E-08
  1.1944830000E+02  1.7317989065E-08
  1.1982720000E+02  1.6396216389E-08
  1.2020670000E+02  1.5447293763E-08
  1.2058680000E+02  1.4473774457E-08
  1.2096750000E+02  1.3478237774E-08
  1.2134880000E+02  1.2463282804E-08
  1.2173070000E+02  1.1431522216E-08
  1.2211320000E+02  1.0385576084E-08
  1.2249630000E+02  9.3280657704E-09
  1.2288000000E+02  8.2616078797E-09
  1.2326430000E+02  7.1888082891E-09
  1.2364920000E+02  6.1122562767E-09
  1.2403470000E+02  5.0345187538E-09
  1.2442080000E+02  3.9581346159E-09
  1.2480750000E+02  2.8856092229E-09
  1.2519480000E+02  1.8194090192E-09
  1.2558270000E+02  7.6195630583E-10
  1.2597120000E+02 -2.8437582679E-10
  1.2636030000E+02 -1.3172683950E-09
  1.2675000000E+02 -2.3344612381E-09
  1.2714030000E+02 -3.3337575451E-09
  1.2753120000E+02 -4.3130281857E-09
  1.2792270000E+02 -5.2702158351E-09
  1.2831480000E+02 -6.2033388887E-09
  1.2870750000E+02 -7.1104951572E-09
  1.2910080000E+02 -7.9898653384E-09
  1.2949470000E+02 -8.8397162592E-09
  1.2988920000E+02 -9.6584038828E-09
  1.3028430000E+02 -1.0444376078E-08
  1.3068000000E+02 -1.1196175145E-08
  1.3107630000E+02 -1.1912440097E-08
  1.3147320000E+02 -1.2591908696E-08
  1.3187070000E+02 -1.3233419230E-08
  1.3226880000E+02 -1.3835912053E-08
  1.3266750000E+02 -1.4398430863E-08
  1.3306680000E+02 -1.4920123730E-08
  1.3346670000E+02 -1.5400243873E-08
  1.3386720000E+02 -1.5838150191E-08
  1.3426830000E+02 -1.6233307539E-08
  1.3467000000E+02 -1.6585286758E-08
  1.3507230000E+02 -1.6893764467E-08
  1.3547520000E+02 -1.7158522604E-08
  1.3587870000E+02 -1.7379447739E-08
  1.3628280000E+02 -1.7556530149E-08
  1.3668750000E+02 -1.7689862664E-08
  1.3709280000E+02 -1.7779639296E-08
  1.3749870000E+02 -1.7826153640E-08
  1.3790520000E+02 -1.7829797071E-08
  1.3831230000E+02 -1.7791056735E-08
  1.3872000000E+02 -1.7710513339E-08
  1.3912830000E+02 -1.7588838752E-08
  1.3953720000E+02 -1.7426793418E-08
  1.3994670000E+02 -1.7225223599E-08
  1.4035680000E+02 -1.6985058450E-08
  1.4076750000E+02 -1.6707306928E-08
  1.4117880000E+02 -1.6393054560E-08
  1.4159070000E+02 -1.6043460063E-08
  1.4200320000E+02 -1.5659751836E-08
  1.4241630000E+02 -1.5243224329E-08
  1.4283000000E+02 -1.4795234294E-08
  1.4324430000E+02 -1.4317196944E-08
  1.4365920000E+02 -1.3810582007E-08
  1.4407470000E+02 -1.3276909704E-08
  1.4449080000E+02 -1.2717746653E-08
  1.4490750000E+02 -1.2134701710E-08
  1.4532480000E+02 -1.1529421756E-08
  1.4574270000E+02 -1.0903587442E-08
  1.4616120000E+02 -1.0258908907E-08
  1.4658030000E+02 -9.5971214660E-09
  1.4700000000E+02 -8.9199812912E-09
  1.4742030000E+02 -8.2292610926E-09
  1.4784120000E+02 -7.5267458035E-09
  1.4826270000E+02 -6.8142282863E-09
  1.4868480000E+02 -6.0935050651E-09
  1.4910750000E+02 -5.3663720966E-09
  1.4953080000E+02 -4.6346205871E-09
  1.4995470000E+02 -3.9000328652E-09
  1.5037920000E+02 -3.1643783200E-09
  1.5080430000E+02 -2.4294094117E-09
  1.5123000000E+02 -1.6968577651E-09
  1.5165630000E+02 -9.6843035218E-10
  1.5208320000E+02 -2.4580577336E-10
  1.5251070000E+02  4.6936935659E-10
  1.5293880000E+02  1.1754839095E-09
  1.5336750000E+02  1.8709656256E-09
  1.5379680000E+02  2.5542843689E-09
  1.5422670000E+02  3.2239552503E-09
  1.5465720000E+02  3.8785416131E-09
  1.5508830000E+02  4.5166578746E-09
  1.5552000000E+02  5.1369722186E-09
  1.5595230000E+02  5.7382091358E-09
  1.5638520000E+02  6.3191518052E-09
  1.5681870000E+02  6.8786443154E-09
  1.5725280000E+02  7.4155937198E-09
  1.5768750000E+02  7.9289719248E-09
  1.5812280000E+02  8.4178174069E-09
  1.5855870000E+02  8.8812367571E-09
  1.5899520000E+02  9.3184060506E-09
  1.5943230000E+02  9.7285720410E-09
  1.5987000000E+02  1.0111053177E-08
  1.6030830000E+02  1.0465240442E-08
  1.6074720000E+02  1.0790598015E-08
  1.6118670000E+02  1.1086663759E-08
  1.6162680000E+02  1.1353049523E-08
  1.6206750000E+02  1.1589441279E-08
  1.6250880000E+02  1.1795599080E-08
  1.6295070000E+02  1.1971356845E-08
  1.6339320000E+02  1.2116621976E-08
  1.6383630000E+02  1.2231374806E-08
  1.6428000000E+02  1.2315667887E-08
  1.6472430000E+02  1.2369625109E-08
  1.6516920000E+02  1.2393440673E-08
  1.6561470000E+02  1.2387377896E-08
  1.6606080000E+02  1.2351767881E-08
  1.6650750000E+02  1.2287008036E-08
  1.6695480000E+02  1.2193560451E-08
  1.6740270000E+02  1.2071950147E-08
  1.6785120000E+02  1.1922763191E-08
  1.6830030000E+02  1.1746644689E-08
  1.6875000000E+02  1.1544296662E-08
  1.6920030000E+02  1.1316475814E-08
  1.6965120000E+02  1.1063991186E-08
  1.7010270000E+02  1.0787701722E-08
  1.7055480000E+02  1.0488513736E-08
  1.7100750000E+02  1.0167378297E-08
  1.7146080000E+02  9.8252885342E-09
  1.7191470000E+02  9.4632768737E-09
  1.7236920000E+02  9.0824122079E-09
  1.7282430000E+02  8.6837970106E-09
  1.7328000000E+02  8.2685644020E-09
  1.7373630000E+02  7.8378751709E-09
  1.7419320000E+02  7.3929147627E-09
  1.7465070000E+02  6.9348902398E-09
  1.7510880000E+02  6.4650272222E-09
  1.7556750000E+02  5.9845668143E-09
  1.7602680000E+02  5.4947625271E-09
  1.7648670000E+02  4.9968772021E-09
  1.7694720000E+02  4.4921799434E-09
  1.7740830000E+02  3.9819430661E-09
  1.7787000000E+02  3.4674390674E-09
  1.7833230000E+02  2.9499376279E-09
  1.7879520000E+02  2.4307026480E-09
  1.7925870000E+02  1.9109893289E-09
  1.7972280000E+02  1.3920413015E-09
  1.8018750000E+02  8.7508781167E-10
  1.8065280000E+02  3.6134096638E-10
  1.8111870000E+02 -1.4800695211E-10
  1.8158520000E+02 -6.5178609962E-10
  1.8205230000E+02 -1.1488516049E-09
  1.8252000000E+02 -1.6380860208E-09
  1.8298830000E+02 -2.1184016877E-09
  1.8345720000E+02 -2.5887430026E-09
  1.8392670000E+02 -3.0480885924E-09
  1.8439680000E+02 -3.4954533842E-09
  1.8486750000E+02 -3.9298905706E-09
  1.8533880000E+02 -4.3504934664E-09
  1.8581070000E+02 -4.7563972528E-09
  1.8628320000E+02 -5.1467806056E-09
  1.8675630000E+02 -5.5208672065E-09
  1.8723000000E+02 -5.8779271332E-09
  1.8770430000E+02 -6.2172781275E-09
  1.8817920000E+02 -6.5382867391E-09
  1.8865470000E+02 -6.8403693430E-09
  1.8913080000E+02 -7.1229930313E-09
  1.8960750000E+02 -7.3856763755E-09
  1.9008480000E+02 -7.6279900619E-09
  1.9056270000E+02 -7.8495573977E-09
  1.9104120000E+02 -8.0500546884E-09
  1.9152030000E+02 -8.2292114876E-09
  1.9200000000E+02 -8.3868107181E-09
  1.9248030000E+02 -8.5226886676E-09
  1.9296120000E+02 -8.6367348580E-09
  1.9344270000E+02 -8.7288917912E-09
  1.9392480000E+02 -8.7991545722E-09
  1.9440750000E+02 -8.8475704125E-09
  1.9489080000E+02 -8.8742380157E-09
  1.9537470000E+02 -8.8793068471E-09
  1.9585920000E+02 -8.8629762914E-09
  1.9634430000E+02 -8.8254947009E-09
  1.9683000000E+02 -8.7671583367E-09
  1.9731630000E+02 -8.6883102084E-09
  1.9780320000E+02 -8.5893388133E-09
  1.9829070000E+02 -8.4706767816E-09
  1.9877880000E+02 -8.3327994299E-09
  1.9926750000E+02 -8.1762232276E-09
  1.9975680000E+02 -8.0015041814E-09
  2.0024670000E+02 -7.8092361416E-09
  2.0073720000E+02 -7.6000490347E-09
  2.0122830000E+02 -7.3746070287E-09
  2.0172000000E+02 -7.1336066338E-09
  2.0221230000E+02 -6.8777747452E-09
  2.0270520000E+02 -6.6078666331E-09
  2.0319870000E+02 -6.3246638833E-09
  2.0369280000E+02 -6.0289722964E-09
  2.0418750000E+02 -5.7216197489E-09
  2.0468280000E+02 -5.4034540220E-09
  2.0517870000E+02 -5.0753406044E-09
  2.0567520000E+02 -4.7381604727E-09
  2.0617230000E+02 -4.3928078573E-09
  2.0667000000E+02 -4.0401879965E-09
  2.0716830000E+02 -3.6812148864E-09
  2.0766720000E+02 -3.3168090304E-09
  2.0816670000E+02 -2.9478951947E-09
  2.0866680000E+02 -2.5754001740E-09
  2.0916750000E+02 -2.2002505739E-09
  2.0966880000E+02 -1.8233706128E-09
  2.1017070000E+02 -1.4456799515E-09
  2.1067320000E+02 -1.0680915522E-09
  2.1117630000E+02 -6.9150957368E-10
  2.1168000000E+02 -3.1682730633E-10
  2.1218430000E+02  5.5074847676E-11
  2.1268920000E+02  4.2333134571E-10
  2.1319470000E+02  7.8709342265E-10
  2.1370080000E+02  1.1455309515E-09
  2.1420750000E+02  1.4978342431E-09
  2.1471480000E+02  1.8432157810E-09
  2.1522270000E+02  2.1809118877E-09
  2.1573120000E+02  2.5101843202E-09
  2.1624030000E+02  2.8303217900E-09
  2.1675000000E+02  3.1406414059E-09
  2.1726030000E+02  3.4404900363E-09
  2.1777120000E+02  3.7292455889E-09
  2.1828270000E+02  4.0063182056E-09
  2.1879480000E+02  4.2711513695E-09
  2.1930750000E+02  4.5232229238E-09
  2.1982080000E+02  4.7620459998E-09
  2.2033470000E+02  4.9871698528E-09
  2.2084920000E+02  5.1981806053E-09
  2.2136430000E+02  5.3947018962E-09
  2.2188000000E+02  5.5763954348E-09
  2.2239630000E+02  5.7429614603E-09
  2.2291320000E+02  5.8941391059E-09
  2.2343070000E+02  6.0297066666E-09
  2.2394880000E+02  6.1494817730E-09
  2.2446750000E+02  6.2533214700E-09
  2.2498680000E+02  6.3411222007E-09
  2.2550670000E+02  6.4128196981E-09
  2.2602720000E+02  6.4683887839E-09
  2.2654830000E+02  6.5078430771E-09
  2.2707000000E+02  6.5312346126E-09
  2.2759230000E+02  6.5386533725E-09
  2.2811520000E+02  6.5302267317E-09
  2.2863870000E+02  6.5061188193E-09
  2.2916280000E+02  6.4665297989E-09
  2.2968750000E+02  6.4116950700E-09
  2.3021280000E+02  6.3418843922E-09
  2.3073870000E+02  6.2574009363E-09
  2.3126520000E+02  6.1585802643E-09
  2.3179230000E+02  6.0457892415E-09
  2.3232000000E+02  5.9194248841E-09
  2.3284830000E+02  5.7799131451E-09
  2.3337720000E+02  5.6277076423E-09
  2.3390670000E+02  5.4632883324E-09
  2.3443680000E+02  5.2871601333E-09
  2.3496750000E+02  5.0998514996E-09
  2.3549880000E+02  4.9019129552E-09
  2.3603070000E+02  4.6939155855E-09
  2.3656320000E+02  4.4764494947E-09
  2.3709630000E+02  4.2501222308E-09
  2.3763000000E+02  4.0155571833E-09
  2.3816430000E+02  3.7733919572E-09
  2.3869920000E+02  3.5242767273E-09
  2.3923470000E+02  3.2688725770E-09
  2.3977080000E+02  3.0078498253E-09
  2.4030750000E+02  2.7418863472E-09
  2.4084480000E+02  2.4716658898E-09
  2.4138270000E+02  2.1978763893E-09
  2.4192120000E+02  1.9212082931E-09
  2.4246030000E+02  1.6423528898E-09
  2.4300000000E+02  1.3620006519E-09
  2.4354030000E+02  1.0808395945E-09
  2.4408120000E+02  7.9955365463E-10
  2.4462270000E+02  5.1882109333E-10
  2.4516480000E+02  2.3931292565E-10
  2.4570750000E+02 -3.8308618972E-11
  2.4625080000E+02 -3.1339160213E-10
  2.4679470000E+02 -5.8529584443E-10
  2.4733920000E+02 -8.5339435301E-10
  2.4788430000E+02 -1.1170747055E-09
  2.4843000000E+02 -1.3757403875E-09
  2.4897630000E+02 -1.6288120805E-09
  2.4952320000E+02 -1.8757288985E-09
  2.5007070000E+02 -2.1159495694E-09
  2.5061880000E+02 -2.3489535606E-09
  2.5116750000E+02 -2.5742421450E-09
  2.5171680000E+02 -2.7913394061E-09
  2.5226670000E+02 -2.9997931806E-09
  2.5281720000E+02 -3.1991759363E-09
  2.5336830000E+02 -3.3890855835E-09
  2.5392000000E+02 -3.5691462199E-09
  2.5447230000E+02 -3.7390088059E-09
  2.5502520000E+02 -3.8983517707E-09
  2.5557870000E+02 -4.0468815480E-09
  2.5613280000E+02 -4.1843330398E-09
  2.5668750000E+02 -4.3104700093E-09
  2.5724280000E+02 -4.4250854016E-09
  2.5779870000E+02 -4.5280015911E-09
  2.5835520000E+02 -4.6190705587E-09
  2.5891230000E+02 -4.6981739949E-09
  2.5947000000E+02 -4.7652233327E-09
  2.6002830000E+02 -4.8201597086E-09
  2.6058720000E+02 -4.8629538534E-09
  2.6114670000E+02 -4.8936059132E-09
  2.6170680000E+02 -4.9121452022E-09
  2.6226750000E+02 -4.9186298874E-09
  2.6282880000E+02 -4.9131466073E-09
  2.6339070000E+02 -4.8958100266E-09
  2.6395320000E+02 -4.8667623266E-09
  2.6451630000E+02 -4.8261726349E-09
  2.6508000000E+02 -4.7742363959E-09
  2.6564430000E+02 -4.7111746828E-09
  2.6620920000E+02 -4.6372334549E-09
  2.6677470000E+02 -4.5526827611E-09
  2.6734080000E+02 -4.4578158935E-09
  2.6790750000E+02 -4.3529484914E-09
  2.6847480000E+02 -4.2384175996E-09
  2.6904270000E+02 -4.1145806842E-09
  2.6961120000E+02 -3.9818146068E-09
  2.7018030000E+02 -3.8405145613E-09
  2.7075000000E+02 -3.6910929754E-09
  2.7132030000E+02 -3.5339783805E-09
  2.7189120000E+02 -3.3696142516E-09
  2.7246270000E+02 -3.1984578221E-09
  2.7303480000E+02 -3.0209788742E-09
  2.7360750000E+02 -2.8376585101E-09
  2.7418080000E+02 -2.6489879060E-09
  2.7475470000E+02 -2.4554670521E-09
  2.7532920000E+02 -2.2576034819E-09
  2.7590430000E+02 -2.0559109936E-09
  2.7648000000E+02 -1.8509083673E-09
  2.7705630000E+02 -1.6431180803E-09
  2.7763320000E+02 -1.4330650245E-09
  2.7821070000E+02 -1.2212752280E-09
  2.7878880000E+02 -1.0082745844E-09
  2.7936750000E+02 -7.9458759269E-10
  2.7994680000E+02 -5.8073611119E-10
  2.8052670000E+02 -3.6723812689E-10
  2.8110720000E+02 -1.5460654480E-10
  2.8168830000E+02  5.6652001291E-11
  2.8227000000E+02  2.6603831311E-10
  2.8285230000E+02  4.7306176550E-10
  2.8343520000E+02  6.7724141394E-10
  2.8401870000E+02  8.7810707033E-10
  2.8460280000E+02  1.0752003443E-09
  2.8518750000E+02  1.2680756482E-09
  2.8577280000E+02  1.4563011627E-09
  2.8635870000E+02  1.6394597630E-09
  2.8694520000E+02  1.8171499013E-09
  2.8753230000E+02  1.9889864455E-09
  2.8812000000E+02  2.1546014721E-09
  2.8870830000E+02  2.3136450110E-09
  2.8929720000E+02  2.4657857425E-09
  2.8988670000E+02  2.6107116428E-09
  2.9047680000E+02  2.7481305793E-09
  2.9106750000E+02  2.8777708530E-09
  2.9165880000E+02  2.9993816880E-09
  2.9225070000E+02  3.1127336666E-09
  2.9284320000E+02  3.2176191107E-09
  2.9343630000E+02  3.3138524071E-09
  2.9403000000E+02  3.4012702781E-09
  2.9462430000E+02  3.4797319967E-09
  2.9521920000E+02  3.5491195451E-09
  2.9581470000E+02  3.6093377188E-09
  2.9641080000E+02  3.6603141741E-09
  2.9700750000E+02  3.7019994220E-09
  2.9760480000E+02  3.7343667656E-09
  2.9820270000E+02  3.7574121846E-09
  2.9880120000E+02  3.7711541666E-09
  2.9940030000E+02  3.7756334848E-09
  3.0000000000E+02  3.7709129244E-09
