  -4.00000000000000        1.81478602719227     
  -3.99000000022352        1.81230564231401     
  -3.98000000044703        1.80982220288394     
  -3.97000000067055        1.80733569548900     
  -3.96000000089407        1.80484611453088     
  -3.95000000111759        1.80235344282894     
  -3.94000000134110        1.79985767076243     
  -3.93000000156462        1.79735878673191     
  -3.92000000178814        1.79485677906408     
  -3.91000000201166        1.79235163601339     
  -3.90000000223517        1.78984334575931     
  -3.89000000245869        1.78733189640729     
  -3.88000000268221        1.78481727598695     
  -3.87000000290573        1.78229947245291     
  -3.86000000312924        1.77977847368195     
  -3.85000000335276        1.77725426747384     
  -3.84000000357628        1.77472684155078     
  -3.83000000379980        1.77219618355585     
  -3.82000000402331        1.76966228105304     
  -3.81000000424683        1.76712512152513     
  -3.80000000447035        1.76458469237522     
  -3.79000000469387        1.76204098092411     
  -3.78000000491738        1.75949397441030     
  -3.77000000514090        1.75694365998917     
  -3.76000000536442        1.75439002473208     
  -3.75000000558794        1.75183305562578     
  -3.74000000581145        1.74927273957147     
  -3.73000000603497        1.74670906338415     
  -3.72000000625849        1.74414201379177     
  -3.71000000648201        1.74157157743405     
  -3.70000000670552        1.73899774086238     
  -3.69000000692904        1.73642049053854     
  -3.68000000715256        1.73383981283369     
  -3.67000000737607        1.73125569402802     
  -3.66000000759959        1.72866812030949     
  -3.65000000782311        1.72607707777272     
  -3.64000000804663        1.72348255241914     
  -3.63000000827014        1.72088453015503     
  -3.62000000849366        1.71828299679087     
  -3.61000000871718        1.71567793804061     
  -3.60000000894070        1.71306933952083     
  -3.59000000916421        1.71045718674969     
  -3.58000000938773        1.70784146514565     
  -3.57000000961125        1.70522216002691     
  -3.56000000983477        1.70259925661015     
  -3.55000001005828        1.69997274001022     
  -3.54000001028180        1.69734259523793     
  -3.53000001050532        1.69470880720000     
  -3.52000001072884        1.69207136069762     
  -3.51000001095235        1.68943024042584     
  -3.50000001117587        1.68678543097186     
  -3.49000001139939        1.68413691681445     
  -3.48000001162291        1.68148468232259     
  -3.47000001184642        1.67882871175455     
  -3.46000001206994        1.67616898925679     
  -3.45000001229346        1.67350549886276     
  -3.44000001251698        1.67083822449149     
  -3.43000001274049        1.66816714994713     
  -3.42000001296401        1.66549225891679     
  -3.41000001318753        1.66281353497257     
  -3.40000001341105        1.66013096155921     
  -3.39000001363456        1.65744452201314     
  -3.38000001385808        1.65475419954238     
  -3.37000001408160        1.65205997723339     
  -3.36000001430511        1.64936183804896     
  -3.35000001452863        1.64665976482715     
  -3.34000001475215        1.64395374027959     
  -3.33000001497567        1.64124374698905     
  -3.32000001519918        1.63852976741084     
  -3.31000001542270        1.63581178407434     
  -3.30000001564622        1.63308977855345     
  -3.29000001586974        1.63036373375903     
  -3.28000001609325        1.62763363070778     
  -3.27000001631677        1.62489945262803     
  -3.26000001654029        1.62216117871936     
  -3.25000001676381        1.61941879346178     
  -3.24000001698732        1.61667227523126     
  -3.23000001721084        1.61392160629102     
  -3.22000001743436        1.61116677063822     
  -3.21000001765788        1.60840774459087     
  -3.20000001788139        1.60564451303659     
  -3.19000001810491        1.60287705545280     
  -3.18000001832843        1.60010534817241     
  -3.17000001855195        1.59732937677772     
  -3.16000001877546        1.59454911939227     
  -3.15000001899898        1.59176455684699     
  -3.14000001922250        1.58897566758818     
  -3.13000001944602        1.58618243083239     
  -3.12000001966953        1.58338483074800     
  -3.11000001989305        1.58058284365393     
  -3.10000002011657        1.57777644524375     
  -3.09000002034009        1.57496562077971     
  -3.08000002056360        1.57215034496651     
  -3.07000002078712        1.56933059751659     
  -3.06000002101064        1.56650635893478     
  -3.05000002123415        1.56367760619990     
  -3.04000002145767        1.56084431553722     
  -3.03000002168119        1.55800646803707     
  -3.02000002190471        1.55516403972284     
  -3.01000002212822        1.55231701123882     
  -3.00000002235174        1.54946535356523     
  -2.99000002257526        1.54660905022687     
  -2.98000002279878        1.54374807619231     
  -2.97000002302229        1.54088240806728     
  -2.96000002324581        1.53801202371812     
  -2.95000002346933        1.53513690013416     
  -2.94000002369285        1.53225700916922     
  -2.93000002391636        1.52937233183722     
  -2.92000002413988        1.52648284241069     
  -2.91000002436340        1.52358851581902     
  -2.90000002458692        1.52068933006841     
  -2.89000002481043        1.51778525814665     
  -2.88000002503395        1.51487627544983     
  -2.87000002525747        1.51196235590127     
  -2.86000002548099        1.50904347846167     
  -2.85000002570450        1.50611961309825     
  -2.84000002592802        1.50319073552499     
  -2.83000002615154        1.50025681973206     
  -2.82000002637506        1.49731783948667     
  -2.81000002659857        1.49437376831960     
  -2.80000002682209        1.49142457952959     
  -2.79000002704561        1.48847024617626     
  -2.78000002726912        1.48551074107769     
  -2.77000002749264        1.48254603680974     
  -2.76000002771616        1.47957610569938     
  -2.75000002793968        1.47660091982403     
  -2.74000002816319        1.47362045100657     
  -2.73000002838671        1.47063467081306     
  -2.72000002861023        1.46764355055058     
  -2.71000002883375        1.46464706125871     
  -2.70000002905726        1.46164517371415     
  -2.69000002928078        1.45863785841741     
  -2.68000002950430        1.45562508559978     
  -2.67000002972782        1.45260682520893     
  -2.66000002995133        1.44958304691365     
  -2.65000003017485        1.44655372009539     
  -2.64000003039837        1.44351881384563     
  -2.63000003062189        1.44047829696217     
  -2.62000003084540        1.43743213794437     
  -2.61000003106892        1.43438030498957     
  -2.60000003129244        1.43132276598833     
  -2.59000003151596        1.42825948852034     
  -2.58000003173947        1.42519043985116     
  -2.57000003196299        1.42211558692485     
  -2.56000003218651        1.41903489636241     
  -2.55000003241003        1.41594833445605     
  -2.54000003263354        1.41285586716268     
  -2.53000003285706        1.40975746010190     
  -2.52000003308058        1.40665307855277     
  -2.51000003330410        1.40354268743932     
  -2.50000003352761        1.40042625133742     
  -2.49000003375113        1.39730373446150     
  -2.48000003397465        1.39417510066187     
  -2.47000003419816        1.39104031341938     
  -2.46000003442168        1.38789933584274     
  -2.45000003464520        1.38475213065365     
  -2.44000003486872        1.38159866019078     
  -2.43000003509223        1.37843888640086     
  -2.42000003531575        1.37527277082733     
  -2.41000003553927        1.37210027461514     
  -2.40000003576279        1.36892135849195     
  -2.39000003598630        1.36573598277192     
  -2.38000003620982        1.36254410734236     
  -2.37000003643334        1.35934569166061     
  -2.36000003665686        1.35614069474553     
  -2.35000003688037        1.35292907517103     
  -2.34000003710389        1.34971079105910     
  -2.33000003732741        1.34648580007168     
  -2.32000003755093        1.34325405940386     
  -2.31000003777444        1.34001552577576     
  -2.30000003799796        1.33677015542478     
  -2.29000003822148        1.33351790387052     
  -2.28000003844500        1.33025872704173     
  -2.27000003866851        1.32699257836662     
  -2.26000003889203        1.32371941418824     
  -2.25000003911555        1.32043918510532     
  -2.24000003933907        1.31715184853778     
  -2.23000003956258        1.31385735316640     
  -2.22000003978610        1.31055565321686     
  -2.21000004000962        1.30724669847055     
  -2.20000004023314        1.30393044250384     
  -2.19000004045665        1.30060683339384     
  -2.18000004068017        1.29727582151293     
  -2.17000004090369        1.29393735677161     
  -2.16000004112720        1.29059138590502     
  -2.15000004135072        1.28723785884710     
  -2.14000004157424        1.28387672171958     
  -2.13000004179776        1.28050792199775     
  -2.12000004202127        1.27713140357289     
  -2.11000004224479        1.27374711389864     
  -2.10000004246831        1.27035499747651     
  -2.09000004269183        1.26695499701917     
  -2.08000004291534        1.26354705654658     
  -2.07000004313886        1.26013111819097     
  -2.06000004336238        1.25670712378504     
  -2.05000004358590        1.25327501440565     
  -2.04000004380941        1.24983473016895     
  -2.03000004403293        1.24638621027013     
  -2.02000004425645        1.24292939318184     
  -2.01000004447997        1.23946421705391     
  -2.00000004470348        1.23599061853810     
  -1.99000004492700        1.23250853432370     
  -1.98000004515052        1.22901789810787     
  -1.97000004537404        1.22551864599424     
  -1.96000004559755        1.22201070981669     
  -1.95000004582107        1.21849402341353     
  -1.94000004604459        1.21496851698286     
  -1.93000004626811        1.21143412199692     
  -1.92000004649162        1.20789076767073     
  -1.91000004671514        1.20433838251594     
  -1.90000004693866        1.20077689400232     
  -1.89000004716218        1.19720622853377     
  -1.88000004738569        1.19362631142345     
  -1.87000004760921        1.19003706686788     
  -1.86000004783273        1.18643841792059     
  -1.85000004805624        1.18283028646458     
  -1.84000004827976        1.17921259318382     
  -1.83000004850328        1.17558525753381     
  -1.82000004872680        1.17194819771108     
  -1.81000004895031        1.16830133062160     
  -1.80000004917383        1.16464457184798     
  -1.79000004939735        1.16097783561554     
  -1.78000004962087        1.15730103475711     
  -1.77000004984438        1.15361408067637     
  -1.76000005006790        1.14991688331003     
  -1.75000005029142        1.14620935108825     
  -1.74000005051494        1.14249139089383     
  -1.73000005073845        1.13876290801958     
  -1.72000005096197        1.13502380612402     
  -1.71000005118549        1.13127398718534     
  -1.70000005140901        1.12751335145344     
  -1.69000005163252        1.12374179740000     
  -1.68000005185604        1.11995922166646     
  -1.67000005207956        1.11616551900975     
  -1.66000005230308        1.11236058224570     
  -1.65000005252659        1.10854430219013     
  -1.64000005275011        1.10471656759707     
  -1.63000005297363        1.10087726509449     
  -1.62000005319715        1.09702627911697     
  -1.61000005342066        1.09316349183538     
  -1.60000005364418        1.08928878308319     
  -1.59000005386770        1.08540203027950     
  -1.58000005409122        1.08150310834826     
  -1.57000005431473        1.07759188963364     
  -1.56000005453825        1.07366824381132     
  -1.55000005476177        1.06973203779539     
  -1.54000005498528        1.06578313564049     
  -1.53000005520880        1.06182139843914     
  -1.52000005543232        1.05784668421372     
  -1.51000005565584        1.05385884780277     
  -1.50000005587935        1.04985774074140     
  -1.49000005610287        1.04584321113520     
  -1.48000005632639        1.04181510352737     
  -1.47000005654991        1.03777325875855     
  -1.46000005677342        1.03371751381884     
  -1.45000005699694        1.02964770169131     
  -1.44000005722046        1.02556365118680     
  -1.43000005744398        1.02146518676892     
  -1.42000005766749        1.01735212836882     
  -1.41000005789101        1.01322429118880     
  -1.40000005811453        1.00908148549423     
  -1.39000005833805        1.00492351639234     
  -1.38000005856156        1.00075018359748     
  -1.37000005878508       0.996561281181455     
  -1.36000005900860       0.992356597307744     
  -1.35000005923212       0.988135913948474     
  -1.34000005945563       0.983899006582578     
  -1.33000005967915       0.979645643873855     
  -1.32000005990267       0.975375587327151     
  -1.31000006012619       0.971088590920130     
  -1.30000006034970       0.966784400709929     
  -1.29000006057322       0.962462754411930     
  -1.28000006079674       0.958123380946648     
  -1.27000006102026       0.953765999955386     
  -1.26000006124377       0.949390321277710     
  -1.25000006146729       0.944996044390616     
  -1.24000006169081       0.940582858570373     
  -1.23000006191432       0.936150438408773     
  -1.22000006213784       0.931698450439952     
  -1.21000006236136       0.927226546383225     
  -1.20000006258488       0.922734363965183     
  -1.19000006280839       0.918221523779945     
  -1.18000006303191       0.913687632450357     
  -1.17000006325543       0.909132284911328     
  -1.16000006347895       0.904555048657653     
  -1.15000006370246       0.899955478615496     
  -1.14000006392598       0.895333109293208     
  -1.13000006414950       0.890687446865960     
  -1.12000006437302       0.886017981162007     
  -1.11000006459653       0.881324174247552     
  -1.10000006482005       0.876605452993284     
  -1.09000006504357       0.871861232168827     
  -1.08000006526709       0.867090877042893     
  -1.07000006549060       0.862293727222220     
  -1.06000006571412       0.857469082963990     
  -1.05000006593764       0.852616204358206     
  -1.04000006616116       0.847734310223271     
  -1.03000006638467       0.842822563270722     
  -1.02000006660819       0.837880081884882     
  -1.01000006683171       0.832905922589292     
  -1.00000006705523       0.827899080516114     
 -0.990000067278743       0.822858482653394     
 -0.980000067502260       0.817782976228163     
 -0.970000067725778       0.812671334782422     
 -0.960000067949295       0.807522226050369     
 -0.950000068172812       0.802334224317463     
 -0.940000068396330       0.797105788469086     
 -0.930000068619847       0.791835249469596     
 -0.920000068843365       0.786520799722252     
 -0.910000069066882       0.781160472256494     
 -0.900000069290400       0.775752123499569     
 -0.890000069513917       0.770293410663416     
 -0.880000069737434       0.764781766052237     
 -0.870000069960952       0.759214367224949     
 -0.860000070184469       0.753588102210314     
 -0.850000070407987       0.747899528784585     
 -0.840000070631504       0.742144826597433     
 -0.830000070855021       0.736319740627935     
 -0.820000071078539       0.730419514079995     
 -0.810000071302056       0.724438808343056     
 -0.800000071525574       0.718371607000172     
 -0.790000071749091       0.712211100048587     
 -0.780000071972609       0.705949543397440     
 -0.770000072196126       0.699578087250726     
 -0.760000072419643       0.693086565015731     
 -0.750000072643161       0.686463231733935     
 -0.740000072866678       0.679694437322977     
 -0.730000073090196       0.672764214889016     
 -0.720000073313713       0.665653757145903     
 -0.710000073537230       0.658340743770215     
 -0.700000073760748       0.650798467714654     
 -0.690000073984265       0.642994686669747     
 -0.680000074207783       0.634890093204651     
 -0.670000074431300       0.626436247209996     
 -0.660000074654818       0.617572736414083     
 -0.650000074878335       0.608223206400176     
 -0.640000075101852       0.598289697656241     
 -0.630000075325370       0.587644382889677     
 -0.620000075548887       0.576117196795299     
 -0.610000075772405       0.563476760726183     
 -0.600000075995922       0.549399940959802     
 -0.590000076219440       0.533421267479651     
 -0.580000076442957       0.514844742341766     
 -0.570000076666474       0.492580795371164     
 -0.560000076889992       0.464822054702765     
 -0.550000077113509       0.428335353260914     
 -0.540000077337027       0.376709804215644     
 -0.530000077560544       0.295180022619619     
 -0.520000077784061       0.140438358304288     
 -0.510000078007579      -0.292840494727762     
 -0.500000078231096       -13.0792628413984     
 -0.490000078454614        1.59545831615436     
 -0.480000078678131        1.06333995654486     
 -0.470000078901649       0.890212056077824     
 -0.460000079125166       0.802063159387800     
 -0.450000079348683       0.747166696173349     
 -0.440000079572201       0.708682378930348     
 -0.430000079795718       0.679488635594462     
 -0.420000080019236       0.656055405401677     
 -0.410000080242753       0.636433385961931     
 -0.400000080466270       0.619458137964775     
 -0.390000080689788       0.604391062496166     
 -0.380000080913305       0.590740930430327     
 -0.370000081136823       0.578168223390216     
 -0.360000081360340       0.566430674805260     
 -0.350000081583858       0.555350695172129     
 -0.340000081807375       0.544795065658252     
 -0.330000082030892       0.534661827676197     
 -0.320000082254410       0.524871461804391     
 -0.310000082477927       0.515361415688009     
 -0.300000082701445       0.506080962460151     
 -0.290000082924962       0.496989214558040     
 -0.280000083148479       0.488052427923441     
 -0.270000083371997       0.479242662611827     
 -0.260000083595514       0.470536335142163     
 -0.250000083819032       0.461913444535969     
 -0.240000084042549       0.453357043617050     
 -0.230000084266067       0.444852305741851     
 -0.220000084489584       0.436386558858111     
 -0.210000084713101       0.427948445147036     
 -0.200000084936619       0.419528277834070     
 -0.190000085160136       0.411116886230268     
 -0.180000085383654       0.402706734670022     
 -0.170000085607171       0.394290432815891     
 -0.160000085830688       0.385861725786785     
 -0.150000086054206       0.377414370248257     
 -0.140000086277723       0.368943055210247     
 -0.130000086501241       0.360442869271792     
 -0.120000086724758       0.351909101328651     
 -0.110000086948276       0.343336478217796     
 -9.000008739531040E-002  0.326060329003570     
 -8.000008761882782E-002  0.317348449176491     
 -7.000008784234524E-002  0.308582821726692     
 -6.000008806586266E-002  0.299759439277153     
 -5.000008828938007E-002  0.290874636076727     
 -4.000008851289749E-002  0.281925346955505     
 -3.000008873641491E-002  0.272907969169755     
 -2.000008895993233E-002  0.263819294643120     
 -1.000008918344975E-002  0.254655931840621     
 -8.940696716308594E-008  0.245414534640195     
  9.999910369515419E-003  0.236092056329150     
  1.999991014599800E-002  0.226684909862806     
  2.999990992248058E-002  0.217189882018792     
  3.999990969896317E-002  0.207603589675012     
  4.999990947544575E-002  0.197922595028638     
  5.999990925192833E-002  0.188143458625901     
  6.999990902841091E-002  0.178262703614283     
  7.999990880489349E-002  0.168276699952839     
  8.999990858137608E-002  0.158181735498033     
  9.999990835785866E-002  0.147974102099453     
  0.109999908134341       0.137649946052612     
  0.119999907910824       0.127205285483271     
  0.129999907687306       0.116636028114769     
  0.139999907463789       0.105937987472884     
  0.149999907240272       9.510681536500777E-002
  0.159999907016754       8.413802459118488E-002
  0.169999906793237       7.302697184986490E-002
  0.179999906569719       6.176884677061183E-002
  0.189999906346202       5.035866044843518E-002
  0.199999906122684       3.879123340954415E-002
  0.209999905899167       2.706118295667153E-002
  0.219999905675650       1.516290981593056E-002
  0.229999905452132       3.090584016484938E-003
  0.239999905228615      -9.161870075732421E-003
  0.249999905005097      -2.160078964920749E-002
  0.259999904781580      -3.423279035603395E-002
  0.269999904558063      -4.706478433234904E-002
  0.279999904334545      -6.010399944789130E-002
  0.289999904111028      -7.335799987434803E-002
  0.299999903887510      -8.683470811868649E-002
  0.309999903663993      -0.100542428653398     
  0.319999903440475      -0.114489873291765     
  0.329999903216958      -0.128686188467781     
  0.339999902993441      -0.143140984614159     
  0.349999902769923      -0.157864367830954     
  0.359999902546406      -0.172866974069223     
  0.369999902322888      -0.188160006075819     
  0.379999902099371      -0.203755273371662     
  0.389999901875854      -0.219665235567395     
  0.399999901652336      -0.235903049353035     
  0.409999901428819      -0.252482619539430     
  0.419999901205301      -0.269418654571061     
  0.429999900981784      -0.286726726981168     
  0.439999900758266      -0.304423339317206     
  0.449999900534749      -0.322525996127795     
  0.459999900311232      -0.341053282678537     
  0.469999900087714      -0.360024951147202     
  0.479999899864197      -0.379462015145137     
  0.489999899640679      -0.399386853525389     
  0.499999899417162      -0.419823324562204     
  0.509999899193645      -0.440796891738081     
  0.519999898970127      -0.462334762541243     
  0.529999898746610      -0.484466041877408     
  0.539999898523092      -0.507221901923095     
  0.549999898299575      -0.530635770530772     
  0.559999898076057      -0.554743540563329     
  0.569999897852540      -0.579583802977844     
  0.579999897629023      -0.605198106823594     
  0.589999897405505      -0.631631249861964     
  0.599999897181988      -0.658931604122841     
  0.609999896958470      -0.687151481380549     
  0.619999896734953      -0.716347544392972     
  0.629999896511436      -0.746581270730158     
  0.639999896287918      -0.777919477217576     
  0.649999896064401      -0.810434914435148     
  0.659999895840883      -0.844206942456054     
  0.669999895617366      -0.879322301064693     
  0.679999895393848      -0.915875990254023     
  0.689999895170331      -0.953972279860973     
  0.699999894946814      -0.993725871004225     
  0.709999894723296       -1.03526323663791     
  0.719999894499779       -1.07872417429513     
  0.729999894276261       -1.12426361128183     
  0.739999894052744       -1.17205371125439     
  0.749999893829226       -1.22228634463494     
  0.759999893605709       -1.27517599547764     
  0.769999893382192       -1.33096318172206     
  0.779999893158674       -1.38991857156740     
  0.789999892935157       -1.45234782698017     
  0.799999892711639       -1.51859747794058     
  0.809999892488122       -1.58906192698072     
  0.819999892264605       -1.66419218486766     
  0.829999892041087       -1.74450620013848     
  0.839999891817570       -1.83060184306872     
  0.849999891594052       -1.92317308937359     
  0.859999891370535       -2.02302996220479     
  0.869999891147017       -2.13112378156147     
  0.879999890923500       -2.24857990083877     
  0.889999890699983       -2.37673846364761     
  0.899999890476465       -2.51720936395200     
  0.909999890252948       -2.67194287984128     
  0.919999890029430       -2.84332504335390     
  0.929999889805913       -3.03430645093520     
  0.939999889582396       -3.24857975977344     
  0.949999889358878       -3.49082877712637     
  0.959999889135361       -3.76708466281638     
  0.969999888911843       -4.08524854404601     
  0.979999888688326       -4.45587633907030     
  0.989999888464808       -4.89339687425072     
  0.999999888241291       -5.41806684286921     
   1.00999988801777       -6.05924495026018     
   1.01999988779426       -6.86114878673550     
   1.02999988757074       -7.89361970198122     
   1.03999988734722       -9.27382809416071     
   1.04999988712370       -11.2145406571288     
   1.05999988690019       -14.1465974895870     
   1.06999988667667       -19.0945549399957     
   1.07999988645315       -29.2369101146788     
   1.08999988622963       -61.8371311898952     
   1.09999988600612        575.274612627057     
   1.10999988578260        51.1780071089728     
   1.11999988555908        26.8486164159864     
   1.12999988533556        18.2248397915324     
   1.13999988511205        13.8072698798497     
   1.14999988488853        11.1203544871631     
   1.15999988466501        9.31256312595069     
   1.16999988444149        8.01228057766689     
   1.17999988421798        7.03146545600550     
   1.18999988399446        6.26475593082582     
   1.19999988377094        5.64852845491270     
   1.20999988354743        5.14209222001219     
   1.21999988332391        4.71821072880425     
   1.22999988310039        4.35796551435485     
   1.23999988287687        4.04780592370162     
   1.24999988265336        3.77777137959624     
   1.25999988242984        3.54037626291831     
   1.26999988220632        3.32988612529857     
   1.27999988198280        3.14183386651488     
   1.28999988175929        2.97268791913505     
   1.29999988153577        2.81961949561727     
   1.30999988131225        2.68033602932160     
   1.31999988108873        2.55295984056336     
   1.32999988086522        2.43593832152956     
   1.33999988064170        2.32797648421440     
   1.34999988041818        2.22798563398532     
   1.35999988019466        2.13504384348613     
   1.36999987997115        2.04836517848556     
   1.37999987974763        1.96727549528640     
   1.38999987952411        1.89119322874567     
   1.39999987930059        1.81961401020758     
   1.40999987907708        1.75209825322096     
   1.41999987885356        1.68826105981300     
   1.42999987863004        1.62776395652506     
   1.43999987840652        1.57030808456645     
   1.44999987818301        1.51562855406785     
   1.45999987795949        1.46348973668558     
   1.46999987773597        1.41368131950328     
   1.47999987751245        1.36601498034040     
   1.48999987728894        1.32032157321086     
   1.49999987706542        1.27644873486710     
   1.50999987684190        1.23425884071156     
   1.51999987661839        1.19362725197472     
   1.52999987639487        1.15444080684676     
   1.53999987617135        1.11659651684139     
   1.54999987594783        1.08000043652637     
   1.55999987572432        1.04456668030097     
   1.56999987550080        1.01021656434977     
   1.57999987527728       0.976877855562817     
   1.58999987505376       0.944484112166380     
   1.59999987483025       0.912974103238845     
   1.60999987460673       0.882291296316363     
   1.61999987438321       0.852383403922953     
   1.62999987415969       0.823201981260327     
   1.63999987393618       0.794702068433347     
   1.64999987371266       0.766841871552721     
   1.65999987348914       0.739582477850688     
   1.66999987326562       0.712887600647170     
   1.67999987304211       0.686723350560759     
   1.68999987281859       0.661058029853915     
   1.69999987259507       0.635861947210476     
   1.70999987237155       0.611107250605230     
   1.71999987214804       0.586767776222394     
   1.72999987192452       0.562818911629126     
   1.73999987170100       0.539237471658770     
   1.74999987147748       0.516001582784309     
   1.75999987125397       0.493090594613834     
   1.76999987103045       0.470484956780377     
   1.77999987080693       0.448166167747352     
   1.78999987058342       0.426116683268539     
   1.79999987035990       0.404319795960672     
   1.80999987013638       0.382759692100659     
   1.81999986991286       0.361421258793352     
   1.82999986968935       0.340290104324822     
   1.83999986946583       0.319352477581317     
   1.84999986924231       0.298595259054125     
   1.85999986901879       0.278005833263660     
   1.86999986879528       0.257572161756050     
   1.87999986857176       0.237282652094689     
   1.88999986834824       0.217126169963825     
   1.89999986812472       0.197091990518626     
   1.90999986790121       0.177169780619366     
   1.91999986767769       0.157349555278909     
   1.92999986745417       0.137621661273947     
   1.93999986723065       0.117976765301101     
   1.94999986700714       9.840578439909138E-002
   1.95999986678362       7.889991509750090E-002
   1.96999986656010       5.945060028062332E-002
   1.97999986633658       4.004949970599504E-002
   1.98999986611307       2.068846386835068E-002
   1.99999986588955       1.359532521033813E-003
