  0.0000000000E+00  0.0000000000E+00  0.0000000000E+00  0.0000000000E+00
  3.0000000000E-04  4.9192906645E-16  1.4277180883E-20  1.3049891552E-25
  1.2000000000E-03  1.9671042273E-15  2.2838684105E-19  8.3505723453E-24
  2.7000000000E-03  4.4236901617E-15  1.1558030362E-18  9.5092457758E-23
  4.8000000000E-03  7.8586306489E-15  3.6511154993E-18  5.3408904817E-22
  7.5000000000E-03  1.2267652536E-14  8.9082313038E-18  2.0363941104E-21
  1.0800000000E-02  1.7645271282E-14  1.8457861594E-17  6.0770146812E-21
  1.4700000000E-02  2.3984798082E-14  3.4164297775E-17  1.5313162405E-20
  1.9200000000E-02  3.1278348539E-14  5.8221482799E-17  3.4092850606E-20
  2.4300000000E-02  3.9516852898E-14  9.3148384417E-17  6.9052286757E-20
  3.0000000000E-02  4.8690067809E-14  1.4178367848E-16  1.2980023638E-19
  3.6300000000E-02  5.8786589609E-14  2.0727975159E-16  2.2968726478E-19
  4.3200000000E-02  6.9793869112E-14  2.9309603361E-16  3.8665749826E-19
  5.0700000000E-02  8.1698227862E-14  4.0299167163E-16  6.2418028661E-19
  5.8800000000E-02  9.4484875865E-14  5.4101755834E-16  9.7225889538E-19
  6.7500000000E-02  1.0813793074E-13  7.1150772857E-16  1.4685131085E-18
  7.6800000000E-02  1.2264043827E-13  9.1907013923E-16  2.1593323827E-18
  8.6700000000E-02  1.3797439436E-13  1.1685768487E-15  3.1010959606E-18
  9.7200000000E-02  1.5412076831E-13  1.4651536131E-15  4.3614561275E-18
  1.0830000000E-01  1.7105952741E-13  1.8141689168E-15  6.0206805764E-18
  1.2000000000E-01  1.8876966282E-13  2.2212224581E-15  8.1730496425E-18
  1.3230000000E-01  2.0722921673E-13  2.6921331084E-15  1.0928303977E-17
  1.4520000000E-01  2.2641531065E-13  3.2329263671E-15  1.4413138017E-17
  1.5870000000E-01  2.4630417494E-13  3.8498213339E-15  1.8772734482E-17
  1.7280000000E-01  2.6687117943E-13  4.5492172217E-15  2.4172334891E-17
  1.8750000000E-01  2.8809086515E-13  5.3376794331E-15  3.0798841014E-17
  2.0280000000E-01  3.0993697706E-13  6.2219252256E-15  3.8862441967E-17
  2.1870000000E-01  3.3238249783E-13  7.2088089906E-15  4.8598261571E-17
  2.3520000000E-01  3.5539968254E-13  8.3053071720E-15  6.0268020452E-17
  2.5230000000E-01  3.7896009428E-13  9.5185028507E-15  7.4161707268E-17
  2.7000000000E-01  4.0303464060E-13  1.0855570023E-14  9.0599253337E-17
  2.8830000000E-01  4.2759361081E-13  1.2323757598E-14  1.0993220490E-16
  3.0720000000E-01  4.5260671393E-13  1.3930373149E-14  1.3254538710E-16
  3.2670000000E-01  4.7804311749E-13  1.5682766436E-14  1.5885855388E-16
  3.4680000000E-01  5.0387148680E-13  1.7588312745E-14  1.8932801766E-16
  3.6750000000E-01  5.3006002498E-13  1.9654396049E-14  2.2444825304E-16
  3.8880000000E-01  5.5657651340E-13  2.1888392054E-14  2.6475346838E-16
  4.1070000000E-01  5.8338835269E-13  2.4297651126E-14  3.1081913928E-16
  4.3320000000E-01  6.1046260410E-13  2.6889481150E-14  3.6326349809E-16
  4.5630000000E-01  6.3776603134E-13  2.9671130354E-14  4.2274897344E-16
  4.8000000000E-01  6.6526514258E-13  3.2649770104E-14  4.8998357386E-16
  5.0430000000E-01  6.9292623288E-13  3.5832477735E-14  5.6572220978E-16
  5.2920000000E-01  7.2071542666E-13  3.9226219420E-14  6.5076794799E-16
  5.5470000000E-01  7.4859872041E-13  4.2837833122E-14  7.4597319305E-16
  5.8080000000E-01  7.7654202548E-13  4.6674011657E-14  8.5224078994E-16
  6.0750000000E-01  8.0451121085E-13  5.0741285897E-14  9.7052504255E-16
  6.3480000000E-01  8.3247214586E-13  5.5046008143E-14  1.1018326427E-15
  6.6270000000E-01  8.6039074297E-13  5.9594335700E-14  1.2472235047E-15
  6.9120000000E-01  8.8823300017E-13  6.4392214682E-14  1.4078114994E-15
  7.2030000000E-01  9.1596504342E-13  6.9445364076E-14  1.5847650849E-15
  7.5000000000E-01  9.4355316861E-13  7.4759260095E-14  1.7793078271E-15
  7.8030000000E-01  9.7096388338E-13  8.0339120850E-14  1.9927188066E-15
  8.1120000000E-01  9.9816394844E-13  8.6189891364E-14  2.2263329078E-15
  8.4270000000E-01  1.0251204186E-12  9.2316228958E-14  2.4815409859E-15
  8.7480000000E-01  1.0518006830E-12  9.8722489041E-14  2.7597899074E-15
  9.0750000000E-01  1.0781725055E-12  1.0541271132E-13  3.0625824620E-15
  9.4080000000E-01  1.1042040636E-12  1.1239060647E-13  3.3914771405E-15
  9.7470000000E-01  1.1298639872E-12  1.1965954326E-13  3.7480877774E-15
  1.0092000000E+00  1.1551213969E-12  1.2722253620E-13  4.1340830543E-15
  1.0443000000E+00  1.1799459410E-12  1.3508223372E-13  4.5511858616E-15
  1.0800000000E+00  1.2043078320E-12  1.4324090683E-13  5.0011725172E-15
  1.1163000000E+00  1.2281778825E-12  1.5170043847E-13  5.4858718387E-15
  1.1532000000E+00  1.2515275399E-12  1.6046231329E-13  6.0071640688E-15
  1.1907000000E+00  1.2743289199E-12  1.6952760819E-13  6.5669796513E-15
  1.2288000000E+00  1.2965548398E-12  1.7889698336E-13  7.1672978576E-15
  1.2675000000E+00  1.3181788505E-12  1.8857067407E-13  7.8101452627E-15
  1.3068000000E+00  1.3391752667E-12  1.9854848303E-13  8.4975940695E-15
  1.3467000000E+00  1.3595191972E-12  2.0882977350E-13  9.2317602828E-15
  1.3872000000E+00  1.3791865734E-12  2.1941346303E-13  1.0014801732E-14
  1.4283000000E+00  1.3981541765E-12  2.3029801794E-13  1.0848915941E-14
  1.4700000000E+00  1.4163996643E-12  2.4148144852E-13  1.1736337855E-14
  1.5123000000E+00  1.4339015957E-12  2.5296130491E-13  1.2679337410E-14
  1.5552000000E+00  1.4506394545E-12  2.6473467379E-13  1.3680216965E-14
  1.5987000000E+00  1.4665936725E-12  2.7679817576E-13  1.4741308580E-14
  1.6428000000E+00  1.4817456501E-12  2.8914796346E-13  1.5864971158E-14
  1.6875000000E+00  1.4960777762E-12  3.0177972053E-13  1.7053587446E-14
  1.7328000000E+00  1.5095734471E-12  3.1468866123E-13  1.8309560896E-14
  1.7787000000E+00  1.5222170833E-12  3.2786953092E-13  1.9635312393E-14
  1.8252000000E+00  1.5339941451E-12  3.4131660724E-13  2.1033276854E-14
  1.8723000000E+00  1.5448911475E-12  3.5502370210E-13  2.2505899699E-14
  1.9200000000E+00  1.5548956724E-12  3.6898416444E-13  2.4055633203E-14
  1.9683000000E+00  1.5639963805E-12  3.8319088372E-13  2.5684932722E-14
  2.0172000000E+00  1.5721830213E-12  3.9763629425E-13  2.7396252816E-14
  2.0667000000E+00  1.5794464414E-12  4.1231238019E-13  2.9192043255E-14
  2.1168000000E+00  1.5857785918E-12  4.2721068142E-13  3.1074744931E-14
  2.1675000000E+00  1.5911725334E-12  4.4232230002E-13  3.3046785666E-14
  2.2188000000E+00  1.5956224412E-12  4.5763790766E-13  3.5110575933E-14
  2.2707000000E+00  1.5991236072E-12  4.7314775356E-13  3.7268504488E-14
  2.3232000000E+00  1.6016724411E-12  4.8884167330E-13  3.9522933935E-14
  2.3763000000E+00  1.6032664707E-12  5.0470909829E-13  4.1876196201E-14
  2.4300000000E+00  1.6039043396E-12  5.2073906592E-13  4.4330587968E-14
  2.4843000000E+00  1.6035858045E-12  5.3692023047E-13  4.6888366028E-14
  2.5392000000E+00  1.6023117305E-12  5.5324087459E-13  4.9551742602E-14
  2.5947000000E+00  1.6000840849E-12  5.6968892156E-13  5.2322880611E-14
  2.6508000000E+00  1.5969059301E-12  5.8625194806E-13  5.5203888916E-14
  2.7075000000E+00  1.5927814145E-12  6.0291719767E-13  5.8196817522E-14
  2.7648000000E+00  1.5877157624E-12  6.1967159491E-13  6.1303652780E-14
  2.8227000000E+00  1.5817152625E-12  6.3650175988E-13  6.4526312565E-14
  2.8812000000E+00  1.5747872552E-12  6.5339402346E-13  6.7866641458E-14
  2.9403000000E+00  1.5669401180E-12  6.7033444308E-13  7.1326405936E-14
  3.0000000000E+00  1.5581832503E-12  6.8730881895E-13  7.4907289577E-14
  3.0603000000E+00  1.5485270566E-12  7.0430271079E-13  7.8610888287E-14
  3.1212000000E+00  1.5379829284E-12  7.2130145513E-13  8.2438705564E-14
  3.1827000000E+00  1.5265632254E-12  7.3829018289E-13  8.6392147802E-14
  3.2448000000E+00  1.5142812548E-12  7.5525383750E-13  9.0472519646E-14
  3.3075000000E+00  1.5011512499E-12  7.7217719339E-13  9.4681019411E-14
  3.3708000000E+00  1.4871883475E-12  7.8904487479E-13  9.9018734561E-14
  3.4347000000E+00  1.4724085646E-12  8.0584137491E-13  1.0348663728E-13
  3.4992000000E+00  1.4568287733E-12  8.2255107542E-13  1.0808558011E-13
  3.5643000000E+00  1.4404666752E-12  8.3915826622E-13  1.1281629171E-13
  3.6300000000E+00  1.4233407752E-12  8.5564716539E-13  1.1767937270E-13
  3.6963000000E+00  1.4054703534E-12  8.7200193949E-13  1.2267529161E-13
  3.7632000000E+00  1.3868754372E-12  8.8820672388E-13  1.2780438101E-13
  3.8307000000E+00  1.3675767719E-12  9.0424564334E-13  1.3306683367E-13
  3.8988000000E+00  1.3475957908E-12  9.2010283274E-13  1.3846269896E-13
  3.9675000000E+00  1.3269545844E-12  9.3576245783E-13  1.4399187931E-13
  4.0368000000E+00  1.3056758690E-12  9.5120873605E-13  1.4965412691E-13
  4.1067000000E+00  1.2837829548E-12  9.6642595747E-13  1.5544904052E-13
  4.1772000000E+00  1.2612997133E-12  9.8139850561E-13  1.6137606245E-13
  4.2483000000E+00  1.2382505438E-12  9.9611087829E-13  1.6743447572E-13
  4.3200000000E+00  1.2146603403E-12  1.0105477085E-12  1.7362340147E-13
  4.3923000000E+00  1.1905544568E-12  1.0246937848E-12  1.7994179645E-13
  4.4652000000E+00  1.1659586730E-12  1.0385340724E-12  1.8638845081E-13
  4.5387000000E+00  1.1408991598E-12  1.0520537330E-12  1.9296198603E-13
  4.6128000000E+00  1.1154024436E-12  1.0652381453E-12  1.9966085312E-13
  4.6875000000E+00  1.0894953711E-12  1.0780729250E-12  2.0648333099E-13
  4.7628000000E+00  1.0632050740E-12  1.0905439444E-12  2.1342752505E-13
  4.8387000000E+00  1.0365589327E-12  1.1026373520E-12  2.2049136609E-13
  4.9152000000E+00  1.0095845408E-12  1.1143395916E-12  2.2767260933E-13
  4.9923000000E+00  9.8230966916E-13  1.1256374209E-12  2.3496883376E-13
  5.0700000000E+00  9.5476223007E-13  1.1365179304E-12  2.4237744168E-13
  5.1483000000E+00  9.2697024117E-13  1.1469685611E-12  2.4989565851E-13
  5.2272000000E+00  8.9896178992E-13  1.1569771221E-12  2.5752053289E-13
  5.3067000000E+00  8.7076499791E-13  1.1665318080E-12  2.6524893696E-13
  5.3868000000E+00  8.4240798549E-13  1.1756212154E-12  2.7307756695E-13
  5.4675000000E+00  8.1391883661E-13  1.1842343591E-12  2.8100294401E-13
  5.5488000000E+00  7.8532556394E-13  1.1923606881E-12  2.8902141531E-13
  5.6307000000E+00  7.5665607438E-13  1.1999901001E-12  2.9712915541E-13
  5.7132000000E+00  7.2793813489E-13  1.2071129566E-12  3.0532216789E-13
  5.7963000000E+00  6.9919933878E-13  1.2137200965E-12  3.1359628722E-13
  5.8800000000E+00  6.7046707245E-13  1.2198028497E-12  3.2194718096E-13
  5.9643000000E+00  6.4176848272E-13  1.2253530495E-12  3.3037035212E-13
  6.0492000000E+00  6.1313044459E-13  1.2303630448E-12  3.3886114195E-13
  6.1347000000E+00  5.8457952972E-13  1.2348257115E-12  3.4741473279E-13
  6.2208000000E+00  5.5614197545E-13  1.2387344630E-12  3.5602615138E-13
  6.3075000000E+00  5.2784365456E-13  1.2420832602E-12  3.6469027228E-13
  6.3948000000E+00  4.9971004575E-13  1.2448666209E-12  3.7340182164E-13
  6.4827000000E+00  4.7176620478E-13  1.2470796282E-12  3.8215538121E-13
  6.5712000000E+00  4.4403673650E-13  1.2487179379E-12  3.9094539255E-13
  6.6603000000E+00  4.1654576767E-13  1.2497777861E-12  3.9976616158E-13
  6.7500000000E+00  3.8931692056E-13  1.2502559950E-12  4.0861186327E-13
  6.8403000000E+00  3.6237328752E-13  1.2501499783E-12  4.1747654669E-13
  6.9312000000E+00  3.3573740642E-13  1.2494577459E-12  4.2635414019E-13
  7.0227000000E+00  3.0943123702E-13  1.2481779080E-12  4.3523845688E-13
  7.1148000000E+00  2.8347613831E-13  1.2463096777E-12  4.4412320030E-13
  7.2075000000E+00  2.5789284689E-13  1.2438528733E-12  4.5300197033E-13
  7.3008000000E+00  2.3270145623E-13  1.2408079201E-12  4.6186826927E-13
  7.3947000000E+00  2.0792139712E-13  1.2371758505E-12  4.7071550823E-13
  7.4892000000E+00  1.8357141906E-13  1.2329583040E-12  4.7953701357E-13
  7.5843000000E+00  1.5966957276E-13  1.2281575262E-12  4.8832603367E-13
  7.6800000000E+00  1.3623319374E-13  1.2227763668E-12  4.9707574576E-13
  7.7763000000E+00  1.1327888701E-13  1.2168182771E-12  5.0577926307E-13
  7.8732000000E+00  9.0822512838E-14  1.2102873065E-12  5.1442964198E-13
  7.9707000000E+00  6.8879173737E-14  1.2031880980E-12  5.2301988945E-13
  8.0688000000E+00  4.7463202475E-14  1.1955258837E-12  5.3154297056E-13
  8.1675000000E+00  2.6588151299E-14  1.1873064782E-12  5.3999181615E-13
  8.2668000000E+00  6.2667822876E-15  1.1785362726E-12  5.4835933069E-13
  8.3667000000E+00 -1.3488941143E-14  1.1692222266E-12  5.5663840010E-13
  8.4672000000E+00 -3.2667861573E-14  1.1593718611E-12  5.6482189987E-13
  8.5683000000E+00 -5.1259633762E-14  1.1489932482E-12  5.7290270313E-13
  8.6700000000E+00 -6.9254729664E-14  1.1380950026E-12  5.8087368887E-13
  8.7723000000E+00 -8.6644442295E-14  1.1266862708E-12  5.8872775023E-13
  8.8752000000E+00 -1.0342088845E-13  1.1147767199E-12  5.9645780281E-13
  8.9787000000E+00 -1.1957701028E-13  1.1023765263E-12  6.0405679314E-13
  9.0828000000E+00 -1.3510657570E-13  1.0894963629E-12  6.1151770704E-13
  9.1875000000E+00 -1.5000417773E-13  1.0761473864E-12  6.1883357812E-13
  9.2928000000E+00 -1.6426523264E-13  1.0623412232E-12  6.2599749624E-13
  9.3987000000E+00 -1.7788597706E-13  1.0480899555E-12  6.3300261604E-13
  9.5052000000E+00 -1.9086346395E-13  1.0334061064E-12  6.3984216535E-13
  9.6123000000E+00 -2.0319555750E-13  1.0183026241E-12  6.4650945369E-13
  9.7200000000E+00 -2.1488092698E-13  1.0027928665E-12  6.5299788068E-13
  9.8283000000E+00 -2.2591903958E-13  9.8689058394E-13  6.5930094441E-13
  9.9372000000E+00 -2.3631015210E-13  9.7060990304E-13  6.6541224977E-13
  1.0046700000E+01 -2.4605530183E-13  9.5396530862E-13  6.7132551668E-13
  1.0156800000E+01 -2.5515629624E-13  9.3697162605E-13  6.7703458831E-13
  1.0267500000E+01 -2.6361570189E-13  9.1964400285E-13  6.8253343910E-13
  1.0378800000E+01 -2.7143683231E-13  9.0199789003E-13  6.8781618273E-13
  1.0490700000E+01 -2.7862373495E-13  8.8404902295E-13  6.9287708003E-13
  1.0603200000E+01 -2.8518117734E-13  8.6581340193E-13  6.9771054663E-13
  1.0716300000E+01 -2.9111463234E-13  8.4730727252E-13  7.0231116059E-13
  1.0830000000E+01 -2.9643026254E-13  8.2854710550E-13  7.0667366982E-13
  1.0944300000E+01 -3.0113490392E-13  8.0954957662E-13  7.1079299931E-13
  1.1059200000E+01 -3.0523604872E-13  7.9033154612E-13  7.1466425827E-13
  1.1174700000E+01 -3.0874182757E-13  7.7091003809E-13  7.1828274697E-13
  1.1290800000E+01 -3.1166099095E-13  7.5130221961E-13  7.2164396350E-13
  1.1407500000E+01 -3.1400288993E-13  7.3152537983E-13  7.2474361024E-13
  1.1524800000E+01 -3.1577745633E-13  7.1159690885E-13  7.2757760013E-13
  1.1642700000E+01 -3.1699518229E-13  6.9153427668E-13  7.3014206273E-13
  1.1761200000E+01 -3.1766709919E-13  6.7135501197E-13  7.3243335003E-13
  1.1880300000E+01 -3.1780475614E-13  6.5107668091E-13  7.3444804202E-13
  1.2000000000E+01 -3.1742019794E-13  6.3071686602E-13  7.3618295199E-13
  1.2120300000E+01 -3.1652594258E-13  6.1029314506E-13  7.3763513156E-13
  1.2241200000E+01 -3.1513495832E-13  5.8982306996E-13  7.3880187548E-13
  1.2362700000E+01 -3.1326064044E-13  5.6932414595E-13  7.3968072608E-13
  1.2484800000E+01 -3.1091678754E-13  5.4881381071E-13  7.4026947751E-13
  1.2607500000E+01 -3.0811757768E-13  5.2830941379E-13  7.4056617962E-13
  1.2730800000E+01 -3.0487754410E-13  5.0782819616E-13  7.4056914154E-13
  1.2854700000E+01 -3.0121155087E-13  4.8738727000E-13  7.4027693501E-13
  1.2979200000E+01 -2.9713476819E-13  4.6700359877E-13  7.3968839734E-13
  1.3104300000E+01 -2.9266264765E-13  4.4669397752E-13  7.3880263406E-13
  1.3230000000E+01 -2.8781089735E-13  4.2647501351E-13  7.3761902123E-13
  1.3356300000E+01 -2.8259545692E-13  4.0636310717E-13  7.3613720749E-13
  1.3483200000E+01 -2.7703247248E-13  3.8637443343E-13  7.3435711567E-13
  1.3610700000E+01 -2.7113827167E-13  3.6652492343E-13  7.3227894416E-13
  1.3738800000E+01 -2.6492933867E-13  3.4683024658E-13  7.2990316785E-13
  1.3867500000E+01 -2.5842228926E-13  3.2730579314E-13  7.2723053882E-13
  1.3996800000E+01 -2.5163384603E-13  3.0796665717E-13  7.2426208660E-13
  1.4126700000E+01 -2.4458081373E-13  2.8882762002E-13  7.2099911815E-13
  1.4257200000E+01 -2.3728005478E-13  2.6990313428E-13  7.1744321741E-13
  1.4388300000E+01 -2.2974846497E-13  2.5120730824E-13  7.1359624463E-13
  1.4520000000E+01 -2.2200294946E-13  2.3275389093E-13  7.0946033518E-13
  1.4652300000E+01 -2.1406039904E-13  2.1455625766E-13  7.0503789817E-13
  1.4785200000E+01 -2.0593766662E-13  1.9662739614E-13  7.0033161466E-13
  1.4918700000E+01 -1.9765154418E-13  1.7897989329E-13  6.9534443545E-13
  1.5052800000E+01 -1.8921874005E-13  1.6162592246E-13  6.9007957868E-13
  1.5187500000E+01 -1.8065585652E-13  1.4457723148E-13  6.8454052695E-13
  1.5322800000E+01 -1.7197936798E-13  1.2784513121E-13  6.7873102416E-13
  1.5458700000E+01 -1.6320559949E-13  1.1144048477E-13  6.7265507206E-13
  1.5595200000E+01 -1.5435070576E-13  9.5373697452E-14  6.6631692633E-13
  1.5732300000E+01 -1.4543065079E-13  7.9654707284E-14  6.5972109251E-13
  1.5870000000E+01 -1.3646118789E-13  6.4292976279E-14  6.5287232146E-13
  1.6008300000E+01 -1.2745784034E-13  4.9297482369E-14  6.4577560461E-13
  1.6147200000E+01 -1.1843588266E-13  3.4676712045E-14  6.3843616880E-13
  1.6286700000E+01 -1.0941032240E-13  2.0438653688E-14  6.3085947094E-13
  1.6426800000E+01 -1.0039588263E-13  6.5907916240E-15  6.2305119222E-13
  1.6567500000E+01 -9.1406985045E-14 -6.8598991209E-15  6.1501723218E-13
  1.6708800000E+01 -8.2457733695E-14 -1.9906957339E-14  6.0676370242E-13
  1.6850700000E+01 -7.3561899482E-14 -3.2544439443E-14  5.9829692000E-13
  1.6993200000E+01 -6.4732905269E-14 -4.4766922552E-14  5.8962340069E-13
  1.7136300000E+01 -5.5983811747E-14 -5.6569506847E-14  5.8074985185E-13
  1.7280000000E+01 -4.7327304000E-14 -6.7947817215E-14  5.7168316511E-13
  1.7424300000E+01 -3.8775678821E-14 -7.8898004173E-14  5.6243040884E-13
  1.7569200000E+01 -3.0340832763E-14 -8.9416744075E-14  5.5299882033E-13
  1.7714700000E+01 -2.2034250953E-14 -9.9501238614E-14  5.4339579781E-13
  1.7860800000E+01 -1.3866996662E-14 -1.0914921361E-13  5.3362889225E-13
  1.8007500000E+01 -5.8497016527E-15 -1.1835891710E-13  5.2370579891E-13
  1.8154800000E+01  2.0074426991E-15 -1.2712911676E-13  5.1363434882E-13
  1.8302700000E+01  9.6946935059E-15 -1.3545909660E-13  5.0342249995E-13
  1.8451200000E+01  1.7202763681E-14 -1.4334865302E-13  4.9307832834E-13
  1.8600300000E+01  2.4522828470E-14 -1.5079809018E-13  4.8261001903E-13
  1.8750000000E+01  3.1646531187E-14 -1.5780821473E-13  4.7202585682E-13
  1.8900300000E+01  3.8565988179E-14 -1.6438032992E-13  4.6133421699E-13
  1.9051200000E+01  4.5273792993E-14 -1.7051622899E-13  4.5054355582E-13
  1.9202700000E+01  5.1763019768E-14 -1.7621818811E-13  4.3966240109E-13
  1.9354800000E+01  5.8027225848E-14 -1.8148895851E-13  4.2869934243E-13
  1.9507500000E+01  6.4060453629E-14 -1.8633175824E-13  4.1766302168E-13
  1.9660800000E+01  6.9857231628E-14 -1.9075026319E-13  4.0656212306E-13
  1.9814700000E+01  7.5412574811E-14 -1.9474859764E-13  3.9540536346E-13
  1.9969200000E+01  8.0721984156E-14 -1.9833132429E-13  3.8420148255E-13
  2.0124300000E+01  8.5781445490E-14 -2.0150343373E-13  3.7295923298E-13
  2.0280000000E+01  9.0587427590E-14 -2.0427033343E-13  3.6168737051E-13
  2.0436300000E+01  9.5136879568E-14 -2.0663783625E-13  3.5039464417E-13
  2.0593200000E+01  9.9427227559E-14 -2.0861214851E-13  3.3908978646E-13
  2.0750700000E+01  1.0345637071E-13 -2.1019985761E-13  3.2778150353E-13
  2.0908800000E+01  1.0722267651E-13 -2.1140791922E-13  3.1647846549E-13
  2.1067500000E+01  1.1072497543E-13 -2.1224364415E-13  3.0518929673E-13
  2.1226800000E+01  1.1396255495E-13 -2.1271468471E-13  2.9392256628E-13
  2.1386700000E+01  1.1693515297E-13 -2.1282902088E-13  2.8268677837E-13
  2.1547200000E+01  1.1964295058E-13 -2.1259494605E-13  2.7149036297E-13
  2.1708300000E+01  1.2208656424E-13 -2.1202105248E-13  2.6034166653E-13
  2.1870000000E+01  1.2426703744E-13 -2.1111621654E-13  2.4924894279E-13
  2.2032300000E+01  1.2618583176E-13 -2.0988958358E-13  2.3822034376E-13
  2.2195200000E+01  1.2784481746E-13 -2.0835055271E-13  2.2726391085E-13
  2.2358700000E+01  1.2924626346E-13 -2.0650876126E-13  2.1638756615E-13
  2.2522800000E+01  1.3039282700E-13 -2.0437406910E-13  2.0559910388E-13
  2.2687500000E+01  1.3128754267E-13 -2.0195654282E-13  1.9490618204E-13
  2.2852800000E+01  1.3193381111E-13 -1.9926643979E-13  1.8431631428E-13
  2.3018700000E+01  1.3233538727E-13 -1.9631419202E-13  1.7383686189E-13
  2.3185200000E+01  1.3249636827E-13 -1.9311039007E-13  1.6347502612E-13
  2.3352300000E+01  1.3242118089E-13 -1.8966576679E-13  1.5323784065E-13
  2.3520000000E+01  1.3211456878E-13 -1.8599118110E-13  1.4313216431E-13
  2.3688300000E+01  1.3158157923E-13 -1.8209760170E-13  1.3316467410E-13
  2.3857200000E+01  1.3082754977E-13 -1.7799609086E-13  1.2334185836E-13
  2.4026700000E+01  1.2985809449E-13 -1.7369778820E-13  1.1367001036E-13
  2.4196800000E+01  1.2867909002E-13 -1.6921389451E-13  1.0415522196E-13
  2.4367500000E+01  1.2729666141E-13 -1.6455565577E-13  9.4803377770E-14
  2.4538800000E+01  1.2571716779E-13 -1.5973434711E-13  8.5620149405E-14
  2.4710700000E+01  1.2394718782E-13 -1.5476125705E-13  7.6610990172E-14
  2.4883200000E+01  1.2199350508E-13 -1.4964767181E-13  6.7781129984E-14
  2.5056300000E+01  1.1986309326E-13 -1.4440485983E-13  5.9135570609E-14
  2.5230000000E+01  1.1756310135E-13 -1.3904405647E-13  5.0679081222E-14
  2.5404300000E+01  1.1510083871E-13 -1.3357644890E-13  4.2416194282E-14
  2.5579200000E+01  1.1248376015E-13 -1.2801316133E-13  3.4351201724E-14
  2.5754700000E+01  1.0971945093E-13 -1.2236524035E-13  2.6488151484E-14
  2.5930800000E+01  1.0681561184E-13 -1.1664364071E-13  1.8830844350E-14
  2.6107500000E+01  1.0378004431E-13 -1.1085921122E-13  1.1382831146E-14
  2.6284800000E+01  1.0062063554E-13 -1.0502268112E-13  4.1474102584E-15
  2.6462700000E+01  9.7345343729E-14 -9.9144646722E-14 -2.8723745132E-15
  2.6641200000E+01  9.3962183471E-14 -9.3235558339E-14 -9.6737357508E-15
  2.6820300000E+01  9.0479211184E-14 -8.7305707691E-14 -1.6254143881E-14
  2.7000000000E+01  8.6904510763E-14 -8.1365215615E-14 -2.2611328296E-14
  2.7180300000E+01  8.3246179380E-14 -7.5424020191E-14 -2.8743278127E-14
  2.7361200000E+01  7.9512313485E-14 -6.9491865281E-14 -3.4648242689E-14
  2.7542700000E+01  7.5710995016E-14 -6.3578289484E-14 -4.0324731571E-14
  2.7724800000E+01  7.1850277856E-14 -5.7692615533E-14 -4.5771514396E-14
  2.7907500000E+01  6.7938174533E-14 -5.1843940124E-14 -5.0987620246E-14
  2.8090800000E+01  6.3982643200E-14 -4.6041124223E-14 -5.5972336745E-14
  2.8274700000E+01  5.9991574903E-14 -4.0292783819E-14 -6.0725208818E-14
  2.8459200000E+01  5.5972781162E-14 -3.4607281168E-14 -6.5246037114E-14
  2.8644300000E+01  5.1933981865E-14 -2.8992716517E-14 -6.9534876114E-14
  2.8830000000E+01  4.7882793519E-14 -2.3456920319E-14 -7.3592031909E-14
  2.9016300000E+01  4.3826717842E-14 -1.8007445947E-14 -7.7418059672E-14
  2.9203200000E+01  3.9773130733E-14 -1.2651562917E-14 -8.1013760808E-14
  2.9390700000E+01  3.5729271619E-14 -7.3962506202E-15 -8.4380179815E-14
  2.9578800000E+01  3.1702233201E-14 -2.2481925609E-15 -8.7518600828E-14
  2.9767500000E+01  2.7698951611E-14  2.7862288755E-15 -9.0430543889E-14
  2.9956800000E+01  2.3726196976E-14  7.7009371424E-15 -9.3117760916E-14
  3.0146700000E+01  1.9790564420E-14  1.2490165729E-14 -9.5582231403E-14
  3.0337200000E+01  1.5898465501E-14  1.7148461832E-14 -9.7826157849E-14
  3.0528300000E+01  1.2056120089E-14  2.1670689510E-14 -9.9851960918E-14
  3.0720000000E+01  8.2695487078E-15  2.6052032312E-14 -1.0166227435E-13
  3.0912300000E+01  4.5445653232E-15  3.0287995387E-14 -1.0325993964E-13
  3.1105200000E+01  8.8677060918E-16  3.4374407078E-14 -1.0464800044E-13
  3.1298700000E+01 -2.6984543224E-15  3.8307419999E-14 -1.0582969677E-13
  3.1492800000E+01 -6.2059537147E-15  4.2083511607E-14 -1.0680845901E-13
  3.1687500000E+01 -9.6308024806E-15  4.5699484261E-14 -1.0758790167E-13
  3.1882800000E+01 -1.2968311038E-14  4.9152464792E-14 -1.0817181696E-13
  3.2078700000E+01 -1.6214029662E-14  5.2439903568E-14 -1.0856416819E-13
  3.2275200000E+01 -1.9363752356E-14  5.5559573083E-14 -1.0876908298E-13
  3.2472300000E+01 -2.2413520236E-14  5.8509566062E-14 -1.0879084630E-13
  3.2670000000E+01 -2.5359624441E-14  6.1288293097E-14 -1.0863389337E-13
  3.2868300000E+01 -2.8198608554E-14  6.3894479825E-14 -1.0830280240E-13
  3.3067200000E+01 -3.0927270554E-14  6.6327163651E-14 -1.0780228722E-13
  3.3266700000E+01 -3.3542664291E-14  6.8585690031E-14 -1.0713718977E-13
  3.3466800000E+01 -3.6042100488E-14  7.0669708333E-14 -1.0631247245E-13
  3.3667500000E+01 -3.8423147283E-14  7.2579167266E-14 -1.0533321047E-13
  3.3868800000E+01 -4.0683630308E-14  7.4314309917E-14 -1.0420458401E-13
  3.4070700000E+01 -4.2821632320E-14  7.5875668386E-14 -1.0293187035E-13
  3.4273200000E+01 -4.4835492377E-14  7.7264058046E-14 -1.0152043592E-13
  3.4476300000E+01 -4.6723804588E-14  7.8480571432E-14 -9.9975728369E-14
  3.4680000000E+01 -4.8485416419E-14  7.9526571783E-14 -9.8303268473E-14
  3.4884300000E+01 -5.0119426594E-14  8.0403686242E-14 -9.6508642119E-14
  3.5089200000E+01 -5.1625182567E-14  8.1113798736E-14 -9.4597492231E-14
  3.5294700000E+01 -5.3002277609E-14  8.1659042550E-14 -9.2575510697E-14
  3.5500800000E+01 -5.4250547495E-14  8.2041792600E-14 -9.0448430306E-14
  3.5707500000E+01 -5.5370066814E-14  8.2264657443E-14 -8.8222016707E-14
  3.5914800000E+01 -5.6361144914E-14  8.2330471020E-14 -8.5902060395E-14
  3.6122700000E+01 -5.7224321489E-14  8.2242284155E-14 -8.3494368748E-14
  3.6331200000E+01 -5.7960361827E-14  8.2003355832E-14 -8.1004758109E-14
  3.6540300000E+01 -5.8570251723E-14  8.1617144255E-14 -7.8439045937E-14
  3.6750000000E+01 -5.9055192089E-14  8.1087297728E-14 -7.5803043038E-14
  3.6960300000E+01 -5.9416593244E-14  8.0417645346E-14 -7.3102545874E-14
  3.7171200000E+01 -5.9656068937E-14  7.9612187534E-14 -7.0343328979E-14
  3.7382700000E+01 -5.9775430082E-14  7.8675086447E-14 -6.7531137479E-14
  3.7594800000E+01 -5.9776678242E-14  7.7610656245E-14 -6.4671679725E-14
  3.7807500000E+01 -5.9661998873E-14  7.6423353259E-14 -6.1770620062E-14
  3.8020800000E+01 -5.9433754334E-14  7.5117766073E-14 -5.8833571730E-14
  3.8234700000E+01 -5.9094476692E-14  7.3698605532E-14 -5.5866089911E-14
  3.8449200000E+01 -5.8646860328E-14  7.2170694696E-14 -5.2873664939E-14
  3.8664300000E+01 -5.8093754366E-14  7.0538958762E-14 -4.9861715660E-14
  3.8880000000E+01 -5.7438154934E-14  6.8808414956E-14 -4.6835582982E-14
  3.9096300000E+01 -5.6683197281E-14  6.6984162434E-14 -4.3800523591E-14
  3.9313200000E+01 -5.5832147766E-14  6.5071372187E-14 -4.0761703863E-14
  3.9530700000E+01 -5.4888395720E-14  6.3075276984E-14 -3.7724193971E-14
  3.9748800000E+01 -5.3855445221E-14  6.1001161357E-14 -3.4692962192E-14
  3.9967500000E+01 -5.2736906783E-14  5.8854351648E-14 -3.1672869429E-14
  4.0186800000E+01 -5.1536488974E-14  5.6640206137E-14 -2.8668663941E-14
  4.0406700000E+01 -5.0257989987E-14  5.4364105266E-14 -2.5684976298E-14
  4.0627200000E+01 -4.8905289174E-14  5.2031441962E-14 -2.2726314570E-14
  4.0848300000E+01 -4.7482338563E-14  4.9647612096E-14 -1.9797059736E-14
  4.1070000000E+01 -4.5993154371E-14  4.7218005070E-14 -1.6901461339E-14
  4.1292300000E+01 -4.4441808525E-14  4.4747994563E-14 -1.4043633381E-14
  4.1515200000E+01 -4.2832420214E-14  4.2242929433E-14 -1.1227550456E-14
  4.1738700000E+01 -4.1169147481E-14  3.9708124809E-14 -8.4570441453E-15
  4.1962800000E+01 -3.9456178872E-14  3.7148853368E-14 -5.7357996506E-15
  4.2187500000E+01 -3.7697725153E-14  3.4570336810E-14 -3.0673526913E-15
  4.2412800000E+01 -3.5898011116E-14  3.1977737560E-14 -4.5508665405E-16
  4.2638700000E+01 -3.4061267479E-14  2.9376150685E-14  2.0977699980E-15
  4.2865200000E+01 -3.2191722898E-14  2.6770596057E-14  4.5881460556E-15
  4.3092300000E+01 -3.0293596111E-14  2.4166010752E-14  7.0131296335E-15
  4.3320000000E+01 -2.8371088204E-14  2.1567241719E-14  9.3699699779E-15
  4.3548300000E+01 -2.6428375044E-14  1.8979038701E-14  1.1656079014E-14
  4.3777200000E+01 -2.4469599857E-14  1.6406047443E-14  1.3869032629E-14
  4.4006700000E+01 -2.2498865990E-14  1.3852803170E-14  1.6006571697E-14
  4.4236800000E+01 -2.0520229849E-14  1.1323724366E-14  1.8066602844E-14
  4.4467500000E+01 -1.8537694030E-14  8.8231068407E-15  2.0047198953E-14
  4.4698800000E+01 -1.6555200663E-14  6.3551181004E-15  2.1946599412E-14
  4.4930700000E+01 -1.4576624954E-14  3.9237920317E-15  2.3763210111E-14
  4.5163200000E+01 -1.2605768956E-14  1.5330238930E-15  2.5495603182E-14
  4.5396300000E+01 -1.0646355574E-14 -8.1343437417E-16  2.7142516499E-14
  4.5630000000E+01 -8.7020227975E-15 -3.1119785125E-15  2.8702852923E-14
  4.5864300000E+01 -6.7763181845E-15 -5.3591559922E-15  3.0175679311E-14
  4.6099200000E+01 -4.8726935948E-15 -7.5516697267E-15  3.1560225285E-14
  4.6334700000E+01 -2.9945001811E-15 -9.6863814588E-15  3.2855881774E-14
  4.6570800000E+01 -1.1449836429E-15 -1.1760314817E-14  3.4062199316E-14
  4.6807500000E+01  6.7272025062E-16 -1.3770658040E-14  3.5178886149E-14
  4.7044800000E+01  2.4555898660E-15 -1.5714766366E-14  3.6205806075E-14
  4.7282700000E+01  4.2007216330E-15 -1.7590164101E-14  3.7142976119E-14
  4.7521200000E+01  5.9053336934E-15 -1.9394546340E-14  3.7990563974E-14
  4.7760300000E+01  7.5667692655E-15 -2.1125780375E-14  3.8748885254E-14
  4.8000000000E+01  9.1824997249E-15 -2.2781906764E-14  3.9418400546E-14
  4.8240300000E+01  1.0750127397E-14 -2.4361140086E-14  3.9999712283E-14
  4.8481200000E+01  1.2267388062E-14 -2.5861869363E-14  4.0493561428E-14
  4.8722700000E+01  1.3732153174E-14 -2.7282658174E-14  4.0900823996E-14
  4.8964800000E+01  1.5142431783E-14 -2.8622244448E-14  4.1222507398E-14
  4.9207500000E+01  1.6496372180E-14 -2.9879539953E-14  4.1459746642E-14
  4.9450800000E+01  1.7792263249E-14 -3.1053629479E-14  4.1613800373E-14
  4.9694700000E+01  1.9028535526E-14 -3.2143769718E-14  4.1686046775E-14
  4.9939200000E+01  2.0203761993E-14 -3.3149387864E-14  4.1677979340E-14
  5.0184300000E+01  2.1316658570E-14 -3.4070079909E-14  4.1591202513E-14
  5.0430000000E+01  2.2366084341E-14 -3.4905608676E-14  4.1427427215E-14
  5.0676300000E+01  2.3351041504E-14 -3.5655901574E-14  4.1188466262E-14
  5.0923200000E+01  2.4270675045E-14 -3.6321048084E-14  4.0876229680E-14
  5.1170700000E+01  2.5124272153E-14 -3.6901296997E-14  4.0492719937E-14
  5.1418800000E+01  2.5911261364E-14 -3.7397053402E-14  4.0040027080E-14
  5.1667500000E+01  2.6631211459E-14 -3.7808875429E-14  3.9520323810E-14
  5.1916800000E+01  2.7283830101E-14 -3.8137470774E-14  3.8935860484E-14
  5.2166700000E+01  2.7868962235E-14 -3.8383692993E-14  3.8288960065E-14
  5.2417200000E+01  2.8386588250E-14 -3.8548537586E-14  3.7582013021E-14
  5.2668300000E+01  2.8836821899E-14 -3.8633137892E-14  3.6817472193E-14
  5.2920000000E+01  2.9219908010E-14 -3.8638760773E-14  3.5997847625E-14
  5.3172300000E+01  2.9536219967E-14 -3.8566802141E-14  3.5125701375E-14
  5.3425200000E+01  2.9786256990E-14 -3.8418782292E-14  3.4203642319E-14
  5.3678700000E+01  2.9970641210E-14 -3.8196341098E-14  3.3234320944E-14
  5.3932800000E+01  3.0090114553E-14 -3.7901233045E-14  3.2220424155E-14
  5.4187500000E+01  3.0145535442E-14 -3.7535322130E-14  3.1164670082E-14
  5.4442800000E+01  3.0137875314E-14 -3.7100576637E-14  3.0069802925E-14
  5.4698700000E+01  3.0068214986E-14 -3.6599063796E-14  2.8938587817E-14
  5.4955200000E+01  2.9937740851E-14 -3.6032944337E-14  2.7773805727E-14
  5.5212300000E+01  2.9747740933E-14 -3.5404466957E-14  2.6578248419E-14
  5.5470000000E+01  2.9499600800E-14 -3.4715962696E-14  2.5354713447E-14
  5.5728300000E+01  2.9194799353E-14 -3.3969839255E-14  2.4105999229E-14
  5.5987200000E+01  2.8834904495E-14 -3.3168575245E-14  2.2834900182E-14
  5.6246700000E+01  2.8421568686E-14 -3.2314714396E-14  2.1544201928E-14
  5.6506800000E+01  2.7956524408E-14 -3.1410859728E-14  2.0236676596E-14
  5.6767500000E+01  2.7441579538E-14 -3.0459667697E-14  1.8915078205E-14
  5.7028800000E+01  2.6878612635E-14 -2.9463842327E-14  1.7582138142E-14
  5.7290700000E+01  2.6269568173E-14 -2.8426129339E-14  1.6240560752E-14
  5.7553200000E+01  2.5616451704E-14 -2.7349310289E-14  1.4893019031E-14
  5.7816300000E+01  2.4921324975E-14 -2.6236196727E-14  1.3542150430E-14
  5.8080000000E+01  2.4186301012E-14 -2.5089624381E-14  1.2190552794E-14
  5.8344300000E+01  2.3413539168E-14 -2.3912447381E-14  1.0840780409E-14
  5.8609200000E+01  2.2605240161E-14 -2.2707532539E-14  9.4953401963E-15
  5.8874700000E+01  2.1763641095E-14 -2.1477753680E-14  8.1566880295E-15
  5.9140800000E+01  2.0891010486E-14 -2.0225986046E-14  6.8272252029E-15
  5.9407500000E+01  1.9989643301E-14 -1.8955100782E-14  5.5092950375E-15
  5.9674800000E+01  1.9061856017E-14 -1.7667959505E-14  4.2051796390E-15
  5.9942700000E+01  1.8109981698E-14 -1.6367408973E-14  2.9170968071E-15
  6.0211200000E+01  1.7136365131E-14 -1.5056275856E-14  1.6471971012E-15
  6.0480300000E+01  1.6143357989E-14 -1.3737361624E-14  3.9756106452E-16
  6.0750000000E+01  1.5133314065E-14 -1.2413437554E-14 -8.2980339029E-16
  6.1020300000E+01  1.4108584561E-14 -1.1087239871E-14 -2.0329634310E-15
  6.1291200000E+01  1.3071513453E-14 -9.7614650189E-15 -3.2100635899E-15
  6.1562700000E+01  1.2024432939E-14 -8.4387650778E-15 -4.3593278795E-15
  6.1834800000E+01  1.0969658973E-14 -7.1217433352E-15 -5.4790617394E-15
  6.2107500000E+01  9.9094868939E-15 -5.8129500082E-15 -6.5676538112E-15
  6.2380800000E+01  8.8461871596E-15 -4.5148781305E-15 -7.6235775431E-15
  6.2654700000E+01  7.7820011905E-15 -3.2299596078E-15 -8.6453926211E-15
  6.2929200000E+01  6.7191373292E-15 -1.9605614450E-15 -9.6317462281E-15
  6.3204300000E+01  5.6597669231E-15 -7.0898215156E-16 -1.0581374131E-14
  6.3480000000E+01  4.6060205364E-15  5.2255167024E-16 -1.1493101593E-14
  6.3756300000E+01  3.5599842956E-15  1.7318885522E-15 -1.2365844119E-14
  6.4033200000E+01  2.5236963757E-15  2.9169551964E-15 -1.3198608026E-14
  6.4310700000E+01  1.4991436303E-15  4.0757593193E-15 -1.3990490842E-14
  6.4588800000E+01  4.8825837153E-16  5.2063922992E-15 -1.4740681547E-14
  6.4867500000E+01 -5.0708469644E-16  6.3070316272E-15 -1.5448460633E-14
  6.5146800000E+01 -1.4850713866E-15  7.3759431564E-15 -1.6113200012E-14
  6.5426700000E+01 -2.4439507770E-15  8.4114831512E-15 -1.6734362753E-14
  6.5707200000E+01 -3.3820377943E-15  9.4121001328E-15 -1.7311502667E-14
  6.5988300000E+01 -4.2977156307E-15  1.0376336521E-14 -1.7844263730E-14
  6.6270000000E+01 -5.1894379903E-15  1.1302830074E-14 -1.8332379350E-14
  6.6552300000E+01 -6.0557311646E-15  1.2190315121E-14 -1.8775671492E-14
  6.6835200000E+01 -6.8951959338E-15  1.3037623595E-14 -1.9174049646E-14
  6.7118700000E+01 -7.7065092937E-15  1.3843685859E-14 -1.9527509661E-14
  6.7402800000E+01 -8.4884260063E-15  1.4607531333E-14 -1.9836132429E-14
  6.7687500000E+01 -9.2397799740E-15  1.5328288922E-14 -2.0100082444E-14
  6.7972800000E+01 -9.9594854363E-15  1.6005187243E-14 -2.0319606224E-14
  6.8258700000E+01 -1.0646537990E-14  1.6637554654E-14 -2.0495030604E-14
  6.8545200000E+01 -1.1300015433E-14  1.7224819099E-14 -2.0626760917E-14
  6.8832300000E+01 -1.1919078432E-14  1.7766507747E-14 -2.0715279045E-14
  6.9120000000E+01 -1.2502971013E-14  1.8262246461E-14 -2.0761141369E-14
  6.9408300000E+01 -1.3051020883E-14  1.8711759067E-14 -2.0764976604E-14
  6.9697200000E+01 -1.3562639577E-14  1.9114866456E-14 -2.0727483537E-14
  6.9986700000E+01 -1.4037322434E-14  1.9471485498E-14 -2.0649428667E-14
  7.0276800000E+01 -1.4474648407E-14  1.9781627796E-14 -2.0531643755E-14
  7.0567500000E+01 -1.4874279710E-14  2.0045398267E-14 -2.0375023284E-14
  7.0858800000E+01 -1.5235961298E-14  2.0262993558E-14 -2.0180521847E-14
  7.1150700000E+01 -1.5559520194E-14  2.0434700311E-14 -1.9949151455E-14
  7.1443200000E+01 -1.5844864657E-14  2.0560893278E-14 -1.9681978780E-14
  7.1736300000E+01 -1.6091983195E-14  2.0642033279E-14 -1.9380122333E-14
  7.2030000000E+01 -1.6300943441E-14  2.0678665037E-14 -1.9044749589E-14
  7.2324300000E+01 -1.6471890875E-14  2.0671414861E-14 -1.8677074061E-14
  7.2619200000E+01 -1.6605047409E-14  2.0620988220E-14 -1.8278352322E-14
  7.2914700000E+01 -1.6700709845E-14  2.0528167176E-14 -1.7849881005E-14
  7.3210800000E+01 -1.6759248192E-14  2.0393807722E-14 -1.7392993751E-14
  7.3507500000E+01 -1.6781103867E-14  2.0218836995E-14 -1.6909058145E-14
  7.3804800000E+01 -1.6766787773E-14  2.0004250401E-14 -1.6399472627E-14
  7.4102700000E+01 -1.6716878265E-14  1.9751108636E-14 -1.5865663384E-14
  7.4401200000E+01 -1.6632019008E-14  1.9460534625E-14 -1.5309081241E-14
  7.4700300000E+01 -1.6512916725E-14  1.9133710382E-14 -1.4731198540E-14
  7.5000000000E+01 -1.6360338864E-14  1.8771873789E-14 -1.4133506033E-14
  7.5300300000E+01 -1.6175111156E-14  1.8376315321E-14 -1.3517509772E-14
  7.5601200000E+01 -1.5958115102E-14  1.7948374702E-14 -1.2884728020E-14
  7.5902700000E+01 -1.5710285374E-14  1.7489437514E-14 -1.2236688181E-14
  7.6204800000E+01 -1.5432607146E-14  1.7000931764E-14 -1.1574923754E-14
  7.6507500000E+01 -1.5126113360E-14  1.6484324412E-14 -1.0900971313E-14
  7.6810800000E+01 -1.4791881930E-14  1.5941117867E-14 -1.0216367534E-14
  7.7114700000E+01 -1.4431032893E-14  1.5372846466E-14 -9.5226462487E-15
  7.7419200000E+01 -1.4044725518E-14  1.4781072933E-14 -8.8213355538E-15
  7.7724300000E+01 -1.3634155365E-14  1.4167384836E-14 -8.1139549664E-15
  7.8030000000E+01 -1.3200551317E-14  1.3533391036E-14 -7.4020126351E-15
  7.8336300000E+01 -1.2745172585E-14  1.2880718146E-14 -6.6870026101E-15
  7.8643200000E+01 -1.2269305688E-14  1.2211007005E-14 -5.9704021779E-15
  7.8950700000E+01 -1.1774261419E-14  1.1525909166E-14 -5.2536692634E-15
  7.9258800000E+01 -1.1261371802E-14  1.0827083415E-14 -4.5382399034E-15
  7.9567500000E+01 -1.0731987050E-14  1.0116192324E-14 -3.8255257971E-15
  7.9876800000E+01 -1.0187472525E-14  9.3948988348E-15 -3.1169119348E-15
  8.0186700000E+01 -9.6292057043E-15  8.6648628982E-15 -2.4137543094E-15
  8.0497200000E+01 -9.0585731664E-15  7.9277381596E-15 -1.7173777149E-15
  8.0808300000E+01 -8.4769676007E-15  7.1851687018E-15 -1.0290736326E-15
  8.1120000000E+01 -7.8857848398E-15  6.4387858528E-15 -3.5009820998E-16
  8.1432300000E+01 -7.2864209282E-15  5.6902050603E-15  3.1832966588E-16
  8.1745200000E+01 -6.6802692287E-15  4.9410228407E-15  9.7503019837E-16
  8.2058700000E+01 -6.0687175730E-15  4.1928138075E-15  1.6188644119E-15
  8.2372800000E+01 -5.4531454619E-15  3.4471277822E-15  2.2487357815E-15
  8.2687500000E+01 -4.8349213193E-15  2.7054869947E-15  2.8635917592E-15
  8.3002800000E+01 -4.2153998056E-15  1.9693833758E-15  3.4624251961E-15
  8.3318700000E+01 -3.5959191954E-15  1.2402759472E-15  4.0442756582E-15
  8.3635200000E+01 -2.9777988231E-15  5.1958831180E-16  4.6082306356E-15
  8.3952300000E+01 -2.3623366010E-15 -1.9129375098E-16  5.1534266430E-15
  8.4270000000E+01 -1.7508066151E-15 -8.9102458191E-16  5.6790502119E-15
  8.4588300000E+01 -1.1444568010E-15 -1.5783008276E-15  6.1843387735E-15
  8.4907200000E+01 -5.4450670404E-16 -2.2518635117E-15  6.6685814318E-15
  8.5226700000E+01  4.7854671982E-17 -2.9104999898E-15  7.1311196269E-15
  8.5546800000E+01  6.3147092538E-16 -3.5530457843E-15  7.5713476888E-15
  8.5867500000E+01  1.2052202228E-15 -4.1783862989E-15  7.9887132825E-15
  8.6188800000E+01  1.7680171686E-15 -4.7854584089E-15  8.3827177429E-15
  8.6510700000E+01  2.3188145738E-15 -5.3732519274E-15  8.7529163033E-15
  8.6833200000E+01  2.8566051246E-15 -5.9408109447E-15  9.0989182157E-15
  8.7156300000E+01  3.3804229452E-15 -6.4872350408E-15  9.4203867650E-15
  8.7480000000E+01  3.8893450557E-15 -7.0116803699E-15  9.7170391792E-15
  8.7804300000E+01  4.3824927220E-15 -7.5133606156E-15  9.9886464357E-15
  8.8129200000E+01  4.8590326967E-15 -7.9915478178E-15  1.0235032966E-14
  8.8454700000E+01  5.3181783501E-15 -8.4455730707E-15  1.0456076261E-14
  8.8780800000E+01  5.7591906896E-15 -8.8748270914E-15  1.0651706378E-14
  8.9107500000E+01  6.1813792681E-15 -9.2787606606E-15  1.0821905352E-14
  8.9434800000E+01  6.5841029791E-15 -9.6568849360E-15  1.0966706514E-14
  8.9762700000E+01  6.9667707406E-15 -1.0008771639E-14  1.1086193719E-14
  9.0091200000E+01  7.3288420651E-15 -1.0334053115E-14  1.1180500483E-14
  9.0420300000E+01  7.6698275189E-15 -1.0632422273E-14  1.1249809039E-14
  9.0750000000E+01  7.9892890683E-15 -1.0903632397E-14  1.1294349307E-14
  9.1080300000E+01  8.2868403157E-15 -1.1147496844E-14  1.1314397781E-14
  9.1411200000E+01  8.5621466250E-15 -1.1363888620E-14  1.1310276353E-14
  9.1742700000E+01  8.8149251379E-15 -1.1552739838E-14  1.1282351043E-14
  9.2074800000E+01  9.0449446831E-15 -1.1714041069E-14  1.1231030678E-14
  9.2407500000E+01  9.2520255784E-15 -1.1847840575E-14  1.1156765495E-14
  9.2740800000E+01  9.4360393292E-15 -1.1954243441E-14  1.1060045680E-14
  9.3074700000E+01  9.5969082235E-15 -1.2033410596E-14  1.0941399853E-14
  9.3409200000E+01  9.7346048273E-15 -1.2085557739E-14  1.0801393495E-14
  9.3744300000E+01  9.8491513815E-15 -1.2110954161E-14  1.0640627318E-14
  9.4080000000E+01  9.9406191029E-15 -1.2109921478E-14  1.0459735595E-14
  9.4416300000E+01  1.0009127392E-14 -1.2082832269E-14  1.0259384442E-14
  9.4753200000E+01  1.0054842952E-14 -1.2030108628E-14  1.0040270056E-14
  9.5090700000E+01  1.0077978818E-14 -1.1952220640E-14  9.8031169221E-15
  9.5428800000E+01  1.0078793301E-14 -1.1849684765E-14  9.5486759844E-15
  9.5767500000E+01  1.0057588859E-14 -1.1723062161E-14  9.2777227891E-15
  9.6106800000E+01  1.0014710879E-14 -1.1572956928E-14  8.9910556026E-15
  9.6446700000E+01  9.9505463895E-15 -1.1400014291E-14  8.6894935097E-15
  9.6787200000E+01  9.8655227075E-15 -1.1204918722E-14  8.3738744939E-15
  9.7128300000E+01  9.7601060096E-15 -1.0988391997E-14  8.0450535053E-15
  9.7470000000E+01  9.6347998456E-15 -1.0751191218E-14  7.7039005198E-15
  9.7812300000E+01  9.4901435909E-15 -1.0494106767E-14  7.3512985925E-15
  9.8155200000E+01  9.3267108432E-15 -1.0217960234E-14  6.9881419108E-15
  9.8498700000E+01  9.1451077687E-15 -9.9236023015E-15  6.6153338499E-15
  9.8842800000E+01  8.9459713998E-15 -9.6119105901E-15  6.2337850343E-15
  9.9187500000E+01  8.7299678901E-15 -9.2837874857E-15  5.8444114101E-15
  9.9532800000E+01  8.4977907302E-15 -8.9401579368E-15  5.4481323306E-15
  9.9878700000E+01  8.2501589284E-15 -8.5819672347E-15  5.0458686600E-15
  1.0022520000E+02  7.9878151606E-15 -8.2101787798E-15  4.6385408973E-15
  1.0057230000E+02  7.7115238934E-15 -7.8257718390E-15  4.2270673248E-15
  1.0092000000E+02  7.4220694857E-15 -7.4297392975E-15  3.8123621848E-15
  1.0126830000E+02  7.1202542709E-15 -7.0230854113E-15  3.3953338869E-15
  1.0161720000E+02  6.8068966265E-15 -6.6068235648E-15  2.9768832493E-15
  1.0196670000E+02  6.4828290328E-15 -6.1819740364E-15  2.5579017775E-15
  1.0231680000E+02  6.1488961269E-15 -5.7495617789E-15  2.1392699833E-15
  1.0266750000E+02  5.8059527547E-15 -5.3106142170E-15  1.7218557470E-15
  1.0301880000E+02  5.4548620258E-15 -4.8661590679E-15  1.3065127243E-15
  1.0337070000E+02  5.0964933751E-15 -4.4172221878E-15  8.9407880303E-16
  1.0372320000E+02  4.7317206342E-15 -3.9648254492E-15  4.8537460931E-16
  1.0407630000E+02  4.3614201191E-15 -3.5099846529E-15  8.1202067941E-17
  1.0443000000E+02  3.9864687337E-15 -3.0537074782E-15 -3.1765698249E-16
  1.0478430000E+02  3.6077420978E-15 -2.5969914758E-15 -7.1044211673E-16
  1.0513920000E+02  3.2261126992E-15 -2.1408221055E-15 -1.0964155906E-15
  1.0549470000E+02  2.8424480758E-15 -1.6861708244E-15 -1.4748635476E-15
  1.0585080000E+02  2.4576090297E-15 -1.2339932270E-15 -1.8450971624E-15
  1.0620750000E+02  2.0724478784E-15 -7.8522724097E-16 -2.2064537200E-15
  1.0656480000E+02  1.6878067444E-15 -3.4079138268E-16 -2.5582976292E-15
  1.0692270000E+02  1.3045158874E-15  9.8416926558E-17 -2.9000213689E-15
  1.0728120000E+02  9.2339208213E-16  5.3152297906E-16 -3.2310463659E-15
  1.0764030000E+02  5.4523704395E-16  9.5767633256E-16 -3.5508238042E-15
  1.0800000000E+02  1.7083590600E-16  1.3760522925E-15 -3.8588353642E-15
  1.0836030000E+02 -1.9904425061E-16  1.7858533225E-15 -4.1545938907E-15
  1.0872120000E+02 -5.6365581042E-16  2.1863103812E-15 -4.4376439912E-15
  1.0908270000E+02 -9.2227197892E-16  2.5766841837E-15 -4.7075625611E-15
  1.0944480000E+02 -1.2741880775E-15  2.9562663850E-15 -4.9639592388E-15
  1.0980750000E+02 -1.6187227757E-15  3.3243806850E-15 -5.2064767879E-15
  1.1017080000E+02 -1.9552192595E-15  3.6803838536E-15 -5.4347914087E-15
  1.1053470000E+02 -2.2830463336E-15  4.0236666735E-15 -5.6486129775E-15
  1.1089920000E+02 -2.6015994556E-15  4.3536548012E-15 -5.8476852155E-15
  1.1126430000E+02 -2.9103017016E-15  4.6698095449E-15 -6.0317857863E-15
  1.1163000000E+02 -3.2086046624E-15  4.9716285581E-15 -6.2007263245E-15
  1.1199630000E+02 -3.4959892668E-15  5.2586464492E-15 -6.3543523943E-15
  1.1236320000E+02 -3.7719665346E-15  5.5304353064E-15 -6.4925433800E-15
  1.1273070000E+02 -4.0360782553E-15  5.7866051379E-15 -6.6152123092E-15
  1.1309880000E+02 -4.2878975942E-15  6.0268042274E-15 -6.7223056100E-15
  1.1346750000E+02 -4.5270296246E-15  6.2507194058E-15 -6.8138028031E-15
  1.1383680000E+02 -4.7531117853E-15  6.4580762381E-15 -6.8897161306E-15
  1.1420670000E+02 -4.9658142645E-15  6.6486391277E-15 -6.9500901221E-15
  1.1457720000E+02 -5.1648403093E-15  6.8222113375E-15 -6.9950011012E-15
  1.1494830000E+02 -5.3499264611E-15  6.9786349297E-15 -7.0245566329E-15
  1.1532000000E+02 -5.5208427176E-15  7.1177906252E-15 -7.0388949135E-15
  1.1569230000E+02 -5.6773926216E-15  7.2395975826E-15 -7.0381841061E-15
  1.1606520000E+02 -5.8194132773E-15  7.3440131006E-15 -7.0226216229E-15
  1.1643870000E+02 -5.9467752952E-15  7.4310322429E-15 -6.9924333558E-15
  1.1681280000E+02 -6.0593826662E-15  7.5006873882E-15 -6.9478728588E-15
  1.1718750000E+02 -6.1571725656E-15  7.5530477083E-15 -6.8892204833E-15
  1.1756280000E+02 -6.2401150896E-15  7.5882185736E-15 -6.8167824692E-15
  1.1793870000E+02 -6.3082129241E-15  7.6063408907E-15 -6.7308899935E-15
  1.1831520000E+02 -6.3615009480E-15  7.6075903725E-15 -6.6318981797E-15
  1.1869230000E+02 -6.4000457725E-15  7.5921767441E-15 -6.5201850698E-15
  1.1907000000E+02 -6.4239452185E-15  7.5603428861E-15 -6.3961505615E-15
  1.1944830000E+02 -6.4333277327E-15  7.5123639185E-15 -6.2602153131E-15
  1.1982720000E+02 -6.4283517462E-15  7.4485462277E-15 -6.1128196194E-15
  1.2020670000E+02 -6.4092049754E-15  7.3692264382E-15 -5.9544222600E-15
  1.2058680000E+02 -6.3761036697E-15  7.2747703339E-15 -5.7854993235E-15
  1.2096750000E+02 -6.3292918059E-15  7.1655717297E-15 -5.6065430103E-15
  1.2134880000E+02 -6.2690402338E-15  7.0420512973E-15 -5.4180604159E-15
  1.2173070000E+02 -6.1956457731E-15  6.9046553486E-15 -5.2205722984E-15
  1.2211320000E+02 -6.1094302662E-15  6.7538545784E-15 -5.0146118324E-15
  1.2249630000E+02 -6.0107395884E-15  6.5901427713E-15 -4.8007233512E-15
  1.2288000000E+02 -5.8999426171E-15  6.4140354740E-15 -4.5794610821E-15
  1.2326430000E+02 -5.7774301653E-15  6.2260686375E-15 -4.3513878749E-15
  1.2364920000E+02 -5.6436138791E-15  6.0267972319E-15 -4.1170739282E-15
  1.2403470000E+02 -5.4989251038E-15  5.8167938373E-15 -3.8770955153E-15
  1.2442080000E+02 -5.3438137212E-15  5.5966472134E-15 -3.6320337122E-15
  1.2480750000E+02 -5.1787469601E-15  5.3669608519E-15 -3.3824731309E-15
  1.2519480000E+02 -5.0042081834E-15  5.1283515138E-15 -3.1290006594E-15
  1.2558270000E+02 -4.8206956546E-15  4.8814477562E-15 -2.8722042127E-15
  1.2597120000E+02 -4.6287212865E-15  4.6268884508E-15 -2.6126714952E-15
  1.2636030000E+02 -4.4288093748E-15  4.3653212976E-15 -2.3509887784E-15
  1.2675000000E+02 -4.2214953200E-15  4.0974013372E-15 -2.0877396951E-15
  1.2714030000E+02 -4.0073243395E-15  3.8237894641E-15 -1.8235040539E-15
  1.2753120000E+02 -3.7868501737E-15  3.5451509454E-15 -1.5588566742E-15
  1.2792270000E+02 -3.5606337885E-15  3.2621539468E-15 -1.2943662460E-15
  1.2831480000E+02 -3.3292420771E-15  2.9754680690E-15 -1.0305942143E-15
  1.2870750000E+02 -3.0932465633E-15  2.6857628986E-15 -7.6809369254E-16
  1.2910080000E+02 -2.8532221105E-15  2.3937065747E-15 -5.0740840455E-16
  1.2949470000E+02 -2.6097456371E-15  2.0999643755E-15 -2.4907165912E-16
  1.2988920000E+02 -2.3633948432E-15  1.8051973268E-15  6.3946428930E-18
  1.3028430000E+02 -2.1147469486E-15  1.5100608355E-15  2.5848096607E-16
  1.3068000000E+02 -1.8643774475E-15  1.2152033505E-15  5.0669106156E-16
  1.3107630000E+02 -1.6128588799E-15  9.2126505316E-16  7.5054285007E-16
  1.3147320000E+02 -1.3607596238E-15  6.2887658122E-16  9.8956926544E-16
  1.3187070000E+02 -1.1086427098E-15  3.3865778627E-16  1.2233190575E-15
  1.3226880000E+02 -8.5706466021E-16  5.1216528904E-17  1.4513575529E-15
  1.3266750000E+02 -6.0657435569E-16 -2.3285248720E-16  1.6732673731E-15
  1.3306680000E+02 -3.5771193082E-16 -5.1296884010E-16  1.8886491077E-15
  1.3346670000E+02 -1.1100770084E-16 -7.8856747126E-16  2.0971219438E-15
  1.3386720000E+02  1.3301887838E-16 -1.0590997224E-15  2.2983242486E-15
  1.3426830000E+02  3.7386021535E-16 -1.3240343259E-15  2.4919141063E-15
  1.3467000000E+02  6.1102155118E-16 -1.5828583466E-15  2.6775698069E-15
  1.3507230000E+02  8.4402188941E-16 -1.8350780746E-15  2.8549902891E-15
  1.3547520000E+02  1.0723948857E-15 -2.0802198666E-15  3.0238955335E-15
  1.3587870000E+02  1.2956896960E-15 -2.3178309353E-15  3.1840269083E-15
  1.3628280000E+02  1.5134717821E-15 -2.5474800852E-15  3.3351474670E-15
  1.3668750000E+02  1.7253236729E-15 -2.7687583948E-15  3.4770421967E-15
  1.3709280000E+02  1.9308456798E-15 -2.9812798429E-15  3.6095182185E-15
  1.3749870000E+02  2.1296565674E-15 -3.1846818794E-15  3.7324049390E-15
  1.3790520000E+02  2.3213941748E-15 -3.3786259397E-15  3.8455541544E-15
  1.3831230000E+02  2.5057159908E-15 -3.5627979020E-15  3.9488401054E-15
  1.3872000000E+02  2.6822996787E-15 -3.7369084878E-15  4.0421594861E-15
  1.3912830000E+02  2.8508435529E-15 -3.9006936037E-15  4.1254314050E-15
  1.3953720000E+02  3.0110670051E-15 -4.0539146271E-15  4.1985972993E-15
  1.3994670000E+02  3.1627108801E-15 -4.1963586331E-15  4.2616208046E-15
  1.4035680000E+02  3.3055378013E-15 -4.3278385647E-15  4.3144875787E-15
  1.4076750000E+02  3.4393324455E-15 -4.4481933454E-15  4.3572050814E-15
  1.4117880000E+02  3.5639017672E-15 -4.5572879348E-15  4.3898023115E-15
  1.4159070000E+02  3.6790751715E-15 -4.6550133284E-15  4.4123295012E-15
  1.4200320000E+02  3.7847046374E-15 -4.7412865013E-15  4.4248577696E-15
  1.4241630000E+02  3.8806647903E-15 -4.8160502968E-15  4.4274787363E-15
  1.4283000000E+02  3.9668529248E-15 -4.8792732614E-15  4.4203040962E-15
  1.4324430000E+02  4.0431889782E-15 -4.9309494253E-15  4.4034651568E-15
  1.4365920000E+02  4.1096154551E-15 -4.9710980324E-15  4.3771123396E-15
  1.4407470000E+02  4.1660973044E-15 -4.9997632177E-15  4.3414146470E-15
  1.4449080000E+02  4.2126217480E-15 -5.0170136354E-15  4.2965590956E-15
  1.4490750000E+02  4.2491980640E-15 -5.0229420387E-15  4.2427501184E-15
  1.4532480000E+02  4.2758573240E-15 -5.0176648123E-15  4.1802089363E-15
  1.4574270000E+02  4.2926520861E-15 -5.0013214589E-15  4.1091729021E-15
  1.4616120000E+02  4.2996560443E-15 -4.9740740421E-15  4.0298948170E-15
  1.4658030000E+02  4.2969636361E-15 -4.9361065868E-15  3.9426422224E-15
  1.4700000000E+02  4.2846896094E-15 -4.8876244387E-15  3.8476966679E-15
  1.4742030000E+02  4.2629685496E-15 -4.8288535853E-15  3.7453529590E-15
  1.4784120000E+02  4.2319543689E-15 -4.7600399396E-15  3.6359183834E-15
  1.4826270000E+02  4.1918197591E-15 -4.6814485887E-15  3.5197119209E-15
  1.4868480000E+02  4.1427556095E-15 -4.5933630093E-15  3.3970634365E-15
  1.4910750000E+02  4.0849703914E-15 -4.4960842521E-15  3.2683128589E-15
  1.4953080000E+02  4.0186895110E-15 -4.3899300976E-15  3.1338093478E-15
  1.4995470000E+02  3.9441546324E-15 -4.2752341840E-15  2.9939104498E-15
  1.5037920000E+02  3.8616229724E-15 -4.1523451111E-15  2.8489812458E-15
  1.5080430000E+02  3.7713665691E-15 -4.0216255214E-15  2.6993934923E-15
  1.5123000000E+02  3.6736715263E-15 -3.8834511609E-15  2.5455247568E-15
  1.5165630000E+02  3.5688372342E-15 -3.7382099213E-15  2.3877575515E-15
  1.5208320000E+02  3.4571755713E-15 -3.5863008665E-15  2.2264784647E-15
  1.5251070000E+02  3.3390100858E-15 -3.4281332457E-15  2.0620772933E-15
  1.5293880000E+02  3.2146751612E-15 -3.2641254945E-15  1.8949461780E-15
  1.5336750000E+02  3.0845151671E-15 -3.0947042273E-15  1.7254787428E-15
  1.5379680000E+02  2.9488835971E-15 -2.9203032223E-15  1.5540692399E-15
  1.5422670000E+02  2.8081421954E-15 -2.7413624023E-15  1.3811117032E-15
  1.5465720000E+02  2.6626600758E-15 -2.5583268125E-15  1.2069991107E-15
  1.5508830000E+02  2.5128128327E-15 -2.3716455986E-15  1.0321225583E-15
  1.5552000000E+02  2.3589816480E-15 -2.1817709864E-15  8.5687044602E-16
  1.5595230000E+02  2.2015523951E-15 -1.9891572658E-15  6.8162767931E-16
  1.5638520000E+02  2.0409147417E-15 -1.7942597809E-15  5.0677488517E-16
  1.5681870000E+02  1.8774612544E-15 -1.5975339285E-15  3.3268764642E-16
  1.5725280000E+02  1.7115865060E-15 -1.3994341669E-15  1.5973575434E-16
  1.5768750000E+02  1.5436861870E-15 -1.2004130376E-15 -1.1717518387E-17
  1.5812280000E+02  1.3741562255E-15 -1.0009202004E-15 -1.8131612330E-16
  1.5855870000E+02  1.2033919143E-15 -8.0140148603E-16 -3.4871191904E-16
  1.5899520000E+02  1.0317870493E-15 -6.0229796622E-16 -5.1356533032E-16
  1.5943230000E+02  8.5973308002E-16 -4.0404504382E-16 -6.7554598177E-16
  1.5987000000E+02  6.8761827345E-16 -2.0707156492E-16 -8.3433330564E-16
  1.6030830000E+02  5.1582689449E-16 -1.1798954252E-17 -9.8961712228E-16
  1.6074720000E+02  3.4473840288E-16  1.8135962429E-16 -1.1410981926E-15
  1.6118670000E+02  1.7472666924E-16  3.7200008060E-16 -1.2884887415E-15
  1.6162680000E+02  6.1592114040E-18  5.5972818314E-16 -1.4315129512E-15
  1.6206750000E+02 -1.6060354757E-16  7.4416031433E-16 -1.5699074247E-15
  1.6250880000E+02 -3.2520899813E-16  9.2492419508E-16 -1.7034216172E-15
  1.6295070000E+02 -4.8731303854E-16  1.1016595772E-15 -1.8318182363E-15
  1.6339320000E+02 -6.4658074341E-16  1.2740189029E-15 -1.9548736099E-15
  1.6383630000E+02 -8.0268700534E-16  1.4416679294E-15 -2.0723780206E-15
  1.6428000000E+02 -9.5531714841E-16  1.6042863188E-15 -2.1841360077E-15
  1.6472430000E+02 -1.1041675127E-15  1.7615681917E-15 -2.2899666357E-15
  1.6516920000E+02 -1.2489460084E-15  1.9132226434E-15 -2.3897037284E-15
  1.6561470000E+02 -1.3893726398E-15  2.0589742225E-15 -2.4831960703E-15
  1.6606080000E+02 -1.5251799958E-15  2.1985633713E-15 -2.5703075726E-15
  1.6650750000E+02 -1.6561137100E-15  2.3317468270E-15 -2.6509174068E-15
  1.6695480000E+02 -1.7819328856E-15  2.4582979834E-15 -2.7249201032E-15
  1.6740270000E+02 -1.9024104878E-15  2.5780072129E-15 -2.7922256165E-15
  1.6785120000E+02 -2.0173337011E-15  2.6906821480E-15 -2.8527593571E-15
  1.6830030000E+02 -2.1265042521E-15  2.7961479232E-15 -2.9064621898E-15
  1.6875000000E+02 -2.2297386972E-15  2.8942473758E-15 -2.9532903991E-15
  1.6920030000E+02 -2.3268686750E-15  2.9848412061E-15 -2.9932156222E-15
  1.6965120000E+02 -2.4177411227E-15  3.0678080979E-15 -3.0262247497E-15
  1.7010270000E+02 -2.5022184567E-15  3.1430447979E-15 -3.0523197949E-15
  1.7055480000E+02 -2.5801787185E-15  3.2104661556E-15 -3.0715177321E-15
  1.7100750000E+02 -2.6515156834E-15  3.2700051231E-15 -3.0838503049E-15
  1.7146080000E+02 -2.7161389345E-15  3.3216127159E-15 -3.0893638041E-15
  1.7191470000E+02 -2.7739739014E-15  3.3652579344E-15 -3.0881188176E-15
  1.7236920000E+02 -2.8249618627E-15  3.4009276475E-15 -3.0801899519E-15
  1.7282430000E+02 -2.8690599152E-15  3.4286264381E-15 -3.0656655265E-15
  1.7328000000E+02 -2.9062409074E-15  3.4483764119E-15 -3.0446472419E-15
  1.7373630000E+02 -2.9364933396E-15  3.4602169701E-15 -3.0172498230E-15
  1.7419320000E+02 -2.9598212310E-15  3.4642045464E-15 -2.9836006370E-15
  1.7465070000E+02 -2.9762439533E-15  3.4604123095E-15 -2.9438392896E-15
  1.7510880000E+02 -2.9857960328E-15  3.4489298330E-15 -2.8981171979E-15
  1.7556750000E+02 -2.9885269210E-15  3.4298627316E-15 -2.8465971425E-15
  1.7602680000E+02 -2.9845007347E-15  3.4033322669E-15 -2.7894528007E-15
  1.7648670000E+02 -2.9737959667E-15  3.3694749232E-15 -2.7268682595E-15
  1.7694720000E+02 -2.9565051670E-15  3.3284419531E-15 -2.6590375127E-15
  1.7740830000E+02 -2.9327345974E-15  3.2803988975E-15 -2.5861639407E-15
  1.7787000000E+02 -2.9026038586E-15  3.2255250768E-15 -2.5084597759E-15
  1.7833230000E+02 -2.8662454920E-15  3.1640130594E-15 -2.4261455546E-15
  1.7879520000E+02 -2.8238045565E-15  3.0960681052E-15 -2.3394495558E-15
  1.7925870000E+02 -2.7754381828E-15  3.0219075871E-15 -2.2486072299E-15
  1.7972280000E+02 -2.7213151048E-15  2.9417603924E-15 -2.1538606175E-15
  1.8018750000E+02 -2.6616151704E-15  2.8558663047E-15 -2.0554577590E-15
  1.8065280000E+02 -2.5965288327E-15  2.7644753676E-15 -1.9536520983E-15
  1.8111870000E+02 -2.5262566228E-15  2.6678472332E-15 -1.8487018803E-15
  1.8158520000E+02 -2.4510086054E-15  2.5662504956E-15 -1.7408695440E-15
  1.8205230000E+02 -2.3710038192E-15  2.4599620114E-15 -1.6304211129E-15
  1.8252000000E+02 -2.2864697026E-15  2.3492662089E-15 -1.5176255831E-15
  1.8298830000E+02 -2.1976415070E-15  2.2344543877E-15 -1.4027543120E-15
  1.8345720000E+02 -2.1047616979E-15  2.1158240101E-15 -1.2860804071E-15
  1.8392670000E+02 -2.0080793469E-15  1.9936779855E-15 -1.1678781174E-15
  1.8439680000E+02 -1.9078495141E-15  1.8683239513E-15 -1.0484222287E-15
  1.8486750000E+02 -1.8043326242E-15  1.7400735484E-15 -9.2798746282E-16
  1.8533880000E+02 -1.6977938362E-15  1.6092416973E-15 -8.0684788376E-16
  1.8581070000E+02 -1.5885024095E-15  1.4761458723E-15 -6.8527631045E-16
  1.8628320000E+02 -1.4767310660E-15  1.3411053780E-15 -5.6354373831E-16
  1.8675630000E+02 -1.3627553520E-15  1.2044406291E-15 -4.4191877025E-16
  1.8723000000E+02 -1.2468529995E-15  1.0664724340E-15 -3.2066705836E-16
  1.8770430000E+02 -1.1293032884E-15  9.2752128537E-16 -2.0005075750E-16
  1.8817920000E+02 -1.0103864123E-15  7.8790665735E-16 -8.0327991680E-17
  1.8865470000E+02 -8.9038284816E-16  6.4794631276E-16  3.8247665668E-17
  1.8913080000E+02 -7.6957273085E-16  5.0795562011E-16  1.5542769653E-16
  1.8960750000E+02 -6.4823523528E-16  3.6824688271E-16  2.7096912735E-16
  1.9008480000E+02 -5.2664796610E-16  2.2912868096E-16  3.8463500141E-16
  1.9056270000E+02 -4.0508635690E-16  9.0905229083E-17  4.9619483358E-16
  1.9104120000E+02 -2.8382307998E-16 -4.6124252296E-17  6.0542504681E-16
  1.9152030000E+02 -1.6312746780E-16 -1.8166614665E-16  7.1210938937E-16
  1.9200000000E+02 -4.3264947429E-17 -3.1543303386E-16  8.1603933235E-16
  1.9248030000E+02  7.5503510962E-17 -4.4714426329E-16  9.1701444664E-16
  1.9296120000E+02  1.9292193060E-16 -5.7652650647E-16  1.0148427588E-15
  1.9344270000E+02  3.0873984830E-16 -7.0331428848E-16  1.1093410850E-15
  1.9392480000E+02  4.2271281766E-16 -8.2725049700E-16  1.2003353434E-15
  1.9440750000E+02  5.3460289403E-16 -9.4808686818E-16  1.2876608431E-15
  1.9489080000E+02  6.4417910060E-16 -1.0655844484E-15  1.3711625504E-15
  1.9537470000E+02  7.5121787463E-16 -1.1795140313E-15  1.4506953321E-15
  1.9585920000E+02  8.5550349300E-16 -1.2896565691E-15  1.5261241739E-15
  1.9634430000E+02  9.5682847648E-16 -1.3958035580E-15  1.5973243759E-15
  1.9683000000E+02  1.0549939719E-15 -1.4977573963E-15  1.6641817236E-15
  1.9731630000E+02  1.1498101114E-15 -1.5953317158E-15  1.7265926347E-15
  1.9780320000E+02  1.2410963492E-15 -1.6883516850E-15  1.7844642808E-15
  1.9829070000E+02  1.3286817733E-15 -1.7766542840E-15  1.8377146859E-15
  1.9877880000E+02  1.4124053943E-15 -1.8600885512E-15  1.8862727994E-15
  1.9926750000E+02  1.4921164081E-15 -1.9385158010E-15  1.9300785454E-15
  1.9975680000E+02  1.5676744352E-15 -2.0118098124E-15  1.9690828474E-15
  2.0024670000E+02  1.6389497335E-15 -2.0798569888E-15  2.0032476292E-15
  2.0073720000E+02  1.7058233856E-15 -2.1425564882E-15  2.0325457921E-15
  2.0122830000E+02  1.7681874611E-15 -2.1998203239E-15  2.0569611677E-15
  2.0172000000E+02  1.8259451527E-15 -2.2515734369E-15  2.0764884490E-15
  2.0221230000E+02  1.8790108860E-15 -2.2977537385E-15  2.0911330968E-15
  2.0270520000E+02  1.9273104039E-15 -2.3383121238E-15  2.1009112253E-15
  2.0319870000E+02  1.9707808252E-15 -2.3732124574E-15  2.1058494645E-15
  2.0369280000E+02  2.0093706768E-15 -2.4024315299E-15  2.1059848016E-15
  2.0418750000E+02  2.0430399014E-15 -2.4259589868E-15  2.1013644016E-15
  2.0468280000E+02  2.0717598386E-15 -2.4437972293E-15  2.0920454071E-15
  2.0517870000E+02  2.0955131819E-15 -2.4559612889E-15  2.0780947186E-15
  2.0567520000E+02  2.1142939107E-15 -2.4624786747E-15  2.0595887555E-15
  2.0617230000E+02  2.1281071973E-15 -2.4633891942E-15  2.0366131991E-15
  2.0667000000E+02  2.1369692910E-15 -2.4587447501E-15  2.0092627171E-15
  2.0716830000E+02  2.1409073779E-15 -2.4486091110E-15  1.9776406722E-15
  2.0766720000E+02  2.1399594182E-15 -2.4330576589E-15  1.9418588137E-15
  2.0816670000E+02  2.1341739607E-15 -2.4121771132E-15  1.9020369541E-15
  2.0866680000E+02  2.1236099360E-15 -2.3860652323E-15  1.8583026311E-15
  2.0916750000E+02  2.1083364281E-15 -2.3548304937E-15  1.8107907563E-15
  2.0966880000E+02  2.0884324262E-15 -2.3185917534E-15  1.7596432505E-15
  2.1017070000E+02  2.0639865563E-15 -2.2774778857E-15  1.7050086678E-15
  2.1067320000E+02  2.0350967940E-15 -2.2316274041E-15  1.6470418084E-15
  2.1117630000E+02  2.0018701590E-15 -2.1811880644E-15  1.5859033213E-15
  2.1168000000E+02  1.9644223931E-15 -2.1263164516E-15  1.5217592985E-15
  2.1218430000E+02  1.9228776209E-15 -2.0671775504E-15  1.4547808605E-15
  2.1268920000E+02  1.8773679955E-15 -2.0039443014E-15  1.3851437350E-15
  2.1319470000E+02  1.8280333293E-15 -1.9367971444E-15  1.3130278294E-15
  2.1370080000E+02  1.7750207115E-15 -1.8659235483E-15  1.2386167982E-15
  2.1420750000E+02  1.7184841127E-15 -1.7915175307E-15  1.1620976061E-15
  2.1471480000E+02  1.6585839782E-15 -1.7137791670E-15  1.0836600879E-15
  2.1522270000E+02  1.5954868096E-15 -1.6329140909E-15  1.0034965065E-15
  2.1573120000E+02  1.5293647384E-15 -1.5491329869E-15  9.2180110929E-16
  2.1624030000E+02  1.4603950894E-15 -1.4626510763E-15  8.3876968437E-16
  2.1675000000E+02  1.3887599374E-15 -1.3736875982E-15  7.5459911756E-16
  2.1726030000E+02  1.3146456570E-15 -1.2824652862E-15  6.6948695107E-16
  2.1777120000E+02  1.2382424673E-15 -1.1892098419E-15  5.8363094467E-16
  2.1828270000E+02  1.1597439717E-15 -1.0941494069E-15  4.9722864047E-16
  2.1879480000E+02  1.0793466948E-15 -9.9751403404E-16  4.1047693209E-16
  2.1930750000E+02  9.9724961639E-16 -8.9953515958E-16  3.2357163917E-16
  2.1982080000E+02  9.1365370507E-16 -8.0044507649E-16  2.3670708810E-16
  2.2033470000E+02  8.2876145067E-16 -7.0047641105E-16  1.5007569983E-16
  2.2084920000E+02  7.4277639822E-16 -5.9986160338E-16  6.3867585489E-17
  2.2136430000E+02  6.5590268338E-16 -4.9883239296E-16 -2.1729849192E-17
  2.2188000000E+02  5.6834457093E-16 -3.9761931039E-16 -1.0653229004E-16
  2.2239630000E+02  4.8030599698E-16 -2.9645117642E-16 -1.9035889037E-16
  2.2291320000E+02  3.9199011609E-16 -1.9555460921E-16 -2.7303263589E-16
  2.2343070000E+02  3.0359885415E-16 -9.5153540964E-17 -3.5438069806E-16
  2.2394880000E+02  2.1533246803E-16  4.5312552653E-18 -4.3423477499E-16
  2.2446750000E+02  1.2738911282E-16  1.0328262745E-16 -5.1243141956E-16
  2.2498680000E+02  3.9964417638E-17  2.0088749437E-16 -5.8881235382E-16
  2.2550670000E+02 -4.6748929122E-17  2.9713728233E-16 -6.6322476938E-16
  2.2602720000E+02 -1.3256158437E-16  3.9182834809E-16 -7.3552161318E-16
  2.2654830000E+02 -2.1728794379E-16  4.8476238696E-16 -8.0556185799E-16
  2.2707000000E+02 -3.0074652353E-16  5.7574682563E-16 -8.7321075751E-16
  2.2759230000E+02 -3.8276032934E-16  6.6459519867E-16 -9.3834008532E-16
  2.2811520000E+02 -4.6315721235E-16  7.5112750821E-16 -1.0008283575E-15
  2.2863870000E+02 -5.4177021104E-16  8.3517056617E-16 -1.0605610385E-15
  2.2916280000E+02 -6.1843787849E-16  9.1655831829E-16 -1.1174307301E-15
  2.2968750000E+02 -6.9300459458E-16  9.9513214953E-16 -1.1713373428E-15
  2.3021280000E+02 -7.6532086232E-16  1.0707411703E-15 -1.2221882502E-15
  2.3073870000E+02 -8.3524358807E-16  1.1432424831E-15 -1.2698984249E-15
  2.3126520000E+02 -9.0263634488E-16  1.2125014288E-15 -1.3143905577E-15
  2.3179230000E+02 -9.6736961873E-16  1.2783918132E-15 -1.3555951575E-15
  2.3232000000E+02 -1.0293210372E-15  1.3407961120E-15 -1.3934506344E-15
  2.3284830000E+02 -1.0883755802E-15  1.3996056552E-15 -1.4279033641E-15
  2.3337720000E+02 -1.1444257724E-15  1.4547207903E-15 -1.4589077345E-15
  2.3390670000E+02 -1.1973718572E-15  1.5060510241E-15 -1.4864261742E-15
  2.3443680000E+02 -1.2471219522E-15  1.5535151424E-15 -1.5104291637E-15
  2.3496750000E+02 -1.2935921851E-15  1.5970413091E-15 -1.5308952277E-15
  2.3549880000E+02 -1.3367068114E-15  1.6365671426E-15 -1.5478109114E-15
  2.3603070000E+02 -1.3763983120E-15  1.6720397713E-15 -1.5611707380E-15
  2.3656320000E+02 -1.4126074729E-15  1.7034158671E-15 -1.5709771501E-15
  2.3709630000E+02 -1.4452834440E-15  1.7306616579E-15 -1.5772404335E-15
  2.3763000000E+02 -1.4743837801E-15  1.7537529181E-15 -1.5799786255E-15
  2.3816430000E+02 -1.4998744625E-15  1.7726749389E-15 -1.5792174056E-15
  2.3869920000E+02 -1.5217299008E-15  1.7874224766E-15 -1.5749899718E-15
  2.3923470000E+02 -1.5399329170E-15  1.7979996819E-15 -1.5673369004E-15
  2.3977080000E+02 -1.5544747103E-15  1.8044200074E-15 -1.5563059917E-15
  2.4030750000E+02 -1.5653548037E-15  1.8067060962E-15 -1.5419521007E-15
  2.4084480000E+02 -1.5725809722E-15  1.8048896510E-15 -1.5243369538E-15
  2.4138270000E+02 -1.5761691536E-15  1.7990112836E-15 -1.5035289521E-15
  2.4192120000E+02 -1.5761433419E-15  1.7891203469E-15 -1.4796029622E-15
  2.4246030000E+02 -1.5725354630E-15  1.7752747482E-15 -1.4526400939E-15
  2.4300000000E+02 -1.5653852343E-15  1.7575407454E-15 -1.4227274663E-15
  2.4354030000E+02 -1.5547400082E-15  1.7359927264E-15 -1.3899579635E-15
  2.4408120000E+02 -1.5406545991E-15  1.7107129721E-15 -1.3544299785E-15
  2.4462270000E+02 -1.5231910966E-15  1.6817914045E-15 -1.3162471483E-15
  2.4516480000E+02 -1.5024186624E-15  1.6493253195E-15 -1.2755180792E-15
  2.4570750000E+02 -1.4784133144E-15  1.6134191056E-15 -1.2323560637E-15
  2.4625080000E+02 -1.4512576968E-15  1.5741839496E-15 -1.1868787897E-15
  2.4679470000E+02 -1.4210408374E-15  1.5317375295E-15 -1.1392080421E-15
  2.4733920000E+02 -1.3878578929E-15  1.4862036956E-15 -1.0894693986E-15
  2.4788430000E+02 -1.3518098822E-15  1.4377121406E-15 -1.0377919193E-15
  2.4843000000E+02 -1.3130034097E-15  1.3863980599E-15 -9.8430783121E-16
  2.4897630000E+02 -1.2715503775E-15  1.3324018018E-15 -9.2915220930E-16
  2.4952320000E+02 -1.2275676888E-15  1.2758685100E-15 -8.7246265303E-16
  2.5007070000E+02 -1.1811769427E-15  1.2169477581E-15 -8.1437896071E-16
  2.5061880000E+02 -1.1325041206E-15  1.1557931776E-15 -7.5504280157E-16
  2.5116750000E+02 -1.0816792661E-15  1.0925620796E-15 -6.9459738669E-16
  2.5171680000E+02 -1.0288361579E-15  1.0274150721E-15 -6.3318713913E-16
  2.5226670000E+02 -9.7411197737E-16  9.6051567262E-16 -5.7095736438E-16
  2.5281720000E+02 -9.1764697175E-16  8.9202991843E-16 -5.0805392160E-16
  2.5336830000E+02 -8.5958411252E-16  8.2212597357E-16 -4.4462289643E-16
  2.5392000000E+02 -8.0006875117E-16  7.5097373510E-16 -3.8081027613E-16
  2.5447230000E+02 -7.3924827231E-16  6.7874443857E-16 -3.1676162762E-16
  2.5502520000E+02 -6.7727174520E-16  6.0561026395E-16 -2.5262177926E-16
  2.5557870000E+02 -6.1428957445E-16  5.3174394267E-16 -1.8853450688E-16
  2.5613280000E+02 -5.5045315064E-16  4.5731836686E-16 -1.2464222482E-16
  2.5668750000E+02 -4.8591450171E-16  3.8250620144E-16 -6.1085682581E-17
  2.5724280000E+02 -4.2082594579E-16  3.0747950004E-16  1.9963323256E-18
  2.5779870000E+02 -3.5533974635E-16  2.3240932548E-16  6.4467284673E-17
  2.5835520000E+02 -2.8960777031E-16  1.5746537563E-16  1.2619317441E-16
  2.5891230000E+02 -2.2378114993E-16  8.2815615489E-17  1.8704281160E-16
  2.5947000000E+02 -1.5800994919E-16  8.6259161886E-18  2.4688808284E-16
  2.6002830000E+02 -9.2442835241E-17 -6.4940298345E-17  3.0560420869E-16
  2.6058720000E+02 -2.7226755902E-17 -1.3772239628E-16  3.6306999152E-16
  2.6114670000E+02  3.7493376482E-17 -2.0956287367E-16  4.1916805353E-16
  2.6170680000E+02  1.0157499388E-16 -2.8030768052E-16  4.7378506416E-16
  2.6226750000E+02  1.6487817362E-16 -3.4980653636E-16  5.2681195686E-16
  2.6282880000E+02  2.2726593106E-16 -4.1791323490E-16  5.7814413453E-16
  2.6339070000E+02  2.8860450313E-16 -4.8448593690E-16  6.2768166341E-16
  2.6395320000E+02  3.4876362244E-16 -5.4938745107E-16  6.7532945513E-16
  2.6451630000E+02  4.0761678118E-16 -6.1248550212E-16  7.2099743644E-16
  2.6508000000E+02  4.6504148448E-16 -6.7365298571E-16  7.6460070660E-16
  2.6564430000E+02  5.2091949261E-16 -7.3276820974E-16  8.0605968192E-16
  2.6620920000E+02  5.7513705174E-16 -7.8971512153E-16  8.4530022746E-16
  2.6677470000E+02  6.2758511261E-16 -8.4438352064E-16  8.8225377557E-16
  2.6734080000E+02  6.7815953698E-16 -8.9666925677E-16  9.1685743114E-16
  2.6790750000E+02  7.2676129130E-16 -9.4647441262E-16  9.4905406355E-16
  2.6847480000E+02  7.7329662732E-16 -9.9370747129E-16  9.7879238500E-16
  2.6904270000E+02  8.1767724943E-16 -1.0382834680E-15  1.0060270154E-15
  2.6961120000E+02  8.5982046836E-16 -1.0801241262E-15  1.0307185336E-15
  2.7018030000E+02  8.9964934101E-16 -1.1191579769E-15  1.0528335151E-15
  2.7075000000E+02  9.3709279632E-16 -1.1553204630E-15  1.0723445563E-15
  2.7132030000E+02  9.7208574691E-16 -1.1885540263E-15  1.0892302848E-15
  2.7189120000E+02  1.0045691863E-15 -1.2188081784E-15  1.1034753571E-15
  2.7246270000E+02  1.0344902719E-15 -1.2460395561E-15  1.1150704420E-15
  2.7303480000E+02  1.0618023932E-15 -1.2702119588E-15  1.1240121918E-15
  2.7360750000E+02  1.0864652257E-15 -1.2912963714E-15  1.1303031999E-15
  2.7418080000E+02  1.1084447701E-15 -1.3092709695E-15  1.1339519458E-15
  2.7475470000E+02  1.1277133770E-15 -1.3241211097E-15  1.1349727276E-15
  2.7532920000E+02  1.1442497574E-15 -1.3358393027E-15  1.1333855820E-15
  2.7590430000E+02  1.1580389785E-15 -1.3444251719E-15  1.1292161926E-15
  2.7648000000E+02  1.1690724452E-15 -1.3498853956E-15  1.1224957861E-15
  2.7705630000E+02  1.1773478680E-15 -1.3522336340E-15  1.1132610172E-15
  2.7763320000E+02  1.1828692167E-15 -1.3514904418E-15  1.1015538428E-15
  2.7821070000E+02  1.1856466604E-15 -1.3476831653E-15  1.0874213849E-15
  2.7878880000E+02  1.1856964938E-15 -1.3408458259E-15  1.0709157832E-15
  2.7936750000E+02  1.1830410512E-15 -1.3310189887E-15  1.0520940389E-15
  2.7994680000E+02  1.1777086067E-15 -1.3182496188E-15  1.0310178471E-15
  2.8052670000E+02  1.1697332623E-15 -1.3025909233E-15  1.0077534221E-15
  2.8110720000E+02  1.1591548237E-15 -1.2841021811E-15  9.8237131299E-16
  2.8168830000E+02  1.1460186646E-15 -1.2628485608E-15  9.5494621108E-16
  2.8227000000E+02  1.1303755788E-15 -1.2389009262E-15  9.2555675047E-16
  2.8285230000E+02  1.1122816224E-15 -1.2123356315E-15  8.9428530087E-16
  2.8343520000E+02  1.0917979444E-15 -1.1832343048E-15  8.6121775403E-16
  2.8401870000E+02  1.0689906081E-15 -1.1516836227E-15  8.2644330410E-16
  2.8460280000E+02  1.0439304020E-15 -1.1177750747E-15  7.9005422240E-16
  2.8518750000E+02  1.0166926424E-15 -1.0816047185E-15  7.5214562726E-16
  2.8577280000E+02  9.8735696703E-16 -1.0432729282E-15  7.1281524929E-16
  2.8635870000E+02  9.5600712033E-16 -1.0028841334E-15  6.7216319285E-16
  2.8694520000E+02  9.2273073190E-16 -9.6054655232E-16  6.3029169412E-16
  2.8753230000E+02  8.8761908739E-16 -9.1637191821E-16  5.8730487641E-16
  2.8812000000E+02  8.5076689329E-16 -8.7047520022E-16  5.4330850321E-16
  2.8870830000E+02  8.1227203574E-16 -8.2297431906E-16  4.9840972961E-16
  2.8929720000E+02  7.7223533422E-16 -7.7398985847E-16  4.5271685264E-16
  2.8988670000E+02  7.3076029058E-16 -7.2364477301E-16  4.0633906102E-16
  2.9047680000E+02  6.8795283392E-16 -6.7206409281E-16  3.5938618494E-16
  2.9106750000E+02  6.4392106223E-16 -6.1937462609E-16  3.1196844646E-16
  2.9165880000E+02  5.9877498096E-16 -5.6570465997E-16  2.6419621097E-16
  2.9225070000E+02  5.5262623960E-16 -5.1118366046E-16  2.1617974033E-16
  2.9284320000E+02  5.0558786643E-16 -4.5594197207E-16  1.6802894821E-16
  2.9343630000E+02  4.5777400243E-16 -4.0011051790E-16  1.1985315809E-16
  2.9403000000E+02  4.0929963469E-16 -3.4382050080E-16  7.1760864598E-17
  2.9462430000E+02  3.6028033002E-16 -2.8720310621E-16  2.3859498457E-17
  2.9521920000E+02  3.1083196940E-16 -2.3038920746E-16 -2.3744804280E-17
  2.9581470000E+02  2.6107048376E-16 -1.7350907402E-16 -7.0947428319E-17
  2.9641080000E+02  2.1111159178E-16 -1.1669208347E-16 -1.1764550005E-16
  2.9700750000E+02  1.6107054013E-16 -6.0066437664E-17 -1.6373810285E-16
  2.9760480000E+02  1.1106184689E-16 -3.7588837968E-18 -2.0912648638E-16
  2.9820270000E+02  6.1199048641E-17  5.2105559073E-17 -2.5371426939E-16
  2.9880120000E+02  1.1594451626E-17  1.0740386751E-16 -2.9740763569E-16
  2.9940030000E+02 -3.7641112267E-17  1.6201527463E-16 -3.4011552289E-16
  3.0000000000E+02 -8.6398524308E-17  2.1582152382E-16 -3.8174980349E-16
