  -4.00000000000000        1.76939332642461     
  -3.99000000022352        1.76684800189797     
  -3.98000000044703        1.76429935177474     
  -3.97000000067055        1.76174736287788     
  -3.96000000089407        1.75919202193716     
  -3.95000000111759        1.75663331559975     
  -3.94000000134110        1.75407123041847     
  -3.93000000156462        1.75150575285707     
  -3.92000000178814        1.74893686928902     
  -3.91000000201166        1.74636456599593     
  -3.90000000223517        1.74378882916339     
  -3.89000000245869        1.74120964488464     
  -3.88000000268221        1.73862699916097     
  -3.87000000290573        1.73604087789318     
  -3.86000000312924        1.73345126688614     
  -3.85000000335276        1.73085815184841     
  -3.84000000357628        1.72826151839084     
  -3.83000000379980        1.72566135202417     
  -3.82000000402331        1.72305763815518     
  -3.81000000424683        1.72045036209338     
  -3.80000000447035        1.71783950904333     
  -3.79000000469387        1.71522506410639     
  -3.78000000491738        1.71260701228258     
  -3.77000000514090        1.70998533846097     
  -3.76000000536442        1.70736002742587     
  -3.75000000558794        1.70473106385522     
  -3.74000000581145        1.70209843231843     
  -3.73000000603497        1.69946211727333     
  -3.72000000625849        1.69682210306421     
  -3.71000000648201        1.69417837393065     
  -3.70000000670552        1.69153091399111     
  -3.69000000692904        1.68887970725507     
  -3.68000000715256        1.68622473761313     
  -3.67000000737607        1.68356598884111     
  -3.66000000759959        1.68090344459648     
  -3.65000000782311        1.67823708841621     
  -3.64000000804663        1.67556690371738     
  -3.63000000827014        1.67289287379618     
  -3.62000000849366        1.67021498182570     
  -3.61000000871718        1.66753321085380     
  -3.60000000894070        1.66484754380435     
  -3.59000000916421        1.66215796347409     
  -3.58000000938773        1.65946445252993     
  -3.57000000961125        1.65676699351017     
  -3.56000000983477        1.65406556882351     
  -3.55000001005828        1.65136016074607     
  -3.54000001028180        1.64865075141685     
  -3.53000001050532        1.64593732284495     
  -3.52000001072884        1.64321985690132     
  -3.51000001095235        1.64049833531626     
  -3.50000001117587        1.63777273968165     
  -3.49000001139939        1.63504305145162     
  -3.48000001162291        1.63230925193306     
  -3.47000001184642        1.62957132229258     
  -3.46000001206994        1.62682924354769     
  -3.45000001229346        1.62408299657344     
  -3.44000001251698        1.62133256209033     
  -3.43000001274049        1.61857792067219     
  -3.42000001296401        1.61581905274005     
  -3.41000001318753        1.61305593856063     
  -3.40000001341105        1.61028855824471     
  -3.39000001363456        1.60751689174588     
  -3.38000001385808        1.60474091886006     
  -3.37000001408160        1.60196061922058     
  -3.36000001430511        1.59917597229919     
  -3.35000001452863        1.59638695740223     
  -3.34000001475215        1.59359355367198     
  -3.33000001497567        1.59079574007815     
  -3.32000001519918        1.58799349542525     
  -3.31000001542270        1.58518679834242     
  -3.30000001564622        1.58237562728560     
  -3.29000001586974        1.57955996053480     
  -3.28000001609325        1.57673977619173     
  -3.27000001631677        1.57391505217760     
  -3.26000001654029        1.57108576623345     
  -3.25000001676381        1.56825189591198     
  -3.24000001698732        1.56541341858348     
  -3.23000001721084        1.56257031142564     
  -3.22000001743436        1.55972255143025     
  -3.21000001765788        1.55687011247289     
  -3.20000001788139        1.55401298501935     
  -3.19000001810491        1.55115112183173     
  -3.18000001832843        1.54828451484840     
  -3.17000001855195        1.54541313974183     
  -3.16000001877546        1.54253696580787     
  -3.15000001899898        1.53965597467168     
  -3.14000001922250        1.53677014517246     
  -3.13000001944602        1.53387944078125     
  -3.12000001966953        1.53098384538965     
  -3.11000001989305        1.52808332255079     
  -3.10000002011657        1.52517785427459     
  -3.09000002034009        1.52226742982610     
  -3.08000002056360        1.51935200929353     
  -3.07000002078712        1.51643156051563     
  -3.06000002101064        1.51350605292688     
  -3.05000002123415        1.51057547064428     
  -3.04000002145767        1.50763980172077     
  -3.03000002168119        1.50469898694748     
  -3.02000002190471        1.50175301898268     
  -3.01000002212822        1.49880187330613     
  -3.00000002235174        1.49584551276292     
  -2.99000002257526        1.49288391237508     
  -2.98000002279878        1.48991704148910     
  -2.97000002302229        1.48694487310383     
  -2.96000002324581        1.48396737835442     
  -2.95000002346933        1.48098452809433     
  -2.94000002369285        1.47799629289531     
  -2.93000002391636        1.47500264305395     
  -2.92000002413988        1.47200354860436     
  -2.91000002436340        1.46899897929338     
  -2.90000002458692        1.46598890458351     
  -2.89000002481043        1.46297329364957     
  -2.88000002503395        1.45995211537475     
  -2.87000002525747        1.45692533834429     
  -2.86000002548099        1.45389293084679     
  -2.85000002570450        1.45085486086407     
  -2.84000002592802        1.44781109607141     
  -2.83000002615154        1.44476160383024     
  -2.82000002637506        1.44170635118710     
  -2.81000002659857        1.43864530486711     
  -2.80000002682209        1.43557843128370     
  -2.79000002704561        1.43250569647016     
  -2.78000002726912        1.42942706618575     
  -2.77000002749264        1.42634250582381     
  -2.76000002771616        1.42325198046099     
  -2.75000002793968        1.42015545477694     
  -2.74000002816319        1.41705289312132     
  -2.73000002838671        1.41394425948909     
  -2.72000002861023        1.41082951751058     
  -2.71000002883375        1.40770863207352     
  -2.70000002905726        1.40458156689647     
  -2.69000002928078        1.40144827825431     
  -2.68000002950430        1.39830872623559     
  -2.67000002972782        1.39516288357670     
  -2.66000002995133        1.39201070153338     
  -2.65000003017485        1.38885215580181     
  -2.64000003039837        1.38568719387745     
  -2.63000003062189        1.38251577736228     
  -2.62000003084540        1.37933786564977     
  -2.61000003106892        1.37615342613424     
  -2.60000003129244        1.37296239663815     
  -2.59000003151596        1.36976477081668     
  -2.58000003173947        1.36656047317936     
  -2.57000003196299        1.36334947990954     
  -2.56000003218651        1.36013174560608     
  -2.55000003241003        1.35690721359097     
  -2.54000003263354        1.35367585409950     
  -2.53000003285706        1.35043761120710     
  -2.52000003308058        1.34719245970656     
  -2.51000003330410        1.34394033726949     
  -2.50000003352761        1.34068120271350     
  -2.49000003375113        1.33741500965256     
  -2.48000003397465        1.33414171118490     
  -2.47000003419816        1.33086125987893     
  -2.46000003442168        1.32757360776551     
  -2.45000003464520        1.32427870633115     
  -2.44000003486872        1.32097650651365     
  -2.43000003509223        1.31766695867980     
  -2.42000003531575        1.31435001265065     
  -2.41000003553927        1.31102561759411     
  -2.40000003576279        1.30769372219771     
  -2.39000003598630        1.30435427445627     
  -2.38000003620982        1.30100722182849     
  -2.37000003643334        1.29765251107712     
  -2.36000003665686        1.29429008838677     
  -2.35000003688037        1.29091989928827     
  -2.34000003710389        1.28754188866121     
  -2.33000003732741        1.28415600072381     
  -2.32000003755093        1.28076217901934     
  -2.31000003777444        1.27736036641092     
  -2.30000003799796        1.27395050504991     
  -2.29000003822148        1.27053253640369     
  -2.28000003844500        1.26710640120006     
  -2.27000003866851        1.26367203944069     
  -2.26000003889203        1.26022939038095     
  -2.25000003911555        1.25677839251553     
  -2.24000003933907        1.25331898356719     
  -2.23000003956258        1.24985110047638     
  -2.22000003978610        1.24637467937659     
  -2.21000004000962        1.24288965559660     
  -2.20000004023314        1.23939596362702     
  -2.19000004045665        1.23589353712142     
  -2.18000004068017        1.23238230887268     
  -2.17000004090369        1.22886221079718     
  -2.16000004112720        1.22533318098250     
  -2.15000004135072        1.22179512456838     
  -2.14000004157424        1.21824801326185     
  -2.13000004179776        1.21469173054458     
  -2.12000004202127        1.21112622417665     
  -2.11000004224479        1.20755142947754     
  -2.10000004246831        1.20396725786569     
  -2.09000004269183        1.20037364501258     
  -2.08000004291534        1.19677049518238     
  -2.07000004313886        1.19315775620461     
  -2.06000004336238        1.18953532660259     
  -2.05000004358590        1.18590313888316     
  -2.04000004380941        1.18226110887155     
  -2.03000004403293        1.17860915437726     
  -2.02000004425645        1.17494719205316     
  -2.01000004447997        1.17127513736952     
  -2.00000004470348        1.16759290458918     
  -1.99000004492700        1.16390040674754     
  -1.98000004515052        1.16019755562735     
  -1.97000004537404        1.15648426172959     
  -1.96000004559755        1.15276043425135     
  -1.95000004582107        1.14902598105820     
  -1.94000004604459        1.14528080865528     
  -1.93000004626811        1.14152482216166     
  -1.92000004649162        1.13775792528071     
  -1.91000004671514        1.13398002026883     
  -1.90000004693866        1.13019100790805     
  -1.89000004716218        1.12639078747373     
  -1.88000004738569        1.12257925670140     
  -1.87000004760921        1.11875631175594     
  -1.86000004783273        1.11492184719641     
  -1.85000004805624        1.11107575594209     
  -1.84000004827976        1.10721792923712     
  -1.83000004850328        1.10334825661301     
  -1.82000004872680        1.09946662585308     
  -1.81000004895031        1.09557292295059     
  -1.80000004917383        1.09166703207260     
  -1.79000004939735        1.08774883551701     
  -1.78000004962087        1.08381821367131     
  -1.77000004984438        1.07987504496913     
  -1.76000005006790        1.07591920584643     
  -1.75000005029142        1.07195057069500     
  -1.74000005051494        1.06796901181599     
  -1.73000005073845        1.06397439937240     
  -1.72000005096197        1.05996660133781     
  -1.71000005118549        1.05594548344535     
  -1.70000005140901        1.05191090913589     
  -1.69000005163252        1.04786273950455     
  -1.68000005185604        1.04380083324092     
  -1.67000005207956        1.03972504657622     
  -1.66000005230308        1.03563523322118     
  -1.65000005252659        1.03153124430322     
  -1.64000005275011        1.02741292831039     
  -1.63000005297363        1.02328013101580     
  -1.62000005319715        1.01913269542116     
  -1.61000005342066        1.01497046154292     
  -1.60000005364418        1.01079326985500     
  -1.59000005386770        1.00660094572414     
  -1.58000005409122        1.00239332893720     
  -1.57000005431473       0.998170244709434     
  -1.56000005453825       0.993931517854504     
  -1.55000005476177       0.989676969874296     
  -1.54000005498528       0.985406418880239     
  -1.53000005520880       0.981119679497275     
  -1.52000005543232       0.976816562775970     
  -1.51000005565584       0.972496876095615     
  -1.50000005587935       0.968160423068221     
  -1.49000005610287       0.963807003434038     
  -1.48000005632639       0.959436412959983     
  -1.47000005654991       0.955048443328643     
  -1.46000005677342       0.950642882027552     
  -1.45000005699694       0.946219512232777     
  -1.44000005722046       0.941778112688863     
  -1.43000005744398       0.937318457584630     
  -1.42000005766749       0.932840316424262     
  -1.41000005789101       0.928343453894861     
  -1.40000005811453       0.923827629728103     
  -1.39000005833805       0.919292598557409     
  -1.38000005856156       0.914738109769631     
  -1.37000005878508       0.910163907352669     
  -1.36000005900860       0.905569729735319     
  -1.35000005923212       0.900955309623500     
  -1.34000005945563       0.896320373828302     
  -1.33000005967915       0.891664643088603     
  -1.32000005990267       0.886987831888952     
  -1.31000006012619       0.882289648265919     
  -1.30000006034970       0.877569793611551     
  -1.29000006057322       0.872827962466743     
  -1.28000006079674       0.868063842307811     
  -1.27000006102026       0.863277113324174     
  -1.26000006124377       0.858467448186685     
  -1.25000006146729       0.853634511809533     
  -1.24000006169081       0.848777961098352     
  -1.23000006191432       0.843897444692160     
  -1.22000006213784       0.838992602692856     
  -1.21000006236136       0.834063066383634     
  -1.20000006258488       0.829108457937772     
  -1.19000006280839       0.824128390112078     
  -1.18000006303191       0.819122465931124     
  -1.17000006325543       0.814090278355950     
  -1.16000006347895       0.809031409939469     
  -1.15000006370246       0.803945432467014     
  -1.14000006392598       0.798831906581849     
  -1.13000006414950       0.793690379772503     
  -1.12000006437302       0.788520395155911     
  -1.11000006459653       0.783321472108920     
  -1.10000006482005       0.778093118742930     
  -1.09000006504357       0.772834844501424     
  -1.08000006526709       0.767546121661653     
  -1.07000006549060       0.762226432530046     
  -1.06000006571412       0.756875230937619     
  -1.05000006593764       0.751491952019017     
  -1.04000006616116       0.746076023135702     
  -1.03000006638467       0.740626852341422     
  -1.02000006660819       0.735143830511176     
  -1.01000006683171       0.729626330673547     
  -1.00000006705523       0.724073707311396     
 -0.990000067278743       0.718485295629085     
 -0.980000067502260       0.712860410783987     
 -0.970000067725778       0.707198347079587     
 -0.960000067949295       0.701498377119111     
 -0.950000068172812       0.695759750916976     
 -0.940000068396330       0.689981694963551     
 -0.930000068619847       0.684163411244751     
 -0.920000068843365       0.678304076209004     
 -0.910000069066882       0.672402839681579     
 -0.900000069290400       0.666458823722121     
 -0.890000069513917       0.660471121421058     
 -0.880000069737434       0.654438795632124     
 -0.870000069960952       0.648360877636875     
 -0.860000070184469       0.642236365735707     
 -0.850000070407987       0.636064223762459     
 -0.840000070631504       0.629843379515803     
 -0.830000070855021       0.623572723103183     
 -0.820000071078539       0.617251105191354     
 -0.810000071302056       0.610877335156567     
 -0.800000071525574       0.604450179128195     
 -0.790000071749091       0.597968357918759     
 -0.780000071972609       0.591430544831699     
 -0.770000072196126       0.584835363339084     
 -0.760000072419643       0.578181384619961     
 -0.750000072643161       0.571467124949092     
 -0.740000072866678       0.564691042925821     
 -0.730000073090196       0.557851536531066     
 -0.720000073313713       0.550946940000132     
 -0.710000073537230       0.543975520497344     
 -0.700000073760748       0.536935474578466     
 -0.690000073984265       0.529824924423020     
 -0.680000074207783       0.522641913821723     
 -0.670000074431300       0.515384402476611     
 -0.660000074654818       0.508050268334528     
 -0.650000074878335       0.500637287332934     
 -0.640000075101852       0.493143151573027     
 -0.630000075325370       0.485565435465425     
 -0.620000075548887       0.477901613128921     
 -0.610000075772405       0.470149046433779     
 -0.600000075995922       0.462304968100176     
 -0.590000076219440       0.454366479438472     
 -0.580000076442957       0.446330557470420     
 -0.570000076666474       0.438194022266849     
 -0.560000076889992       0.429953538763901     
 -0.550000077113509       0.421605611291022     
 -0.540000077337027       0.413146571774061     
 -0.530000077560544       0.404572561005248     
 -0.520000077784061       0.395879519400300     
 -0.510000078007579       0.387063177723484     
 -0.500000078231096       0.378119041808898     
 -0.490000078454614       0.369042372846369     
 -0.480000078678131       0.359828173804704     
 -0.470000078901649       0.350471170361319     
 -0.460000079125166       0.340965791009019     
 -0.450000079348683       0.331306145418997     
 -0.440000079572201       0.321486000874914     
 -0.430000079795718       0.311498756575415     
 -0.420000080019236       0.301337415580149     
 -0.410000080242753       0.290994554130804     
 -0.400000080466270       0.280462288078100     
 -0.390000080689788       0.269732236064194     
 -0.380000080913305       0.258795479109713     
 -0.370000081136823       0.247642516175814     
 -0.360000081360340       0.236263215232789     
 -0.350000081583858       0.224646759291446     
 -0.340000081807375       0.212781586782037     
 -0.330000082030892       0.200655325578627     
 -0.320000082254410       0.188254719863123     
 -0.310000082477927       0.175565548904071     
 -0.300000082701445       0.162572536687193     
 -0.290000082924962       0.149259251191276     
 -0.280000083148479       0.135607991823142     
 -0.270000083371997       0.121599663500257     
 -0.260000083595514       0.107213635310149     
 -0.250000083819032       9.242758167928872E-002
 -0.240000084042549       7.721730331396354E-002
 -0.230000084266067       6.155652495359265E-002
 -0.220000084489584       4.541666628284136E-002
 -0.210000084713101       2.876671404648121E-002
 -0.200000084936619       1.157220455111261E-002
 -0.190000085160136      -6.203564318330680E-003
 -0.180000085383654      -2.460171432373478E-002
 -0.170000085607171      -4.366685970088651E-002
 -0.160000085830688      -6.344813480500427E-002
 -0.150000086054206      -8.400028029091272E-002
 -0.140000086277723      -0.105383506912298     
 -0.130000086501241      -0.127666286936461     
 -0.120000086724758      -0.150918448329172     
 -0.110000086948276      -0.175236291061614     
 -9.000008739531040E-002 -0.227397167918401     
 -8.000008761882782E-002 -0.255492605152657     
 -7.000008784234524E-002 -0.285083499784976     
 -6.000008806586266E-002 -0.316333618731266     
 -5.000008828938007E-002 -0.349414635325140     
 -4.000008851289749E-002 -0.384524102239670     
 -3.000008873641491E-002 -0.421894630062223     
 -2.000008895993233E-002 -0.461788714905363     
 -1.000008918344975E-002 -0.504515980197579     
 -8.940696716308594E-008 -0.550441628423448     
  9.999910369515419E-003 -0.599985741111253     
  1.999991014599800E-002 -0.653663191427750     
  2.999990992248058E-002 -0.712079167060134     
  3.999990969896317E-002 -0.775968098937476     
  4.999990947544575E-002 -0.846225148405946     
  5.999990925192833E-002 -0.923953045534209     
  6.999990902841091E-002  -1.01052598128743     
  7.999990880489349E-002  -1.10767864849127     
  8.999990858137608E-002  -1.21763278964408     
  9.999990835785866E-002  -1.34328108164996     
  0.109999908134341       -1.48846113235376     
  0.119999907910824       -1.65837569971118     
  0.129999907687306       -1.86025905109369     
  0.139999907463789       -2.10447587298032     
  0.149999907240272       -2.40642003953342     
  0.159999907016754       -2.78998623716764     
  0.169999906793237       -3.29437794441940     
  0.179999906569719       -3.98870595529905     
  0.189999906346202       -5.00722929927554     
  0.199999906122684       -6.64979144412804     
  0.209999905899167       -9.75089059652563     
  0.219999905675650       -17.8298855503226     
  0.229999905452132       -92.2750741320212     
  0.239999905228615        30.0151705030277     
  0.249999905005097        13.0732104928753     
  0.259999904781580        8.41754251956637     
  0.269999904558063        6.23672200161145     
  0.279999904334545        4.96987286743605     
  0.289999904111028        4.14067490238066     
  0.299999903887510        3.55478993467524     
  0.309999903663993        3.11809590938366     
  0.319999903440475        2.77946514496580     
  0.329999903216958        2.50872945500990     
  0.339999902993441        2.28693832356097     
  0.349999902769923        2.10159180814428     
  0.359999902546406        1.94410509585996     
  0.369999902322888        1.80839249154612     
  0.379999902099371        1.69001508878909     
  0.389999901875854        1.58566234043705     
  0.399999901652336        1.49281324223290     
  0.409999901428819        1.40951515434919     
  0.419999901205301        1.33423109738434     
  0.429999900981784        1.26573344582225     
  0.439999900758266        1.20303452055408     
  0.449999900534749        1.14532472504104     
  0.459999900311232        1.09193864518433     
  0.469999900087714        1.04232120653422     
  0.479999899864197       0.996008257823068     
  0.489999899640679       0.952606822306037     
  0.499999899417162       0.911782559276066     
  0.509999899193645       0.873249182012726     
  0.519999898970127       0.836760053892876     
  0.529999898746610       0.802101520815484     
  0.539999898523092       0.769087544311226     
  0.549999898299575       0.737555348359050     
  0.559999898076057       0.707361863422180     
  0.569999897852540       0.678380802318412     
  0.579999897629023       0.650500240682614     
  0.589999897405505       0.623620603244588     
  0.599999897181988       0.597652978585374     
  0.609999896958470       0.572517701505727     
  0.619999896734953       0.548143154674319     
  0.629999896511436       0.524464750860724     
  0.639999896287918       0.501424064819123     
  0.649999896064401       0.478968089674083     
  0.659999895840883       0.457048597416747     
  0.669999895617366       0.435621586869155     
  0.679999895393848       0.414646805393729     
  0.689999895170331       0.394087333086793     
  0.699999894946814       0.373909220068672     
  0.709999894723296       0.354081169070005     
  0.719999894499779       0.334574256828766     
  0.729999894276261       0.315361688791047     
  0.739999894052744       0.296418582523654     
  0.749999893829226       0.277721775937135     
  0.759999893605709       0.259249657037293     
  0.769999893382192       0.240982012315118     
  0.779999893158674       0.222899891482261     
  0.789999892935157       0.204985486380435     
  0.799999892711639       0.187222022370558     
  0.809999892488122       0.169593660640381     
  0.819999892264605       0.152085410092840     
  0.829999892041087       0.134683047730822     
  0.839999891817570       0.117373046475369     
  0.849999891594052       0.100142509589098     
  0.859999891370535       8.297911093080451E-002
  0.869999891147017       6.587105913685790E-002
  0.879999890923500       4.880691645053759E-002
  0.889999890699983       3.177591861227338E-002
  0.899999890476465       1.476740553379570E-002
  0.909999890252948      -2.228809036284507E-003
  0.919999890029430      -1.922255786286294E-002
  0.929999889805913      -3.622359537188936E-002
  0.939999889582396      -5.324129847701187E-002
  0.949999889358878      -7.028478965693105E-002
  0.959999889135361      -8.736311312723194E-002
  0.969999888911843      -0.104485124566236     
  0.979999888688326      -0.121659550090721     
  0.989999888464808      -0.138895009782736     
  0.999999888241291      -0.156200040187604     
   1.00999988801777      -0.173583115858416     
   1.01999988779426      -0.191052670202705     
   1.02999988757074      -0.208617115621052     
   1.03999988734722      -0.226284863137358     
   1.04999988712370      -0.244064341640514     
   1.05999988690019      -0.261964016741984     
   1.06999988667667      -0.279992409459933     
   1.07999988645315      -0.298158114783776     
   1.08999988622963      -0.316469820134642     
   1.09999988600612      -0.334936323963787     
   1.10999988578260      -0.353566554437158     
   1.11999988555908      -0.372369588361924     
   1.12999988533556      -0.391354670414739     
   1.13999988511205      -0.410531232804365     
   1.14999988488853      -0.429908915404762     
   1.15999988466501      -0.449497586437968     
   1.16999988444149      -0.469307363900927     
   1.17999988421798      -0.489348637740096     
   1.18999988399446      -0.509632092885510     
   1.19999988377094      -0.530168733288166     
   1.20999988354743      -0.550969907079058     
   1.21999988332391      -0.572047332908379     
   1.22999988310039      -0.593413127689604     
   1.23999988287687      -0.615079835794687     
   1.24999988265336      -0.637060459907594     
   1.25999988242984      -0.659368493690298     
   1.26999988220632      -0.682017956407430     
   1.27999988198280      -0.705023429725454     
   1.28999988175929      -0.728400096898489     
   1.29999988153577      -0.752163784526821     
   1.30999988131225      -0.776331007168977     
   1.31999988108873      -0.800919015064773     
   1.32999988086522      -0.825945845280494     
   1.33999988064170      -0.851430376539859     
   1.34999988041818      -0.877392388159388     
   1.35999988019466      -0.903852623540234     
   1.36999987997115      -0.930832858396456     
   1.37999987974763      -0.958355974539565     
   1.38999987952411      -0.986446039518502     
   1.39999987930059       -1.01512844423039     
   1.40999987907708       -1.04442963268367     
   1.41999987885356       -1.07437825022600     
   1.42999987863004       -1.10500367334753     
   1.43999987840652       -1.13633745271060     
   1.44999987818301       -1.16841285881582     
   1.45999987795949       -1.20126513077593     
   1.46999987773597       -1.23493163164896     
   1.47999987751245       -1.26945201810623     
   1.48999987728894       -1.30486842661083     
   1.49999987706542       -1.34122567749676     
   1.50999987684190       -1.37857149917692     
   1.51999987661839       -1.41695677503147     
   1.52999987639487       -1.45643581548200     
   1.53999987617135       -1.49706665839994     
   1.54999987594783       -1.53891140141581     
   1.55999987572432       -1.58203657009487     
   1.56999987550080       -1.62651352673714     
   1.57999987527728       -1.67241892481939     
   1.58999987505376       -1.71983521573647     
   1.59999987483025       -1.76885121413382     
   1.60999987460673       -1.81956273103644     
   1.61999987438321       -1.87207328332921     
   1.62999987415969       -1.92649489144968     
   1.63999987393618       -1.98294897774170     
   1.64999987371266       -2.04156738119053     
   1.65999987348914       -2.10249350592236     
   1.66999987326562       -2.16588362516392     
   1.67999987304211       -2.23190836512492     
   1.68999987281859       -2.30075439914680     
   1.69999987259507       -2.37262638700912     
   1.70999987237155       -2.44774920264706     
   1.71999987214804       -2.52637050048708     
   1.72999987192452       -2.60876368368756     
   1.73999987170100       -2.69523134756666     
   1.74999987147748       -2.78610929155592     
   1.75999987125397       -2.88177121040269     
   1.76999987103045       -2.98263420451483     
   1.77999987080693       -3.08916527959009     
   1.78999987058342       -3.20188905062321     
   1.79999987035990       -3.32139691753955     
   1.80999987013638       -3.44835805294926     
   1.81999986991286       -3.58353263200167     
   1.82999986968935       -3.72778785860470     
   1.83999986946583       -3.88211750066478     
   1.84999986924231       -4.04766586690162     
   1.85999986901879       -4.22575744845818     
   1.86999986879528       -4.41793359085174     
   1.87999986857176       -4.62599908114547     
   1.88999986834824       -4.85208411470324     
   1.89999986812472       -5.09871032862603     
   1.90999986790121       -5.36889786714683     
   1.91999986767769       -5.66629486596892     
   1.92999986745417       -5.99533206478118     
   1.93999986723065       -6.36146616047079     
   1.94999986700714       -6.77147962330595     
   1.95999986678362       -7.23393729021234     
   1.96999986656010       -7.75974378959496     
   1.97999986633658       -8.36309858837826     
   1.98999986611307       -9.06276633427344     
   1.99999986588955       -9.88410203177637     
