  -4.00000000000000        1.76936908269499     
  -3.99000000022352        1.76682351042146     
  -3.98000000044703        1.76427463487818     
  -3.97000000067055        1.76172244129536     
  -3.96000000089407        1.75916691496189     
  -3.95000000111759        1.75660804120798     
  -3.94000000134110        1.75404580538998     
  -3.93000000156462        1.75148019287707     
  -3.92000000178814        1.74891118903948     
  -3.91000000201166        1.74633877923807     
  -3.90000000223517        1.74376294881508     
  -3.89000000245869        1.74118368308583     
  -3.88000000268221        1.73860096733127     
  -3.87000000290573        1.73601478679134     
  -3.86000000312924        1.73342512665886     
  -3.85000000335276        1.73083197207404     
  -3.84000000357628        1.72823530811949     
  -3.83000000379980        1.72563511981557     
  -3.82000000402331        1.72303139211620     
  -3.81000000424683        1.72042410990495     
  -3.80000000447035        1.71781325799136     
  -3.79000000469387        1.71519882110765     
  -3.78000000491738        1.71258078390549     
  -3.77000000514090        1.70995913095306     
  -3.76000000536442        1.70733384673223     
  -3.75000000558794        1.70470491563596     
  -3.74000000581145        1.70207232196572     
  -3.73000000603497        1.69943604992914     
  -3.72000000625849        1.69679608363768     
  -3.71000000648201        1.69415240710444     
  -3.70000000670552        1.69150500424199     
  -3.69000000692904        1.68885385886038     
  -3.68000000715256        1.68619895466508     
  -3.67000000737607        1.68354027525506     
  -3.66000000759959        1.68087780412089     
  -3.65000000782311        1.67821152464286     
  -3.64000000804663        1.67554142008922     
  -3.63000000827014        1.67286747361430     
  -3.62000000849366        1.67018966825681     
  -3.61000000871718        1.66750798693807     
  -3.60000000894070        1.66482241246029     
  -3.59000000916421        1.66213292750483     
  -3.58000000938773        1.65943951463054     
  -3.57000000961125        1.65674215627205     
  -3.56000000983477        1.65404083473807     
  -3.55000001005828        1.65133553220972     
  -3.54000001028180        1.64862623073887     
  -3.53000001050532        1.64591291224642     
  -3.52000001072884        1.64319555852062     
  -3.51000001095235        1.64047415121541     
  -3.50000001117587        1.63774867184874     
  -3.49000001139939        1.63501910180080     
  -3.48000001162291        1.63228542231239     
  -3.47000001184642        1.62954761448315     
  -3.46000001206994        1.62680565926985     
  -3.45000001229346        1.62405953748465     
  -3.44000001251698        1.62130922979336     
  -3.43000001274049        1.61855471671364     
  -3.42000001296401        1.61579597861322     
  -3.41000001318753        1.61303299570813     
  -3.40000001341105        1.61026574806086     
  -3.39000001363456        1.60749421557852     
  -3.38000001385808        1.60471837801100     
  -3.37000001408160        1.60193821494908     
  -3.36000001430511        1.59915370582254     
  -3.35000001452863        1.59636482989826     
  -3.34000001475215        1.59357156627825     
  -3.33000001497567        1.59077389389771     
  -3.32000001519918        1.58797179152303     
  -3.31000001542270        1.58516523774978     
  -3.30000001564622        1.58235421100069     
  -3.29000001586974        1.57953868952357     
  -3.28000001609325        1.57671865138922     
  -3.27000001631677        1.57389407448933     
  -3.26000001654029        1.57106493653430     
  -3.25000001676381        1.56823121505112     
  -3.24000001698732        1.56539288738110     
  -3.23000001721084        1.56254993067769     
  -3.22000001743436        1.55970232190418     
  -3.21000001765788        1.55685003783141     
  -3.20000001788139        1.55399305503544     
  -3.19000001810491        1.55113134989521     
  -3.18000001832843        1.54826489859008     
  -3.17000001855195        1.54539367709745     
  -3.16000001877546        1.54251766119028     
  -3.15000001899898        1.53963682643456     
  -3.14000001922250        1.53675114818678     
  -3.13000001944602        1.53386060159136     
  -3.12000001966953        1.53096516157801     
  -3.11000001989305        1.52806480285906     
  -3.10000002011657        1.52515949992678     
  -3.09000002034009        1.52224922705064     
  -3.08000002056360        1.51933395827449     
  -3.07000002078712        1.51641366741375     
  -3.06000002101064        1.51348832805255     
  -3.05000002123415        1.51055791354077     
  -3.04000002145767        1.50762239699111     
  -3.03000002168119        1.50468175127607     
  -3.02000002190471        1.50173594902487     
  -3.01000002212822        1.49878496262036     
  -3.00000002235174        1.49582876419582     
  -2.99000002257526        1.49286732563181     
  -2.98000002279878        1.48990061855287     
  -2.97000002302229        1.48692861432416     
  -2.96000002324581        1.48395128404818     
  -2.95000002346933        1.48096859856126     
  -2.94000002369285        1.47798052843010     
  -2.93000002391636        1.47498704394824     
  -2.92000002413988        1.47198811513245     
  -2.91000002436340        1.46898371171904     
  -2.90000002458692        1.46597380316017     
  -2.89000002481043        1.46295835862004     
  -2.88000002503395        1.45993734697104     
  -2.87000002525747        1.45691073678982     
  -2.86000002548099        1.45387849635335     
  -2.85000002570450        1.45084059363477     
  -2.84000002592802        1.44779699629937     
  -2.83000002615154        1.44474767170032     
  -2.82000002637506        1.44169258687441     
  -2.81000002659857        1.43863170853774     
  -2.80000002682209        1.43556500308125     
  -2.79000002704561        1.43249243656624     
  -2.78000002726912        1.42941397471980     
  -2.77000002749264        1.42632958293012     
  -2.76000002771616        1.42323922624176     
  -2.75000002793968        1.42014286935081     
  -2.74000002816319        1.41704047659999     
  -2.73000002838671        1.41393201197363     
  -2.72000002861023        1.41081743909253     
  -2.71000002883375        1.40769672120885     
  -2.70000002905726        1.40456982120074     
  -2.69000002928078        1.40143670156702     
  -2.68000002950430        1.39829732442163     
  -2.67000002972782        1.39515165148810     
  -2.66000002995133        1.39199964409384     
  -2.65000003017485        1.38884126316431     
  -2.64000003039837        1.38567646921716     
  -2.63000003062189        1.38250522235619     
  -2.62000003084540        1.37932748226519     
  -2.61000003106892        1.37614320820174     
  -2.60000003129244        1.37295235899082     
  -2.59000003151596        1.36975489301828     
  -2.58000003173947        1.36655076822430     
  -2.57000003196299        1.36333994209656     
  -2.56000003218651        1.36012237166343     
  -2.55000003241003        1.35689801348691     
  -2.54000003263354        1.35366682365551     
  -2.53000003285706        1.35042875777697     
  -2.52000003308058        1.34718377097079     
  -2.51000003330410        1.34393181786065     
  -2.50000003352761        1.34067285256672     
  -2.49000003375113        1.33740682869775     
  -2.48000003397465        1.33413369934298     
  -2.47000003419816        1.33085341706400     
  -2.46000003442168        1.32756593388634     
  -2.45000003464520        1.32427120129090     
  -2.44000003486872        1.32096917020527     
  -2.43000003509223        1.31765979099482     
  -2.42000003531575        1.31434301345357     
  -2.41000003553927        1.31101878679497     
  -2.40000003576279        1.30768705964243     
  -2.39000003598630        1.30434778001960     
  -2.38000003620982        1.30100089534055     
  -2.37000003643334        1.29764635239969     
  -2.36000003665686        1.29428409736147     
  -2.35000003688037        1.29091407574983     
  -2.34000003710389        1.28753623243755     
  -2.33000003732741        1.28415051163519     
  -2.32000003755093        1.28075685687997     
  -2.31000003777444        1.27735521102425     
  -2.30000003799796        1.27394551622389     
  -2.29000003822148        1.27052771392627     
  -2.28000003844500        1.26710174485806     
  -2.27000003866851        1.26366754901278     
  -2.26000003889203        1.26022506563800     
  -2.25000003911555        1.25677423322229     
  -2.24000003933907        1.25331498948193     
  -2.23000003956258        1.24984727134719     
  -2.22000003978610        1.24637101494845     
  -2.21000004000962        1.24288615560192     
  -2.20000004023314        1.23939262779500     
  -2.19000004045665        1.23589036517143     
  -2.18000004068017        1.23237930051595     
  -2.17000004090369        1.22885936573873     
  -2.16000004112720        1.22533049185935     
  -2.15000004135072        1.22179260899044     
  -2.14000004157424        1.21824564632097     
  -2.13000004179776        1.21468953209904     
  -2.12000004202127        1.21112419361440     
  -2.11000004224479        1.20754955718045     
  -2.10000004246831        1.20396554811584     
  -2.09000004269183        1.20037209072566     
  -2.08000004291534        1.19676910828209     
  -2.07000004313886        1.19315652300471     
  -2.06000004336238        1.18953425604017     
  -2.05000004358590        1.18590222744152     
  -2.04000004380941        1.18226035614689     
  -2.03000004403293        1.17860855995775     
  -2.02000004425645        1.17494675551657     
  -2.01000004447997        1.17127485828392     
  -2.00000004470348        1.16759278251502     
  -1.99000004492700        1.16390044123568     
  -1.98000004515052        1.16019774621763     
  -1.97000004537404        1.15648460795323     
  -1.96000004559755        1.15276093562949     
  -1.95000004582107        1.14902663710148     
  -1.94000004604459        1.14528161886502     
  -1.93000004626811        1.14152578602863     
  -1.92000004649162        1.13775904228476     
  -1.91000004671514        1.13398128988034     
  -1.90000004693866        1.13019242958638     
  -1.89000004716218        1.12639236066694     
  -1.88000004738569        1.12258098084713     
  -1.87000004760921        1.11875818628036     
  -1.86000004783273        1.11492387151457     
  -1.85000004805624        1.11107792945771     
  -1.84000004827976        1.10722025134210     
  -1.83000004850328        1.10335072668793     
  -1.82000004872680        1.09946924326571     
  -1.81000004895031        1.09557568705765     
  -1.80000004917383        1.09166994221800     
  -1.79000004939735        1.08775189103228     
  -1.78000004962087        1.08382141387528     
  -1.77000004984438        1.07987838916796     
  -1.76000005006790        1.07592269333304     
  -1.75000005029142        1.07195420074938     
  -1.74000005051494        1.06797278370498     
  -1.73000005073845        1.06397831234865     
  -1.72000005096197        1.05997065464025     
  -1.71000005118549        1.05594967629944     
  -1.70000005140901        1.05191524075299     
  -1.69000005163252        1.04786720908043     
  -1.68000005185604        1.04380543995811     
  -1.67000005207956        1.03972978960161     
  -1.66000005230308        1.03564011170633     
  -1.65000005252659        1.03153625738635     
  -1.64000005275011        1.02741807511132     
  -1.63000005297363        1.02328541064154     
  -1.62000005319715        1.01913810696084     
  -1.61000005342066        1.01497600420755     
  -1.60000005364418        1.01079893960319     
  -1.59000005386770        1.00660674737894     
  -1.58000005409122        1.00239925869975     
  -1.57000005431473       0.998176301586071     
  -1.56000005453825       0.993937700833029     
  -1.55000005476177       0.989683277926985     
  -1.54000005498528       0.985412850959392     
  -1.53000005520880       0.981126234537815     
  -1.52000005543232       0.976823239694025     
  -1.51000005565584       0.972503673789038     
  -1.50000005587935       0.968167340414984     
  -1.49000005610287       0.963814039293676     
  -1.48000005632639       0.959443566171750     
  -1.47000005654991       0.955055712712235     
  -1.46000005677342       0.950650266382408     
  -1.45000005699694       0.946227010337779     
  -1.44000005722046       0.941785723302057     
  -1.43000005744398       0.937326179442913     
  -1.42000005766749       0.932848148243383     
  -1.41000005789101       0.928351394368715     
  -1.40000005811453       0.923835677528469     
  -1.39000005833805       0.919300752333682     
  -1.38000005856156       0.914746368148862     
  -1.37000005878508       0.910172268938609     
  -1.36000005900860       0.905578193108622     
  -1.35000005923212       0.900963873340850     
  -1.34000005945563       0.896329036422518     
  -1.33000005967915       0.891673403068780     
  -1.32000005990267       0.886996687738689     
  -1.31000006012619       0.882298598444205     
  -1.30000006034970       0.877578836551912     
  -1.29000006057322       0.872837096577125     
  -1.28000006079674       0.868073065970033     
  -1.27000006102026       0.863286424893500     
  -1.26000006124377       0.858476845992166     
  -1.25000006146729       0.853643994152405     
  -1.24000006169081       0.848787526252742     
  -1.23000006191432       0.843907090904256     
  -1.22000006213784       0.839002328180498     
  -1.21000006236136       0.834072869336422     
  -1.20000006258488       0.829118336515802     
  -1.19000006280839       0.824138342446548     
  -1.18000006303191       0.819132490123371     
  -1.17000006325543       0.814100372477121     
  -1.16000006347895       0.809041572030178     
  -1.15000006370246       0.803955660537163     
  -1.14000006392598       0.798842198610246     
  -1.13000006414950       0.793700735328254     
  -1.12000006437302       0.788530807828762     
  -1.11000006459653       0.783331940882262     
  -1.10000006482005       0.778103646447502     
  -1.09000006504357       0.772845423206988     
  -1.08000006526709       0.767556756081602     
  -1.07000006549060       0.762237115723228     
  -1.06000006571412       0.756885957984189     
  -1.05000006593764       0.751502723362253     
  -1.04000006616116       0.746086836419865     
  -1.03000006638467       0.740637705176175     
  -1.02000006660819       0.735154720470369     
  -1.01000006683171       0.729637255294688     
  -1.00000006705523       0.724084664095406     
 -0.990000067278743       0.718496282039978     
 -0.980000067502260       0.712871424248373     
 -0.970000067725778       0.707209384986557     
 -0.960000067949295       0.701509436819884     
 -0.950000068172812       0.695770829724045     
 -0.940000068396330       0.689992790151067     
 -0.930000068619847       0.684174520047630     
 -0.920000068843365       0.678315195822864     
 -0.910000069066882       0.672413967262503     
 -0.900000069290400       0.666469956386123     
 -0.890000069513917       0.660482256243908     
 -0.880000069737434       0.654449929649165     
 -0.870000069960952       0.648372007842518     
 -0.860000070184469       0.642247489083422     
 -0.850000070407987       0.636075337164307     
 -0.840000070631504       0.629854479842323     
 -0.830000070855021       0.623583807183277     
 -0.820000071078539       0.617262169811928     
 -0.810000071302056       0.610888377062383     
 -0.800000071525574       0.604461195021830     
 -0.790000071749091       0.597979344460335     
 -0.780000071972609       0.591441498638834     
 -0.770000072196126       0.584846280986844     
 -0.760000072419643       0.578192262640725     
 -0.750000072643161       0.571477959832576     
 -0.740000072866678       0.564701831119040     
 -0.730000073090196       0.557862274438396     
 -0.720000073313713       0.550957623983351     
 -0.710000073537230       0.543986146875855     
 -0.700000073760748       0.536946039629118     
 -0.690000073984265       0.529835424380706     
 -0.680000074207783       0.522652344879172     
 -0.670000074431300       0.515394762205158     
 -0.660000074654818       0.508060550206150     
 -0.650000074878335       0.500647490622210     
 -0.640000075101852       0.493153267877946     
 -0.630000075325370       0.485575463513631     
 -0.620000075548887       0.477911550225911     
 -0.610000075772405       0.470158885485669     
 -0.600000075995922       0.462314704697563     
 -0.590000076219440       0.454376113862239     
 -0.580000076442957       0.446340081698433     
 -0.570000076666474       0.438203431177884     
 -0.560000076889992       0.429962830421246     
 -0.550000077113509       0.421614782897865     
 -0.540000077337027       0.413155616866401     
 -0.530000077560544       0.404581473986655     
 -0.520000077784061       0.395888297025532     
 -0.510000078007579       0.387071816571817     
 -0.500000078231096       0.378127536665082     
 -0.490000078454614       0.369050719233575     
 -0.480000078678131       0.359836367224139     
 -0.470000078901649       0.350479206293888     
 -0.460000079125166       0.340973664918321     
 -0.450000079348683       0.331313852753506     
 -0.440000079572201       0.321493537070691     
 -0.430000079795718       0.311506117059704     
 -0.420000080019236       0.301344595772608     
 -0.410000080242753       0.291001549450553     
 -0.400000080466270       0.280469093944314     
 -0.390000080689788       0.269738847901744     
 -0.380000080913305       0.258801892352729     
 -0.370000081136823       0.247648726273156     
 -0.360000081360340       0.236269217652915     
 -0.350000081583858       0.224652549527697     
 -0.340000081807375       0.212787160358876     
 -0.330000082030892       0.200660678058171     
 -0.320000082254410       0.188259846851964     
 -0.310000082477927       0.175570446061368     
 -0.300000082701445       0.162577199735388     
 -0.290000082924962       0.149263675911730     
 -0.280000083148479       0.135612174088566     
 -0.270000083371997       0.121603599264944     
 -0.260000083595514       0.107217320640773     
 -0.250000083819032       9.243101275071765E-002
 -0.240000084042549       7.722047642946910E-002
 -0.230000084266067       6.155943655563816E-002
 -0.220000084489584       4.541931298171994E-002
 -0.210000084713101       2.876896040799620E-002
 -0.200000084936619       1.157437217345269E-002
 -0.190000085160136      -6.201658015185574E-003
 -0.180000085383654      -2.459992355494296E-002
 -0.170000085607171      -4.366525017630282E-002
 -0.160000085830688      -6.344700923339597E-002
 -0.150000086054206      -8.399971151198918E-002
 -0.140000086277723      -0.105383696688474     
 -0.130000086501241      -0.127665936913396     
 -0.120000086724758      -0.150920977186423     
 -0.110000086948276      -0.175232040485137     
 -0.100000087171793      -0.200692332339156     
 -9.000008739531040E-002 -0.227406588148508     
 -8.000008761882782E-002 -0.255492917632094     
 -7.000008784234524E-002 -0.285085015178206     
 -6.000008806586266E-002 -0.316334823682879     
 -5.000008828938007E-002 -0.349415764270689     
 -4.000008851289749E-002 -0.384526677297339     
 -3.000008873641491E-002 -0.421896664356824     
 -2.000008895993233E-002 -0.461791081142145     
 -1.000008918344975E-002 -0.504519013455628     
 -8.940696716308594E-008 -0.550442683036389     
  9.999910369515419E-003 -0.599989390520372     
  1.999991014599800E-002 -0.653666831556973     
  2.999990992248058E-002 -0.712082952496675     
  3.999990969896317E-002 -0.775971996976803     
  4.999990947544575E-002 -0.846229118867895     
  5.999990925192833E-002 -0.923957039135495     
  6.999990902841091E-002  -1.01052993690603     
  7.999990880489349E-002  -1.10768248899785     
  8.999990858137608E-002  -1.21763641736474     
  9.999990835785866E-002  -1.34328436998638     
  0.109999908134341       -1.48846391512135     
  0.119999907910824       -1.65837775290656     
  0.129999907687306       -1.86026006543575     
  0.139999907463789       -2.10447540743748     
  0.149999907240272       -2.40641744032169     
  0.159999907016754       -2.78998048729389     
  0.169999906793237       -3.29436736167102     
  0.179999906569719       -3.98868752327476     
  0.189999906346202       -5.00719697414586     
  0.199999906122684       -6.64973097146204     
  0.209999905899167       -9.75075810188210     
  0.219999905675650       -17.8294508964261     
  0.229999905452132       -92.2641018572201     
  0.239999905228615        30.0162140797386     
  0.249999905005097        13.0733772284188     
  0.259999904781580        8.41759500117361     
  0.269999904558063        6.23673964866173     
  0.279999904334545        4.96987569847979     
  0.289999904111028        4.14067016431639     
  0.299999903887510        3.55478084926956     
  0.309999903663993        3.11808411693898     
  0.319999903440475        2.77945100066245     
  0.329999903216958        2.50871380513204     
  0.339999902993441        2.28692275004853     
  0.349999902769923        2.10157510588701     
  0.359999902546406        1.94408826154083     
  0.369999902322888        1.80837491551418     
  0.379999902099371        1.68999758671553     
  0.389999901875854        1.58564507907226     
  0.399999901652336        1.49279640595141     
  0.409999901428819        1.40949827449461     
  0.419999901205301        1.33421374931975     
  0.429999900981784        1.26571687601718     
  0.439999900758266        1.20301776493487     
  0.449999900534749        1.14530833495618     
  0.459999900311232        1.09192236221611     
  0.469999900087714        1.04230561874685     
  0.479999899864197       0.995993248101270     
  0.489999899640679       0.952592411125579     
  0.499999899417162       0.911768823115110     
  0.509999899193645       0.873236200972877     
  0.519999898970127       0.836747912006241     
  0.529999898746610       0.802090306438329     
  0.539999898523092       0.769077350425358     
  0.549999898299575       0.737546272906927     
  0.559999898076057       0.707354009628368     
  0.569999897852540       0.678374279020518     
  0.579999897629023       0.650495162672453     
  0.589999897405505       0.623617091605693     
  0.599999897181988       0.597651161059771     
  0.609999896958470       0.572517712874946     
  0.619999896734953       0.548145137131096     
  0.629999896511436       0.524468854428690     
  0.639999896287918       0.501430447776692     
  0.649999896064401       0.478976918997610     
  0.659999895840883       0.457060049253803     
  0.669999895617366       0.435635847027599     
  0.679999895393848       0.414664069866369     
  0.689999895170331       0.394107808596454     
  0.699999894946814       0.373933124641976     
  0.709999894723296       0.354108732652518     
  0.719999894499779       0.334605721922138     
  0.729999894276261       0.315397311129435     
  0.739999894052744       0.296458631789767     
  0.749999893829226       0.277766536522454     
  0.759999893605709       0.259299428825858     
  0.769999893382192       0.241037111544610     
  0.779999893158674       0.222960651623764     
  0.789999892935157       0.205052259088803     
  0.799999892711639       0.187295178479978     
  0.809999892488122       0.169673591213866     
  0.819999892264605       0.152172527551811     
  0.829999892041087       0.134777787030648     
  0.839999891817570       0.117475866360558     
  0.849999891594052       0.100253893922624     
  0.859999891370535       8.309957010791119E-002
  0.869999891147017       6.600111283366020E-002
  0.879999890923500       4.894720765275662E-002
  0.889999890699983       3.192696194221784E-002
  0.899999890476465       1.492986271633609E-002
  0.909999890252948      -2.054262337862287E-003
  0.919999890029430      -1.903528096028004E-002
  0.929999889805913      -3.602278987084368E-002
  0.939999889582396      -5.302614606043634E-002
  0.949999889358878      -7.005449607456185E-002
  0.959999889135361      -8.711680351885054E-002
  0.969999888911843      -0.104221874993213     
  0.979999888688326      -0.121378384641863     
  0.989999888464808      -0.138594897489485     
  0.999999888241291      -0.155879891719033     
   1.00999988801777      -0.173241780033805     
   1.01999988779426      -0.190688930235367     
   1.02999988757074      -0.208229685139267     
   1.03999988734722      -0.225872381942306     
   1.04999988712370      -0.243625371148121     
   1.05999988690019      -0.261497035151930     
   1.06999988667667      -0.279495806580456     
   1.07999988645315      -0.297630186479005     
   1.08999988622963      -0.315908762434696     
   1.09999988600612      -0.334340226722349     
   1.10999988578260      -0.352933394558162     
   1.11999988555908      -0.371697222545364     
   1.12999988533556      -0.390640827395896     
   1.13999988511205      -0.409773505012733     
   1.14999988488853      -0.429104750018670     
   1.15999988466501      -0.448644275819205     
   1.16999988444149      -0.468402035289844     
   1.17999988421798      -0.488388242181265     
   1.18999988399446      -0.508613393339896     
   1.19999988377094      -0.529088291846156     
   1.20999988354743      -0.549824071178176     
   1.21999988332391      -0.570832220515272     
   1.22999988310039      -0.592124611302767     
   1.23999988287687      -0.613713525208143     
   1.24999988265336      -0.635611683607924     
   1.25999988242984      -0.657832278755387     
   1.26999988220632      -0.680389006791088     
   1.27999988198280      -0.703296102771681     
   1.28999988175929      -0.726568377907472     
   1.29999988153577      -0.750221259215961     
   1.30999988131225      -0.774270831817467     
   1.31999988108873      -0.798733884119890     
   1.32999988086522      -0.823627956163217     
   1.33999988064170      -0.848971391420690     
   1.34999988041818      -0.874783392383017     
   1.35999988019466      -0.901084080284983     
   1.36999987997115      -0.927894559370933     
   1.37999987974763      -0.955236986137064     
   1.38999987952411      -0.983134644035297     
   1.39999987930059       -1.01161202417599     
   1.40999987907708       -1.04069491262607     
   1.41999987885356       -1.07041048496601     
   1.42999987863004       -1.10078740884457     
   1.43999987840652       -1.13185595535590     
   1.44999987818301       -1.16364812016032     
   1.45999987795949       -1.19619775538033     
   1.46999987773597       -1.22954071342866     
   1.47999987751245       -1.26371500406761     
   1.48999987728894       -1.29876096616215     
   1.49999987706542       -1.33472145577544     
   1.50999987684190       -1.37164205246888     
   1.51999987661839       -1.40957128591453     
   1.52999987639487       -1.44856088520969     
   1.53999987617135       -1.48866605360943     
   1.54999987594783       -1.52994577176949     
   1.55999987572432       -1.57246313302840     
   1.56999987550080       -1.61628571476492     
   1.57999987527728       -1.66148599045769     
   1.58999987505376       -1.70814178776370     
   1.59999987483025       -1.75633679874031     
   1.60999987460673       -1.80616114928409     
   1.61999987438321       -1.85771203597723     
   1.62999987415969       -1.91109443985239     
   1.63999987393618       -1.96642192815082     
   1.64999987371266       -2.02381755700915     
   1.65999987348914       -2.08341489022847     
   1.66999987326562       -2.14535915193637     
   1.67999987304211       -2.20980853414473     
   1.68999987281859       -2.27693568405681     
   1.69999987259507       -2.34692940064091     
   1.70999987237155       -2.41999657566003     
   1.71999987214804       -2.49636442127488     
   1.72999987192452       -2.57628303483988     
   1.73999987170100       -2.66002836199346     
   1.74999987147748       -2.74790563213422     
   1.75999987125397       -2.84025335655430     
   1.76999987103045       -2.93744799976982     
   1.77999987080693       -3.03990946012312     
   1.78999987058342       -3.14810752809923     
   1.79999987035990       -3.26256953209595     
   1.80999987013638       -3.38388943443115     
   1.81999986991286       -3.51273870900322     
   1.82999986968935       -3.64987942149657     
   1.83999986946583       -3.79618005062714     
   1.84999986924231       -3.95263474483076     
   1.85999986901879       -4.12038691739385     
   1.86999986879528       -4.30075836486696     
   1.87999986857176       -4.49528547842448     
   1.88999986834824       -4.70576464921580     
   1.89999986812472       -4.93430971145302     
   1.90999986790121       -5.18342531869005     
   1.91999986767769       -5.45610165924287     
   1.92999986745417       -5.75593811967833     
   1.93999986723065       -6.08730677244021     
   1.94999986700714       -6.45557149853828     
   1.95999986678362       -6.86738616155846     
   1.96999986656010       -7.33110723345685     
   1.97999986633658       -7.85737562846713     
   1.98999986611307       -8.45995463682895     
   1.99999986588955       -9.15696588218068     
