  5.000000000000000E-005  0.251339956072627     
  2.000000000000000E-004  0.251339955901481     
  4.500000000000000E-004  0.251339953972125     
  8.000000000000000E-004  0.251339943287176     
  1.250000000000000E-003  0.251339903272788     
  1.800000000000000E-003  0.251339786436374     
  2.450000000000000E-003  0.251339499446916     
  3.200000000000000E-003  0.251338878857382     
  4.050000000000000E-003  0.251337662282507     
  5.000000000000000E-003  0.251335456348445     
  6.050000000000001E-003  0.251331703097979     
  7.200000000000001E-003  0.251325646739815     
  8.450000000000001E-003  0.251316302666875     
  9.800000000000000E-003  0.251302430548614     
  1.125000000000000E-002  0.251282513052491     
  1.280000000000000E-002  0.251254741405209     
  1.445000000000000E-002  0.251217008604209     
  1.620000000000000E-002  0.251166910672068     
  1.805000000000000E-002  0.251101755944117     
  2.000000000000000E-002  0.251018582018893     
  2.205000000000000E-002  0.250914179699969     
  2.420000000000000E-002  0.250785123026367     
  2.645000000000000E-002  0.250627804329974     
  2.880000000000000E-002  0.250438473169331     
  3.125000000000001E-002  0.250213277962852     
  3.380000000000000E-002  0.249948309171149     
  3.645000000000000E-002  0.249639642946960     
  3.920000000000000E-002  0.249283384270877     
  4.205000000000000E-002  0.248875708711435     
  4.500000000000000E-002  0.248412902079753     
  4.805000000000000E-002  0.247891397384208     
  5.120000000000000E-002  0.247307808623284     
  5.445000000000001E-002  0.246658961080366     
  5.780000000000000E-002  0.245941917899394     
  6.125000000000001E-002  0.245154002823187     
  6.480000000000000E-002  0.244292819065774     
  6.845000000000001E-002  0.243356264365989     
  7.220000000000000E-002  0.242342542332347     
  7.605000000000001E-002  0.241250170239501     
  8.000000000000000E-002  0.240077983475500     
  8.405000000000001E-002  0.238825136867782     
  8.820000000000000E-002  0.237491103135628     
  9.244999999999999E-002  0.236075668728935     
  9.680000000000001E-002  0.234578927318792     
  0.101250000000000       0.233001271205627     
  0.105800000000000       0.231343380906566     
  0.110450000000000       0.229606213176048     
  0.115200000000000       0.227790987703426     
  0.120050000000000       0.225899172718967     
  0.125000000000000       0.223932469725903     
  0.130050000000000       0.221892797561473     
  0.135200000000000       0.219782275974683     
  0.140450000000000       0.217603208893088     
  0.145800000000000       0.215358067535449     
  0.151250000000000       0.213049473512069     
  0.156800000000000       0.210680182039777     
  0.162450000000000       0.208253065384379     
  0.168200000000000       0.205771096629799     
  0.174050000000000       0.203237333860277     
  0.180000000000000       0.200654904829889     
  0.186050000000000       0.198026992182353     
  0.192200000000000       0.195356819273573     
  0.198450000000000       0.192647636639614     
  0.204800000000000       0.189902709143857     
  0.211250000000000       0.187125303828784     
  0.217800000000000       0.184318678490353     
  0.224450000000000       0.181486070986069     
  0.231200000000000       0.178630689281714     
  0.238050000000000       0.175755702236227     
  0.245000000000000       0.172864231119337     
  0.252050000000000       0.169959341852296     
  0.259200000000000       0.167044037958262     
  0.266450000000000       0.164121254205644     
  0.273800000000000       0.161193850924848     
  0.281250000000000       0.158264608976487     
  0.288800000000000       0.155336225347089     
  0.296450000000000       0.152411309346739     
  0.304200000000000       0.149492379381799     
  0.312050000000000       0.146581860274949     
  0.320000000000000       0.143682081104096     
  0.328050000000000       0.140795273531316     
  0.336200000000000       0.137923570592764     
  0.344450000000000       0.135069005920475     
  0.352800000000000       0.132233513367139     
  0.361250000000000       0.129418927005247     
  0.369800000000000       0.126626981472491     
  0.378450000000000       0.123859312635927     
  0.387200000000000       0.121117458548153     
  0.396050000000000       0.118402860669585     
  0.405000000000000       0.115716865331795     
  0.414050000000000       0.113060725417824     
  0.423200000000000       0.110435602236332     
  0.432450000000000       0.107842567567440     
  0.441800000000000       0.105282605859171     
  0.451250000000000       0.102756616554443     
  0.460800000000000       0.100265416529670     
  0.470450000000000       9.780974262715253E-002
  0.480200000000000       9.539025426449568E-002
  0.490050000000000       9.300753610540760E-002
  0.500000000000000       9.066210077723447E-002
  0.510050000000000       8.835439162160119E-002
  0.520200000000000       8.608478546550991E-002
  0.530450000000000       8.385359540119125E-002
  0.540800000000000       8.166107356396307E-002
  0.551250000000000       7.950741389827701E-002
  0.561800000000000       7.739275490303210E-002
  0.572450000000000       7.531718234810023E-002
  0.583200000000000       7.328073195480450E-002
  0.594050000000000       7.128339203384779E-002
  0.605000000000000       6.932510607488490E-002
  0.616050000000000       6.740577528259734E-002
  0.627200000000000       6.552526105475906E-002
  0.638450000000000       6.368338739841026E-002
  0.649800000000000       6.187994328083063E-002
  0.661250000000000       6.011468491257549E-002
  0.672800000000000       5.838733796034654E-002
  0.684450000000000       5.669759968793625E-002
  0.696200000000000       5.504514102389810E-002
  0.708050000000000       5.342960855497403E-002
  0.720000000000000       5.185062644465088E-002
  0.732050000000000       5.030779827655119E-002
  0.744200000000000       4.880070882267643E-002
  0.756450000000000       4.732892573682196E-002
  0.768800000000000       4.589200117375561E-002
  0.781250000000000       4.448947333499184E-002
  0.793800000000000       4.312086794220141E-002
  0.806450000000000       4.178569963945411E-002
  0.819200000000000       4.048347332563690E-002
  0.832050000000000       3.921368541851122E-002
  0.845000000000000       3.797582505198874E-002
  0.858050000000000       3.676937520831719E-002
  0.871200000000000       3.559381378697382E-002
  0.884450000000000       3.444861461215229E-002
  0.897800000000000       3.333324838079540E-002
  0.911250000000000       3.224718355316847E-002
  0.924800000000000       3.118988718798094E-002
  0.938450000000000       3.016082572406878E-002
  0.952200000000000       2.915946571064568E-002
  0.966050000000000       2.818527448813055E-002
  0.980000000000000       2.723772082156095E-002
  0.994050000000000       2.631627548860549E-002
   1.00820000000000       2.542041182418175E-002
   1.02245000000000       2.454960622366395E-002
   1.03680000000000       2.370333860663196E-002
   1.05125000000000       2.288109284305440E-002
   1.06580000000000       2.208235714374565E-002
   1.08045000000000       2.130662441687881E-002
   1.09520000000000       2.055339259228989E-002
   1.11005000000000       1.982216491526800E-002
   1.12500000000000       1.911245021149177E-002
   1.14005000000000       1.842376312473257E-002
   1.15520000000000       1.775562432889613E-002
   1.17045000000000       1.710756071591574E-002
   1.18580000000000       1.647910556094309E-002
   1.20125000000000       1.586979866621605E-002
   1.21680000000000       1.527918648491991E-002
   1.23245000000000       1.470682222630831E-002
   1.24820000000000       1.415226594330860E-002
   1.26405000000000       1.361508460379704E-002
   1.28000000000000       1.309485214669148E-002
   1.29605000000000       1.259114952396040E-002
   1.31220000000000       1.210356472959212E-002
   1.32845000000000       1.163169281650805E-002
   1.34480000000000       1.117513590234356E-002
   1.36125000000000       1.073350316496754E-002
   1.37780000000000       1.030641082856784E-002
   1.39445000000000       9.893482141093396E-003
   1.41120000000000       9.494347343813631E-003
   1.42805000000000       9.108643633718827E-003
   1.44500000000000       8.736015119445079E-003
   1.46205000000000       8.376112771361161E-003
   1.47920000000000       8.028594366403463E-003
   1.49645000000000       7.693124428197917E-003
   1.51380000000000       7.369374162966486E-003
   1.53125000000000       7.057021391684987E-003
   1.54880000000000       6.755750478932787E-003
   1.56645000000000       6.465252258855608E-003
   1.58420000000000       6.185223958637354E-003
   1.60205000000000       5.915369119849495E-003
   1.62000000000000       5.655397518013139E-003
   1.63805000000000       5.405025080674725E-003
   1.65620000000000       5.163973804263339E-003
   1.67445000000000       4.931971669973861E-003
   1.69280000000000       4.708752558901658E-003
   1.71125000000000       4.494056166641974E-003
   1.72980000000000       4.287627917559406E-003
   1.74845000000000       4.089218878917111E-003
   1.76720000000000       3.898585675040589E-003
   1.78605000000000       3.715490401668131E-003
   1.80500000000000       3.539700540618501E-003
   1.82405000000000       3.370988874884295E-003
   1.84320000000000       3.209133404247555E-003
   1.86245000000000       3.053917261501810E-003
   1.88180000000000       2.905128629363124E-003
   1.90125000000000       2.762560658145091E-003
   1.92080000000000       2.626011384267768E-003
   1.94045000000000       2.495283649657509E-003
   1.96020000000000       2.370185022080279E-003
   1.98005000000000       2.250527716435663E-003
   2.00000000000000       2.136128517024855E-003
   2.02005000000000       2.026808700799632E-003
   2.04020000000000       1.922393961594382E-003
   2.06045000000000       1.822714335344200E-003
   2.08080000000000       1.727604126291915E-003
   2.10125000000000       1.636901834185162E-003
   2.12180000000000       1.550450082459021E-003
   2.14245000000000       1.468095547391884E-003
   2.16320000000000       1.389688888214891E-003
   2.18405000000000       1.315084678150003E-003
   2.20500000000000       1.244141336350424E-003
   2.22605000000000       1.176721060720531E-003
   2.24720000000000       1.112689761596064E-003
   2.26845000000000       1.051916996270108E-003
   2.28980000000000       9.942759043516936E-004
   2.31125000000000       9.396431439424591E-004
   2.33280000000000       8.878988286118994E-004
   2.35445000000000       8.389264651501582E-004
   2.37620000000000       7.926128920723863E-004
   2.39805000000000       7.488482188510726E-004
   2.42000000000000       7.075257658555878E-004
   2.44205000000000       6.685420049820090E-004
   2.46420000000000       6.317965009590698E-004
   2.48645000000000       5.971918533169140E-004
   2.50880000000000       5.646336390043305E-004
   2.53125000000000       5.340303556361503E-004
   2.55380000000000       5.052933653489911E-004
   2.57645000000000       4.783368392443088E-004
   2.59920000000000       4.530777023970534E-004
   2.62205000000000       4.294355794117188E-004
   2.64500000000000       4.073327405121341E-004
   2.66805000000000       3.866940481523917E-004
   2.69120000000000       3.674469041378692E-004
   2.71445000000000       3.495211972453505E-004
   2.73780000000000       3.328492513265391E-004
   2.76125000000000       3.173657738811952E-004
   2.78480000000000       3.030078050830221E-004
   2.80845000000000       2.897146672463102E-004
   2.83220000000000       2.774279147207959E-004
   2.85605000000000       2.660912842088470E-004
   2.88000000000000       2.556506454989838E-004
   2.90405000000000       2.460539526121241E-004
   2.92820000000000       2.372511953562806E-004
   2.95245000000000       2.291943512836569E-004
   2.97680000000000       2.218373380467042E-004
   3.00125000000000       2.151359661480279E-004
   3.02580000000000       2.090478920823147E-004
   3.05045000000000       2.035325718722780E-004
   3.07520000000000       1.985512150024515E-004
   3.10005000000000       1.940667387568262E-004
   3.12500000000000       1.900437229681584E-004
   3.15005000000000       1.864483651869420E-004
   3.17520000000000       1.832484362759845E-004
   3.20045000000000       1.804132364403022E-004
   3.22580000000000       1.779135516999930E-004
   3.25125000000000       1.757216108164705E-004
   3.27680000000000       1.738110426848238E-004
   3.30245000000000       1.721568342046287E-004
   3.32820000000000       1.707352886441416E-004
   3.35405000000000       1.695239845096452E-004
   3.38000000000000       1.685017349341011E-004
   3.40605000000000       1.676485475949341E-004
   3.43220000000000       1.669455851731616E-004
   3.45845000000000       1.663751263631941E-004
   3.48480000000000       1.659205274451292E-004
   3.51125000000000       1.655661844296996E-004
   3.53780000000000       1.652974957870312E-004
   3.56445000000000       1.651008257697040E-004
   3.59120000000000       1.649634683389412E-004
   3.61805000000000       1.648736117027538E-004
   3.64500000000000       1.648203034737561E-004
   3.67205000000000       1.647934164538123E-004
   3.69920000000000       1.647836150518445E-004
   3.72645000000000       1.647823223435152E-004
   3.75380000000000       1.647816877766717E-004
   3.78125000000000       1.647745555301006E-004
   3.80880000000000       1.647544335300344E-004
   3.83645000000000       1.647154631272962E-004
   3.86420000000000       1.646523894391350E-004
   3.89205000000000       1.645605323573607E-004
   3.92000000000000       1.644357582249456E-004
   3.94805000000000       1.642744521828110E-004
   3.97620000000000       1.640734911877439E-004
   4.00445000000000       1.638302177036643E-004
   4.03280000000000       1.635424140645769E-004
   4.06125000000000       1.632082775105959E-004
   4.08980000000000       1.628263958954879E-004
   4.11845000000000       1.623957240651230E-004
   4.14720000000000       1.619155609059453E-004
   4.17605000000000       1.613855270643505E-004
   4.20500000000000       1.608055433353628E-004
   4.23405000000000       1.601758097211081E-004
   4.26320000000000       1.594967851578089E-004
   4.29245000000000       1.587691679091341E-004
   4.32180000000000       1.579938766237410E-004
   4.35125000000000       1.571720320531766E-004
   4.38080000000000       1.563049394275318E-004
   4.41045000000000       1.553940714840718E-004
   4.44020000000000       1.544410521464035E-004
   4.47005000000000       1.534476408490137E-004
   4.50000000000000       1.524157175024632E-004
   4.53005000000000       1.513472680921280E-004
   4.56020000000000       1.502443709033296E-004
   4.59045000000000       1.491091833636382E-004
   4.62080000000000       1.479439294925777E-004
   4.65125000000000       1.467508879495760E-004
   4.68180000000000       1.455323806696107E-004
   4.71245000000000       1.442907620774481E-004
   4.74320000000000       1.430284088692613E-004
   4.77405000000000       1.417477103508591E-004
   4.80500000000000       1.404510593197017E-004
   4.83605000000000       1.391408434780472E-004
   4.86720000000000       1.378194373626296E-004
   4.89845000000000       1.364891947771563E-004
   4.92980000000000       1.351524417147476E-004
   4.96125000000000       1.338114697565507E-004
   4.99280000000000       1.324685299345374E-004
   5.02445000000000       1.311258270447757E-004
   5.05620000000000       1.297855143992943E-004
   5.08805000000000       1.284496890010534E-004
   5.12000000000000       1.271203871290316E-004
   5.15205000000000       1.257995803175538E-004
   5.18420000000000       1.244891717174790E-004
   5.21645000000000       1.231909928246511E-004
   5.24880000000000       1.219068005636759E-004
   5.28125000000000       1.206382747155899E-004
   5.31380000000000       1.193870156773191E-004
   5.34645000000000       1.181545425404940E-004
   5.37920000000000       1.169422914778506E-004
   5.41205000000000       1.157516144241755E-004
   5.44500000000000       1.145837780397452E-004
   5.47805000000000       1.134399629437732E-004
   5.51120000000000       1.123212632073711E-004
   5.54445000000000       1.112286860957545E-004
   5.57780000000000       1.101631520495916E-004
   5.61125000000000       1.091254948956677E-004
   5.64480000000000       1.081164622760422E-004
   5.67845000000000       1.071367162857051E-004
   5.71220000000000       1.061868343064654E-004
   5.74605000000000       1.052673100264134E-004
   5.78000000000000       1.043785546344655E-004
   5.81405000000000       1.035208981790547E-004
   5.84820000000000       1.026945910822530E-004
   5.88245000000000       1.018998057983334E-004
   5.91680000000000       1.011366386083346E-004
   5.95125000000000       1.004051115392479E-004
   5.98580000000000       9.970517439705784E-005
   6.02045000000000       9.903670690397659E-005
   6.05520000000000       9.839952092743909E-005
   6.09005000000000       9.779336279253092E-005
   6.12500000000000       9.721791566796867E-005
   6.16005000000000       9.667280201730577E-005
   6.19520000000000       9.615758610742597E-005
   6.23045000000000       9.567177656616410E-005
   6.26580000000000       9.521482898133815E-005
   6.30125000000000       9.478614853308809E-005
   6.33680000000000       9.438509265130568E-005
   6.37245000000000       9.401097369204914E-005
   6.40820000000000       9.366306162511551E-005
   6.44405000000000       9.334058672688661E-005
   6.48000000000000       9.304274227384113E-005
   6.51605000000000       9.276868722996046E-005
   6.55220000000000       9.251754892358743E-005
   6.58845000000000       9.228842570752072E-005
   6.62480000000000       9.208038959734877E-005
   6.66125000000000       9.189248888169521E-005
   6.69780000000000       9.172375070126693E-005
   6.73445000000000       9.157318359048761E-005
   6.77120000000000       9.143977997982944E-005
   6.80805000000000       9.132251865479057E-005
   6.84500000000000       9.122036716874282E-005
   6.88205000000000       9.113228420765118E-005
   6.91920000000000       9.105722190277943E-005
   6.95645000000000       9.099412809049356E-005
   6.99380000000000       9.094194851516635E-005
   7.03125000000000       9.089962897551596E-005
   7.06880000000000       9.086611741049300E-005
   7.10645000000000       9.084036592571509E-005
   7.14420000000000       9.082133275750692E-005
   7.18205000000000       9.080798417426816E-005
   7.22000000000000       9.079929631305994E-005
   7.25805000000000       9.079425695102117E-005
   7.29620000000000       9.079186720883925E-005
   7.33445000000000       9.079114318549797E-005
   7.37280000000000       9.079111752385849E-005
   7.41125000000000       9.079084090463097E-005
   7.44980000000000       9.078938346929188E-005
   7.48845000000000       9.078583616989322E-005
   7.52720000000000       9.077931204526379E-005
   7.56605000000000       9.076894742349184E-005
   7.60500000000000       9.075390304885689E-005
   7.64405000000000       9.073336513315544E-005
   7.68320000000000       9.070654633269726E-005
   7.72245000000000       9.067268664841865E-005
   7.76180000000000       9.063105425222151E-005
   7.80125000000000       9.058094623820567E-005
   7.84080000000000       9.052168929934989E-005
   7.88045000000000       9.045264033080702E-005
   7.92020000000000       9.037318695964691E-005
   7.96005000000000       9.028274800249037E-005
   8.00000000000000       9.018077385164469E-005
   8.04005000000000       9.006674679218341E-005
   8.08020000000000       8.994018125130232E-005
   8.12045000000000       8.980062398095123E-005
   8.16080000000000       8.964765417690534E-005
   8.20125000000000       8.948088353438743E-005
   8.24180000000000       8.929995624373799E-005
   8.28245000000000       8.910454892602226E-005
   8.32320000000000       8.889437051301519E-005
   8.36405000000000       8.866916207356246E-005
   8.40500000000000       8.842869658842734E-005
   8.44605000000000       8.817277867823048E-005
   8.48720000000000       8.790124428564861E-005
   8.52845000000000       8.761396031559121E-005
   8.56980000000000       8.731082423524272E-005
   8.61125000000000       8.699176363563543E-005
   8.65280000000000       8.665673575863897E-005
   8.69445000000000       8.630572699031003E-005
   8.73620000000000       8.593875232487669E-005
   8.77805000000000       8.555585480118921E-005
   8.82000000000000       8.515710491407980E-005
   8.86205000000000       8.474260000251865E-005
   8.90420000000000       8.431246361562117E-005
   8.94645000000000       8.386684485744977E-005
   8.98880000000000       8.340591771033301E-005
   9.03125000000000       8.292988033847815E-005
   9.07380000000000       8.243895437115567E-005
   9.11645000000000       8.193338416756513E-005
   9.15920000000000       8.141343606327123E-005
   9.20205000000000       8.087939759915397E-005
   9.24500000000000       8.033157673231761E-005
   9.28805000000000       7.977030102962468E-005
   9.33120000000000       7.919591684329985E-005
   9.37445000000000       7.860878846838171E-005
   9.41780000000000       7.800929728346562E-005
   9.46125000000000       7.739784087551493E-005
   9.50480000000000       7.677483215162706E-005
   9.54845000000000       7.614069843847604E-005
   9.59220000000000       7.549588057326195E-005
   9.63605000000000       7.484083198661118E-005
   9.68000000000000       7.417601777881533E-005
   9.72405000000000       7.350191379296156E-005
   9.76820000000000       7.281900568339994E-005
   9.81245000000000       7.212778798471042E-005
   9.85680000000000       7.142876318222413E-005
   9.90125000000000       7.072244078681900E-005
   9.94580000000000       7.000933641732043E-005
   9.99045000000000       6.928997089244993E-005
   10.0352000000000       6.856486933387584E-005
   10.0800500000000       6.783456028192081E-005
   10.1250000000000       6.709957482509132E-005
   10.1700500000000       6.636044574470645E-005
   10.2152000000000       6.561770667729006E-005
   10.2604500000000       6.487189129600335E-005
   10.3058000000000       6.412353251428193E-005
   10.3512500000000       6.337316171328711E-005
   10.3968000000000       6.262130799511434E-005
   10.4424500000000       6.186849746214751E-005
   10.4882000000000       6.111525252305849E-005
   10.5340500000000       6.036209122473046E-005
   10.5800000000000       5.960952661060448E-005
   10.6260500000000       5.885806610506084E-005
   10.6722000000000       5.810821092372409E-005
   10.7184500000000       5.736045550952529E-005
   10.7648000000000       5.661528699490992E-005
   10.8112500000000       5.587318468730507E-005
   10.8578000000000       5.513461957734611E-005
   10.9044500000000       5.440005386780911E-005
   10.9512000000000       5.366994052002916E-005
   10.9980500000000       5.294472281791585E-005
   11.0450000000000       5.222483394756727E-005
   11.0920500000000       5.151069659253826E-005
   11.1392000000000       5.080272254542884E-005
   11.1864500000000       5.010131233496029E-005
   11.2338000000000       4.940685486981566E-005
   11.2812500000000       4.871972709741268E-005
   11.3288000000000       4.804029367877494E-005
   11.3764500000000       4.736890667833560E-005
   11.4242000000000       4.670590527017238E-005
   11.4720500000000       4.605161546017422E-005
   11.5200000000000       4.540634982691527E-005
   11.5680500000000       4.477040728184667E-005
   11.6162000000000       4.414407284963895E-005
   11.6644500000000       4.352761746972966E-005
   11.7128000000000       4.292129781868770E-005
   11.7612500000000       4.232535615350530E-005
   11.8098000000000       4.174002017548473E-005
   11.8584500000000       4.116550291488608E-005
   11.9072000000000       4.060200263766855E-005
   11.9560500000000       4.004970277315945E-005
   12.0050000000000       3.950877186609247E-005
   12.0540500000000       3.897936355096165E-005
   12.1032000000000       3.846161654974534E-005
   12.1524500000000       3.795565469189022E-005
   12.2018000000000       3.746158695627777E-005
   12.2512500000000       3.697950753400736E-005
   12.3008000000000       3.650949591177399E-005
   12.3504500000000       3.605161697556314E-005
   12.4002000000000       3.560592113505123E-005
   12.4500500000000       3.517244446843426E-005
   12.5000000000000       3.475120888707384E-005
   12.5500500000000       3.434222231973871E-005
   12.6002000000000       3.394547891416577E-005
   12.6504500000000       3.356095925616254E-005
   12.7008000000000       3.318863060358668E-005
   12.7512500000000       3.282844713575761E-005
   12.8018000000000       3.248035021724549E-005
   12.8524500000000       3.214426867542697E-005
   12.9032000000000       3.182011909230731E-005
   12.9540500000000       3.150780610905457E-005
   13.0050000000000       3.120722274330134E-005
   13.0560500000000       3.091825071621646E-005
   13.1072000000000       3.064076079045686E-005
   13.1584500000000       3.037461311544698E-005
   13.2098000000000       3.011965758115132E-005
   13.2612500000000       2.987573417878586E-005
   13.3128000000000       2.964267336763582E-005
   13.3644500000000       2.942029644864563E-005
   13.4162000000000       2.920841594272749E-005
   13.4680500000000       2.900683597278908E-005
   13.5200000000000       2.881535264859236E-005
   13.5720500000000       2.863375445300020E-005
   13.6242000000000       2.846182262794539E-005
   13.6764500000000       2.829933156062170E-005
   13.7288000000000       2.814604916806518E-005
   13.7812500000000       2.800173728090272E-005
   13.8338000000000       2.786615202549081E-005
   13.8864500000000       2.773904420455553E-005
   13.9392000000000       2.762015967550102E-005
   13.9920500000000       2.750923972644204E-005
   14.0450000000000       2.740602144951643E-005
   14.0980500000000       2.731023811186617E-005
   14.1512000000000       2.722161952489754E-005
   14.2044500000000       2.713989241159842E-005
   14.2578000000000       2.706478077313390E-005
   14.3112500000000       2.699600625483134E-005
   14.3648000000000       2.693328851149923E-005
   14.4184500000000       2.687634557174690E-005
   14.4722000000000       2.682489420097189E-005
   14.5260500000000       2.677865026251558E-005
   14.5800000000000       2.673732907593207E-005
   14.6340500000000       2.670064577248166E-005
   14.6882000000000       2.666831564651639E-005
   14.7424500000000       2.664005450242479E-005
   14.7968000000000       2.661557899663602E-005
   14.8512500000000       2.659460697268523E-005
   14.9058000000000       2.657685779006158E-005
   14.9604500000000       2.656205264417455E-005
   15.0152000000000       2.654991487843761E-005
   15.0700500000000       2.654017028702604E-005
   15.1250000000000       2.653254740836442E-005
   15.1800500000000       2.652677780945467E-005
   15.2352000000000       2.652259636098941E-005
   15.2904500000000       2.651974150291725E-005
   15.3458000000000       2.651795550062674E-005
   15.4012500000000       2.651698469163799E-005
   15.4568000000000       2.651657972330135E-005
   15.5124500000000       2.651649578067072E-005
   15.5682000000000       2.651649280571711E-005
   15.6240500000000       2.651633570671663E-005
   15.6800000000000       2.651579455936748E-005
   15.7360500000000       2.651464479824783E-005
   15.7922000000000       2.651266739917002E-005
   15.8484500000000       2.650964905226427E-005
   15.9048000000000       2.650538232545907E-005
   15.9612500000000       2.649966581830254E-005
   16.0178000000000       2.649230430656901E-005
   16.0744500000000       2.648310887726213E-005
   16.1312000000000       2.647189705423658E-005
   16.1880500000000       2.645849291432745E-005
   16.2450000000000       2.644272719426466E-005
   16.3020500000000       2.642443738848366E-005
   16.3592000000000       2.640346783699954E-005
   16.4164500000000       2.637966980478801E-005
   16.4738000000000       2.635290155245107E-005
   16.5312500000000       2.632302839844503E-005
   16.5888000000000       2.628992277270426E-005
   16.6464500000000       2.625346426277098E-005
   16.7042000000000       2.621353965159834E-005
   16.7620500000000       2.617004294680481E-005
   16.8200000000000       2.612287540210145E-005
   16.8780500000000       2.607194552950443E-005
   16.9362000000000       2.601716910360929E-005
   16.9944500000000       2.595846915698363E-005
   17.0528000000000       2.589577596728843E-005
   17.1112500000000       2.582902703546219E-005
   17.1698000000000       2.575816705541190E-005
   17.2284500000000       2.568314787404491E-005
   17.2872000000000       2.560392844247472E-005
   17.3460500000000       2.552047475684605E-005
   17.4050000000000       2.543275979038917E-005
   17.4640500000000       2.534076341575986E-005
   17.5232000000000       2.524447231910809E-005
   17.5824500000000       2.514387990593114E-005
   17.6418000000000       2.503898619959921E-005
   17.7012500000000       2.492979773210946E-005
   17.7608000000000       2.481632742840079E-005
   17.8204500000000       2.469859448422929E-005
   17.8802000000000       2.457662423749341E-005
   17.9400500000000       2.445044803439655E-005
   18.0000000000000       2.432010309066923E-005
   18.0600500000000       2.418563234862781E-005
   18.1202000000000       2.404708433123570E-005
   18.1804500000000       2.390451299216778E-005
   18.2408000000000       2.375797756304365E-005
   18.3012500000000       2.360754239710827E-005
   18.3618000000000       2.345327680947085E-005
   18.4224500000000       2.329525491301387E-005
   18.4832000000000       2.313355545163764E-005
   18.5440500000000       2.296826162945242E-005
   18.6050000000000       2.279946093758367E-005
   18.6660500000000       2.262724497814617E-005
   18.7272000000000       2.245170928594220E-005
   18.7884500000000       2.227295314721767E-005
   18.8498000000000       2.209107941580912E-005
   18.9112500000000       2.190619432679286E-005
   18.9728000000000       2.171840730630370E-005
   19.0344500000000       2.152783078035458E-005
   19.0962000000000       2.133457998104715E-005
   19.1580500000000       2.113877275211618E-005
   19.2200000000000       2.094052935336377E-005
   19.2820500000000       2.073997226492708E-005
   19.3442000000000       2.053722599132390E-005
   19.4064500000000       2.033241686461018E-005
   19.4688000000000       2.012567284770395E-005
   19.5312500000000       1.991712333770934E-005
   19.5938000000000       1.970689897007327E-005
   19.6564500000000       1.949513142468495E-005
   19.7192000000000       1.928195323452897E-005
   19.7820500000000       1.906749759766901E-005
   19.8450000000000       1.885189819367250E-005
   19.9080500000000       1.863528900392097E-005
   19.9712000000000       1.841780413625038E-005
   20.0344500000000       1.819957765508695E-005
   20.0978000000000       1.798074341635703E-005
   20.1612500000000       1.776143490789250E-005
   20.2248000000000       1.754178509727478E-005
   20.2884500000000       1.732192628517426E-005
   20.3522000000000       1.710198996657253E-005
   20.4160500000000       1.688210669748003E-005
   20.4800000000000       1.666240596770452E-005
   20.5440500000000       1.644301607739429E-005
   20.6082000000000       1.622406401802223E-005
   20.6724500000000       1.600567535559039E-005
   20.7368000000000       1.578797411666555E-005
   20.8012500000000       1.557108267619123E-005
   20.8658000000000       1.535512164746455E-005
   20.9304500000000       1.514020977322339E-005
   20.9952000000000       1.492646381728857E-005
   21.0600500000000       1.471399845753840E-005
   21.1250000000000       1.450292617843907E-005
   21.1900500000000       1.429335716335300E-005
   21.2552000000000       1.408539918873464E-005
   21.3204500000000       1.387915751893676E-005
   21.3858000000000       1.367473480395898E-005
   21.4512500000000       1.347223098119299E-005
   21.5168000000000       1.327174318099811E-005
   21.5824500000000       1.307336563699524E-005
   21.6482000000000       1.287718960224504E-005
   21.7140500000000       1.268330326936740E-005
   21.7800000000000       1.249179169704462E-005
   21.8460500000000       1.230273674174276E-005
   21.9122000000000       1.211621699553911E-005
   21.9784500000000       1.193230773044451E-005
   22.0448000000000       1.175108084905396E-005
   22.1112500000000       1.157260484102585E-005
   22.1778000000000       1.139694474566744E-005
   22.2444500000000       1.122416211873922E-005
   22.3112000000000       1.105431500336707E-005
   22.3780500000000       1.088745790495116E-005
   22.4450000000000       1.072364176868401E-005
   22.5120500000000       1.056291396112075E-005
   22.5792000000000       1.040531825530211E-005
   22.6464500000000       1.025089481881958E-005
   22.7138000000000       1.009968020637686E-005
   22.7812500000000       9.951707355793094E-006
   22.8488000000000       9.807005586837114E-006
   22.9164500000000       9.665600604391589E-006
   22.9842000000000       9.527514504892309E-006
   23.0520500000000       9.392765787097357E-006
   23.1200000000000       9.261369367741246E-006
   23.1880500000000       9.133336602795694E-006
   23.2562000000000       9.008675313837422E-006
   23.3244500000000       8.887389821243818E-006
   23.3928000000000       8.769480981940525E-006
   23.4612500000000       8.654946233310756E-006
   23.5298000000000       8.543779641989602E-006
   23.5984500000000       8.435971957154731E-006
   23.6672000000000       8.331510669368214E-006
   23.7360500000000       8.230380073304122E-006
   23.8050000000000       8.132561336193778E-006
   23.8740500000000       8.038032570212295E-006
   23.9432000000000       7.946768908473345E-006
   24.0124500000000       7.858742585353795E-006
   24.0818000000000       7.773923018039586E-006
   24.1512500000000       7.692276890958194E-006
   24.2208000000000       7.613768241210295E-006
   24.2904500000000       7.538358544612045E-006
   24.3602000000000       7.466006803291680E-006
   24.4300500000000       7.396669633119579E-006
   24.5000000000000       7.330301351970991E-006
   24.5700500000000       7.266854067211614E-006
   24.6402000000000       7.206277763460722E-006
   24.7104500000000       7.148520389133051E-006
   24.7808000000000       7.093527941981481E-006
   24.8512500000000       7.041244554750747E-006
   24.9218000000000       6.991612579776429E-006
   24.9924500000000       6.944572674028038E-006
   25.0632000000000       6.900063885428853E-006
   25.1340500000000       6.858023738953722E-006
   25.2050000000000       6.818388325224856E-006
   25.2760500000000       6.781092389496202E-006
   25.3472000000000       6.746069422691736E-006
   25.4184500000000       6.713251753387439E-006
   25.4898000000000       6.682570641403096E-006
   25.5612500000000       6.653956373281478E-006
   25.6328000000000       6.627338359099788E-006
   25.7044500000000       6.602645230668891E-006
   25.7762000000000       6.579804941009293E-006
   25.8480500000000       6.558744864326727E-006
   25.9200000000000       6.539391895543645E-006
   25.9920500000000       6.521672550163782E-006
   26.0642000000000       6.505513061694224E-006
   26.1364500000000       6.490839478512367E-006
   26.2088000000000       6.477577757790787E-006
   26.2812500000000       6.465653857701259E-006
   26.3538000000000       6.454993826898736E-006
   26.4264500000000       6.445523890563631E-006
   26.4992000000000       6.437170533835079E-006
   26.5720500000000       6.429860581358415E-006
   26.6450000000000       6.423521273835053E-006
   26.7180500000000       6.418080340742094E-006
   26.7912000000000       6.413466070276375E-006
   26.8644500000000       6.409607376023363E-006
   26.9378000000000       6.406433861350092E-006
   27.0112500000000       6.403875881355603E-006
   27.0848000000000       6.401864602323393E-006
   27.1584500000000       6.400332059841585E-006
   27.2322000000000       6.399211214536127E-006
   27.3060500000000       6.398436006360697E-006
   27.3800000000000       6.397941407387808E-006
   27.4540500000000       6.397663472934578E-006
   27.5282000000000       6.397539391578277E-006
   27.6024500000000       6.397507533673075E-006
   27.6768000000000       6.397507498367982E-006
   27.7512500000000       6.397480159237023E-006
   27.8258000000000       6.397367708133039E-006
   27.9004500000000       6.397113697653722E-006
   27.9752000000000       6.396663081442711E-006
   28.0500500000000       6.395962253269438E-006
   28.1250000000000       6.394959083888541E-006
   28.2000500000000       6.393602956678013E-006
   28.2752000000000       6.391844801056923E-006
   28.3504500000000       6.389637124570857E-006
   28.4258000000000       6.386934043256520E-006
   28.5012500000000       6.383691309841399E-006
   28.5768000000000       6.379866340999740E-006
   28.6524500000000       6.375418242610120E-006
   28.7282000000000       6.370307834124844E-006
   28.8040500000000       6.364497670496849E-006
   28.8800000000000       6.357952064273142E-006
   28.9560500000000       6.350637104191037E-006
   29.0322000000000       6.342520673718877E-006
   29.1084500000000       6.333572467098758E-006
   29.1848000000000       6.323764003557386E-006
   29.2612500000000       6.313068640018127E-006
   29.3378000000000       6.301461581870171E-006
   29.4144500000000       6.288919891683786E-006
   29.4912000000000       6.275422496204719E-006
   29.5680500000000       6.260950190184467E-006
   29.6450000000000       6.245485638656234E-006
   29.7220500000000       6.229013375103065E-006
   29.7992000000000       6.211519797461040E-006
   29.8764500000000       6.192993160236693E-006
   29.9538000000000       6.173423563238245E-006
   30.0312500000000       6.152802937253732E-006
   30.1088000000000       6.131125025621298E-006
   30.1864500000000       6.108385362690871E-006
   30.2642000000000       6.084581248733123E-006
   30.3420500000000       6.059711720518557E-006
   30.4200000000000       6.033777519232064E-006
   30.4980500000000       6.006781054668231E-006
   30.5762000000000       5.978726367150689E-006
   30.6544500000000       5.949619086731417E-006
   30.7328000000000       5.919466391668404E-006
   30.8112500000000       5.888276964627348E-006
   30.8898000000000       5.856060948883357E-006
   30.9684500000000       5.822829903745497E-006
   31.0472000000000       5.788596759426223E-006
   31.1260500000000       5.753375771522240E-006
   31.2050000000000       5.717182475994953E-006
   31.2840500000000       5.680033643928883E-006
   31.3632000000000       5.641947237011724E-006
   31.4424500000000       5.602942363458485E-006
   31.5218000000000       5.563039234435241E-006
   31.6012500000000       5.522259120760431E-006
   31.6808000000000       5.480624309994742E-006
   31.7604500000000       5.438158063142406E-006
   31.8402000000000       5.394884571019443E-006
   31.9200500000000       5.350828910788419E-006
   32.0000000000000       5.306017001771579E-006
   32.0800500000000       5.260475561930100E-006
   32.1602000000000       5.214232063732727E-006
   32.2404500000000       5.167314690912583E-006
   32.3208000000000       5.119752294557856E-006
   32.4012500000000       5.071574349868602E-006
   32.4818000000000       5.022810912136411E-006
   32.5624500000000       4.973492573168148E-006
   32.6432000000000       4.923650416821523E-006
   32.7240500000000       4.873315975539860E-006
   32.8050000000000       4.822521186886863E-006
   32.8860500000000       4.771298349914854E-006
   32.9672000000000       4.719680082143629E-006
   33.0484500000000       4.667699276428294E-006
   33.1298000000000       4.615389057383013E-006
   33.2112500000000       4.562782736861060E-006
   33.2928000000000       4.509913769212837E-006
   33.3744500000000       4.456815705322636E-006
   33.4562000000000       4.403522146367855E-006
   33.5380500000000       4.350066697300647E-006
   33.6200000000000       4.296482920052025E-006
   33.7020500000000       4.242804286735957E-006
   33.7842000000000       4.189064132853471E-006
   33.8664500000000       4.135295610663281E-006
   33.9488000000000       4.081531642219360E-006
   34.0312500000000       4.027804874406904E-006
   34.1138000000000       3.974147633645231E-006
   34.1964500000000       3.920591882811131E-006
   34.2792000000000       3.867169180438168E-006
   34.3620500000000       3.813910641803364E-006
   34.4450000000000       3.760846903455572E-006
   34.5280500000000       3.708008089076120E-006
   34.6112000000000       3.655423779058697E-006
   34.6944500000000       3.603122981699070E-006
   34.7778000000000       3.551134106993814E-006
   34.8612500000000       3.499484942992570E-006
   34.9448000000000       3.448202634537267E-006
   35.0284500000000       3.397313664665891E-006
   35.1122000000000       3.346843837959135E-006
   35.1960500000000       3.296818266440571E-006
   35.2800000000000       3.247261356531528E-006
   35.3640500000000       3.198196797282726E-006
   35.4482000000000       3.149647549716139E-006
   35.5324500000000       3.101635836166849E-006
   35.6168000000000       3.054183130624111E-006
   35.7012500000000       3.007310148961384E-006
   35.7858000000000       2.961036839832509E-006
   35.8704500000000       2.915382375789921E-006
   35.9552000000000       2.870365143570197E-006
   36.0400500000000       2.826002734879207E-006
   36.1250000000000       2.782311935622950E-006
   36.2100500000000       2.739308715193900E-006
   36.2952000000000       2.697008214702645E-006
   36.3804500000000       2.655424734931966E-006
   36.4658000000000       2.614571724290915E-006
   36.5512500000000       2.574461767712588E-006
   36.6368000000000       2.535106575884960E-006
   36.7224500000000       2.496516976091545E-006
   36.8082000000000       2.458702903940235E-006
   36.8940500000000       2.421673397368096E-006
   36.9800000000000       2.385436592422518E-006
   37.0660500000000       2.349999721484863E-006
   37.1522000000000       2.315369114713750E-006
   37.2384500000000       2.281550204485949E-006
   37.3248000000000       2.248547533056922E-006
   37.4112500000000       2.216364764051626E-006
   37.4978000000000       2.185004696453330E-006
   37.5844500000000       2.154469281201443E-006
   37.6712000000000       2.124759639565710E-006
   37.7580500000000       2.095876083241244E-006
   37.8450000000000       2.067818134776633E-006
   37.9320500000000       2.040584548834712E-006
   38.0192000000000       2.014173333286795E-006
   38.1064500000000       1.988581769529763E-006
   38.1938000000000       1.963806431914961E-006
   38.2812500000000       1.939843205789327E-006
   38.3688000000000       1.916687302816467E-006
   38.4564500000000       1.894333275076487E-006
   38.5442000000000       1.872775025835161E-006
   38.6320500000000       1.852005818481217E-006
   38.7200000000000       1.832018283354220E-006
   38.8080500000000       1.812804423739767E-006
   38.8962000000000       1.794355619533228E-006
   38.9844500000000       1.776662631514103E-006
   39.0728000000000       1.759715604510159E-006
   39.1612500000000       1.743504070561563E-006
   39.2498000000000       1.728016953417288E-006
   39.3384500000000       1.713242573309071E-006
   39.4272000000000       1.699168653945815E-006
   39.5160500000000       1.685782330895780E-006
   39.6050000000000       1.673070163354939E-006
   39.6940500000000       1.661018148024773E-006
   39.7832000000000       1.649611736653789E-006
   39.8724500000000       1.638835855743981E-006
   39.9618000000000       1.628674929921026E-006
   40.0512500000000       1.619112907469411E-006
   40.1408000000000       1.610133288587612E-006
   40.2304500000000       1.601719156196779E-006
   40.3202000000000       1.593853208525786E-006
   40.4100500000000       1.586517794083253E-006
   40.5000000000000       1.579694947517751E-006
   40.5900500000000       1.573366427198852E-006
   40.6802000000000       1.567513752576133E-006
   40.7704500000000       1.562118241926758E-006
   40.8608000000000       1.557161049769995E-006
   40.9512500000000       1.552623203282533E-006
   41.0418000000000       1.548485637714592E-006
   41.1324500000000       1.544729230418262E-006
   41.2232000000000       1.541334833321528E-006
   41.3140500000000       1.538283303847976E-006
   41.4050000000000       1.535555533893618E-006
   41.4960500000000       1.533132476638777E-006
   41.5872000000000       1.530995171639127E-006
   41.6784500000000       1.529124767696288E-006
   41.7698000000000       1.527502543952064E-006
   41.8612500000000       1.526109929594899E-006
   41.9528000000000       1.524928522012026E-006
   42.0444500000000       1.523940103609345E-006
   42.1362000000000       1.523126657743124E-006
   42.2280500000000       1.522470384374142E-006
   42.3200000000000       1.521953714334057E-006
   42.4120500000000       1.521559323647281E-006
   42.5042000000000       1.521270147242237E-006
   42.5964500000000       1.521069392440566E-006
   42.6888000000000       1.520940552501848E-006
   42.7812500000000       1.520867419613214E-006
   42.8738000000000       1.520834097934465E-006
   42.9664500000000       1.520825016310123E-006
   43.0592000000000       1.520824940315357E-006
   43.1520500000000       1.520818984246386E-006
   43.2450000000000       1.520792622167200E-006
   43.3380500000000       1.520731698290145E-006
   43.4312000000000       1.520622436801400E-006
   43.5244500000000       1.520451450631732E-006
   43.6178000000000       1.520205749672154E-006
   43.7112500000000       1.519872748378948E-006
   43.8048000000000       1.519440271657846E-006
   43.8984500000000       1.518896561303329E-006
   43.9922000000000       1.518230281050137E-006
   44.0860500000000       1.517430520958651E-006
   44.1800000000000       1.516486801800276E-006
   44.2740500000000       1.515389078943219E-006
   44.3682000000000       1.514127745960714E-006
   44.4624500000000       1.512693638072715E-006
   44.5568000000000       1.511078035365543E-006
   44.6512500000000       1.509272665844996E-006
   44.7458000000000       1.507269707989867E-006
   44.8404500000000       1.505061793416473E-006
   44.9352000000000       1.502642008932575E-006
   45.0300500000000       1.500003898646796E-006
   45.1250000000000       1.497141465411911E-006
   45.2200500000000       1.494049172212630E-006
   45.3152000000000       1.490721942276618E-006
   45.4104500000000       1.487155159685116E-006
   45.5058000000000       1.483344668262720E-006
   45.6012500000000       1.479286770689203E-006
   45.6968000000000       1.474978226556622E-006
   45.7924500000000       1.470416249982343E-006
   45.8882000000000       1.465598507499610E-006
   45.9840500000000       1.460523114504841E-006
   46.0800000000000       1.455188632537574E-006
   46.1760500000000       1.449594065450199E-006
   46.2722000000000       1.443738855910759E-006
   46.3684500000000       1.437622881128586E-006
   46.4648000000000       1.431246448746482E-006
   46.5612500000000       1.424610292066752E-006
   46.6578000000000       1.417715565499300E-006
   46.7544500000000       1.410563839343570E-006
   46.8512000000000       1.403157094126417E-006
   46.9480500000000       1.395497714828942E-006
   47.0450000000000       1.387588483614532E-006
   47.1420500000000       1.379432572667927E-006
   47.2392000000000       1.371033535590982E-006
   47.3364500000000       1.362395297799246E-006
   47.4338000000000       1.353522146585462E-006
   47.5312500000000       1.344418719739782E-006
   47.6288000000000       1.335089993892424E-006
   47.7264500000000       1.325541271690600E-006
   47.8242000000000       1.315778168475834E-006
   47.9220500000000       1.305806598128623E-006
   48.0200000000000       1.295632758413490E-006
   48.1180500000000       1.285263115990976E-006
   48.2162000000000       1.274704390763493E-006
   48.3144500000000       1.263963540498736E-006
   48.4128000000000       1.253047745231051E-006
   48.5112500000000       1.241964391773820E-006
   48.6098000000000       1.230721058176343E-006
   48.7084500000000       1.219325497958668E-006
   48.8072000000000       1.207785624679492E-006
   48.9060500000000       1.196109495782416E-006
   49.0050000000000       1.184305297052823E-006
   49.1040500000000       1.172381326186578E-006
   49.2032000000000       1.160345976802812E-006
   49.3024500000000       1.148207722623251E-006
   49.4018000000000       1.135975100818865E-006
   49.5012500000000       1.123656695745101E-006
   49.6008000000000       1.111261122621610E-006
   49.7004500000000       1.098797010601338E-006
   49.8002000000000       1.086272986450254E-006
   49.9000500000000       1.073697658282580E-006
   50.0000000000000       1.061079599740111E-006
   50.1000500000000       1.048427335614832E-006
   50.2002000000000       1.035749327915614E-006
   50.3004500000000       1.023053963766785E-006
   50.4008000000000       1.010349543806299E-006
   50.5012500000000       9.976442725267987E-007
   50.6018000000000       9.849462491162697E-007
   50.7024500000000       9.722634601860847E-007
   50.8032000000000       9.596037731096629E-007
   50.9040500000000       9.469749315815790E-007
   51.0050000000000       9.343845518428040E-007
   51.1060500000000       9.218401205712823E-007
   51.2072000000000       9.093489939937527E-007
   51.3084500000000       8.969183972196149E-007
   51.4098000000000       8.845554246850185E-007
   51.5112500000000       8.722670398197963E-007
   51.6128000000000       8.600600759356425E-007
   51.7144500000000       8.479412350048676E-007
   51.8162000000000       8.359170874383537E-007
   51.9180500000000       8.239940708643090E-007
   52.0200000000000       8.121784877967997E-007
   52.1220500000000       8.004765030267258E-007
   52.2242000000000       7.888941395695070E-007
   52.3264500000000       7.774372727253898E-007
   52.4288000000000       7.661116233625975E-007
   52.5312500000000       7.549227490355470E-007
   52.6338000000000       7.438760341038630E-007
   52.7364500000000       7.329766788521930E-007
   52.8392000000000       7.222296878328649E-007
   52.9420500000000       7.116398579865013E-007
   53.0450000000000       7.012117671512108E-007
   53.1480500000000       6.909497627383132E-007
   53.2512000000000       6.808579512407320E-007
   53.3544500000000       6.709401887405875E-007
   53.4578000000000       6.612000726380352E-007
   53.5612500000000       6.516409346568608E-007
   53.6648000000000       6.422658362370548E-007
   53.7684500000000       6.330775653151655E-007
   53.8722000000000       6.240786358802097E-007
   53.9760500000000       6.152712890838963E-007
   54.0800000000000       6.066574972374283E-007
   54.1840500000000       5.982389684744405E-007
   54.2882000000000       5.900171542450039E-007
   54.3924500000000       5.819932571426989E-007
   54.4968000000000       5.741682401194659E-007
   54.6012500000000       5.665428362555680E-007
   54.7058000000000       5.591175591401765E-007
   54.8104500000000       5.518927126968443E-007
   54.9152000000000       5.448684016196026E-007
   55.0200500000000       5.380445404767897E-007
   55.1250000000000       5.314208628148798E-007
   55.2300500000000       5.249969290965772E-007
   55.3352000000000       5.187721337507334E-007
   55.4404500000000       5.127457111120393E-007
   55.5458000000000       5.069167403615182E-007
   55.6512500000000       5.012841498563958E-007
   55.7568000000000       4.958467194615679E-007
   55.8624500000000       4.906030827700469E-007
   55.9682000000000       4.855517278801180E-007
   56.0740500000000       4.806909974508500E-007
   56.1800000000000       4.760190877584058E-007
   56.2860500000000       4.715340478078645E-007
   56.3922000000000       4.672337779454416E-007
   56.4984500000000       4.631160281376445E-007
   56.6048000000000       4.591783968610486E-007
   56.7112500000000       4.554183294924741E-007
   56.8178000000000       4.518331174763190E-007
   56.9244500000000       4.484198974363807E-007
   57.0312000000000       4.451756508427884E-007
   57.1380500000000       4.420972043450710E-007
   57.2450000000000       4.391812306603349E-007
   57.3520500000000       4.364242506271765E-007
   57.4592000000000       4.338226365363518E-007
   57.5664500000000       4.313726161275788E-007
   57.6738000000000       4.290702783071865E-007
   57.7812500000000       4.269115795874079E-007
   57.8888000000000       4.248923515803860E-007
   57.9964500000000       4.230083093803572E-007
   58.1042000000000       4.212550604454357E-007
   58.2120500000000       4.196281145341096E-007
   58.3200000000000       4.181228939748038E-007
   58.4280500000000       4.167347447125991E-007
   58.5362000000000       4.154589476335069E-007
   58.6444500000000       4.142907304993670E-007
   58.7528000000000       4.132252789390556E-007
   58.8612500000000       4.122577487719603E-007
   58.9698000000000       4.113832761110103E-007
   59.0784500000000       4.105969884093952E-007
   59.1872000000000       4.098940132868378E-007
   59.2960500000000       4.092694876889347E-007
   59.4050000000000       4.087185654921832E-007
   59.5140500000000       4.082364244428760E-007
   59.6232000000000       4.078182719302603E-007
   59.7324500000000       4.074593505376534E-007
   59.8418000000000       4.071549420947562E-007
   59.9512500000000       4.069003712303676E-007
   60.0608000000000       4.066910090916309E-007
   60.1704500000000       4.065222748983466E-007
   60.2802000000000       4.063896389405741E-007
   60.3900500000000       4.062886243549890E-007
   60.5000000000000       4.062148096783957E-007
   60.6100500000000       4.061638309016402E-007
   60.7202000000000       4.061313847447678E-007
   60.8304500000000       4.061132318766703E-007
   60.9408000000000       4.061052016335331E-007
   61.0512500000000       4.061031959046169E-007
   61.1618000000000       4.061031958491057E-007
   61.2724500000000       4.061012675027342E-007
   61.3832000000000       4.060935688277034E-007
   61.4940500000000       4.060763573177084E-007
   61.6050000000000       4.060459972143882E-007
   61.7160500000000       4.059989676674647E-007
   61.8272000000000       4.059318698401704E-007
   61.9384500000000       4.058414346808092E-007
   62.0498000000000       4.057245293620504E-007
   62.1612500000000       4.055781634981770E-007
   62.2728000000000       4.053994939190453E-007
   62.3844500000000       4.051858287779098E-007
   62.4962000000000       4.049346300494250E-007
   62.6080500000000       4.046435148064020E-007
   62.7200000000000       4.043102553308309E-007
   62.8320500000000       4.039327779481461E-007
   62.9442000000000       4.035091607512697E-007
   63.0564500000000       4.030376307140315E-007
   63.1688000000000       4.025165594168101E-007
   63.2812500000000       4.019444584946186E-007
   63.3938000000000       4.013199741970119E-007
   63.5064500000000       4.006418812818602E-007
   63.6192000000000       3.999090763540103E-007
   63.7320500000000       3.991205713704815E-007
   63.8450000000000       3.982754862574822E-007
   63.9580500000000       3.973730420825383E-007
   64.0712000000000       3.964125538935548E-007
   64.1844500000000       3.953934245015667E-007
   64.2978000000000       3.943151377638898E-007
   64.4112500000000       3.931772530330058E-007
   64.5248000000000       3.919793996609577E-007
   64.6384500000000       3.907212718368136E-007
   64.7522000000000       3.894026240902626E-007
   64.8660500000000       3.880232675723683E-007
   64.9800000000000       3.865830661697878E-007
   65.0940500000000       3.850819339512590E-007
   65.2082000000000       3.835198334467549E-007
   65.3224500000000       3.818967739821488E-007
   65.4368000000000       3.802128114016590E-007
   65.5512500000000       3.784680484564262E-007
   65.6658000000000       3.766626358592262E-007
   65.7804500000000       3.747967742828706E-007
   65.8952000000000       3.728707162475864E-007
   66.0100500000000       3.708847695071960E-007
   66.1250000000000       3.688392996026302E-007
   66.2400500000000       3.667347330260640E-007
   66.3552000000000       3.645715604960742E-007
   66.4704500000000       3.623503399552419E-007
   66.5858000000000       3.600716999008213E-007
   66.7012500000000       3.577363423823421E-007
   66.8168000000000       3.553450462212560E-007
   66.9324500000000       3.528986700085390E-007
   67.0482000000000       3.503981555463831E-007
   67.1640500000000       3.478445298465971E-007
   67.2800000000000       3.452389074065643E-007
   67.3960500000000       3.425824916525322E-007
   67.5122000000000       3.398765749951238E-007
   67.6284500000000       3.371225386072929E-007
   67.7448000000000       3.343218513141011E-007
   67.8612500000000       3.314760678718720E-007
   67.9778000000000       3.285868268032566E-007
   68.0944500000000       3.256558481767868E-007
   68.2112000000000       3.226849310533630E-007
   68.3280500000000       3.196759508772296E-007
   68.4450000000000       3.166308559232611E-007
   68.5620500000000       3.135516639662939E-007
   68.6792000000000       3.104404579512554E-007
   68.7964500000000       3.072993811636948E-007
   68.9138000000000       3.041306321782677E-007
   69.0312500000000       3.009364594186437E-007
   69.1488000000000       2.977191557174130E-007
   69.2664500000000       2.944810528204833E-007
   69.3842000000000       2.912245170016980E-007
   69.5020500000000       2.879519439558109E-007
   69.6200000000000       2.846657555788390E-007
   69.7380500000000       2.813683958602375E-007
   69.8562000000000       2.780623281628536E-007
   69.9744500000000       2.747500320587903E-007
   70.0928000000000       2.714340010534499E-007
   70.2112500000000       2.681167389773087E-007
   70.3298000000000       2.648007569883148E-007
   70.4484500000000       2.614885703522418E-007
   70.5672000000000       2.581826942793519E-007
   70.6860500000000       2.548856404271937E-007
   70.8050000000000       2.515999124041990E-007
   70.9240500000000       2.483280017728795E-007
   71.0432000000000       2.450723833868906E-007
   71.1624500000000       2.418355111721837E-007
   71.2818000000000       2.386198126314021E-007
   71.4012500000000       2.354276834592994E-007
   71.5208000000000       2.322614809924239E-007
   71.6404500000000       2.291235169926686E-007
   71.7602000000000       2.260160500977548E-007
   71.8800500000000       2.229412775500705E-007
   72.0000000000000       2.199013276471540E-007
   72.1200500000000       2.168982521366658E-007
   72.2402000000000       2.139340197770956E-007
   72.3604500000000       2.110105107311355E-007
   72.4808000000000       2.081295121802995E-007
   72.6012500000000       2.052927147166983E-007
   72.7218000000000       2.025017094009485E-007
   72.8424500000000       1.997579859303045E-007
   72.9632000000000       1.970629304182125E-007
   73.0840500000000       1.944178248947104E-007
   73.2050000000000       1.918238455855814E-007
   73.3260500000000       1.892820632454217E-007
   73.4472000000000       1.867934428800844E-007
   73.5684500000000       1.843588446903688E-007
   73.6898000000000       1.819790255153109E-007
   73.8112500000000       1.796546406640509E-007
   73.9328000000000       1.773862466358800E-007
   74.0544500000000       1.751743035072195E-007
   74.1762000000000       1.730191782622903E-007
   74.2980500000000       1.709211472356031E-007
   74.4200000000000       1.688803992760946E-007
   74.5420500000000       1.668970379120616E-007
   74.6642000000000       1.649710835716078E-007
   74.7864500000000       1.631024758586008E-007
   74.9088000000000       1.612910751624952E-007
   75.0312500000000       1.595366656559349E-007
   75.1538000000000       1.578389572376437E-007
   75.2764500000000       1.561975891961609E-007
   75.3992000000000       1.546121335405104E-007
   75.5220500000000       1.530820989970039E-007
   75.6450000000000       1.516069350060434E-007
   75.7680500000000       1.501860358299467E-007
   75.8912000000000       1.488187438836164E-007
   76.0144500000000       1.475043535092979E-007
   76.1378000000000       1.462421136411152E-007
   76.2612500000000       1.450312306361390E-007
   76.3848000000000       1.438708711054559E-007
   76.5084500000000       1.427601645787036E-007
   76.6322000000000       1.416982063906502E-007
   76.7560500000000       1.406840614004423E-007
   76.8800000000000       1.397167668781840E-007
   77.0040500000000       1.387953364462291E-007
   77.1282000000000       1.379187630767831E-007
   77.2524500000000       1.370860224780834E-007
   77.3768000000000       1.362960754258680E-007
   77.5012500000000       1.355478697617762E-007
   77.6258000000000       1.348403422807287E-007
   77.7504500000000       1.341724194525717E-007
   77.8752000000000       1.335430184212782E-007
   78.0000500000000       1.329510472825035E-007
   78.1250000000000       1.323954056942078E-007
   78.2500500000000       1.318749852652346E-007
   78.3752000000000       1.313886701104217E-007
   78.5004500000000       1.309353375167355E-007
   78.6258000000000       1.305138589424715E-007
   78.7512500000000       1.301231004058323E-007
   78.8768000000000       1.297619237061731E-007
   79.0024500000000       1.294291866460462E-007
   79.1282000000000       1.291237438083570E-007
   79.2540500000000       1.288444466118754E-007
   79.3800000000000       1.285901439218584E-007
   79.5060500000000       1.283596822720945E-007
   79.6322000000000       1.281519061424596E-007
   79.7584500000000       1.279656585140287E-007
   79.8848000000000       1.277997811466314E-007
   80.0112500000000       1.276531153560079E-007
   80.1378000000000       1.275245019582982E-007
   80.2644500000000       1.274127812700421E-007
   80.3912000000000       1.273167926640895E-007
   80.5180500000000       1.272353735148890E-007
   80.6450000000000       1.271673576996868E-007
   80.7720500000000       1.271115741552364E-007
   80.8992000000000       1.270668444908196E-007
   81.0264500000000       1.270319814339338E-007
   81.1538000000000       1.270057866098462E-007
   81.2812500000000       1.269870490983038E-007
   81.4088000000000       1.269745441567771E-007
   81.5364500000000       1.269670323322813E-007
   81.6642000000000       1.269632594613768E-007
   81.7920500000000       1.269619569477243E-007
   81.9200000000000       1.269618429278196E-007
   82.0480500000000       1.269616238253057E-007
   82.1762000000000       1.269599968489743E-007
   82.3044500000000       1.269556533234351E-007
   82.4328000000000       1.269472826304074E-007
   82.5612500000000       1.269335773157465E-007
   82.6898000000000       1.269132384740246E-007
   82.8184500000000       1.268849821878248E-007
   82.9472000000000       1.268475464666352E-007
   83.0760500000000       1.267996983522757E-007
   83.2050000000000       1.267402410243257E-007
   83.3340500000000       1.266680211831073E-007
   83.4632000000000       1.265819353779563E-007
   83.5924500000000       1.264809366130493E-007
   83.7218000000000       1.263640398430077E-007
   83.8512500000000       1.262303270244125E-007
   83.9808000000000       1.260789518342520E-007
   84.1104500000000       1.259091431671244E-007
   84.2402000000000       1.257202087434628E-007
   84.3700500000000       1.255115371079363E-007
   84.5000000000000       1.252825992947848E-007
   84.6300500000000       1.250329493274194E-007
   84.7602000000000       1.247622236633106E-007
   84.8904500000000       1.244701391955871E-007
   85.0208000000000       1.241564905329895E-007
   85.1512500000000       1.238211457810223E-007
   85.2818000000000       1.234640419900401E-007
   85.4124500000000       1.230851794375987E-007
   85.5432000000000       1.226846157442729E-007
   85.6740500000000       1.222624599894750E-007
   85.8050000000000       1.218188667717612E-007
   85.9360500000000       1.213540305466942E-007
   86.0672000000000       1.208681800202172E-007
   86.1984500000000       1.203615734302055E-007
   86.3298000000000       1.198344933839302E-007
   86.4612500000000       1.192872421951208E-007
   86.5928000000000       1.187201372210289E-007
   86.7244500000000       1.181335061439803E-007
   86.8562000000000       1.175276828080385E-007
   86.9880500000000       1.169030030001572E-007
   87.1200000000000       1.162598013970673E-007
   87.2520500000000       1.155984090117634E-007
   87.3842000000000       1.149191518612369E-007
   87.5164500000000       1.142223507444307E-007
   87.6488000000000       1.135083218528621E-007
   87.7812500000000       1.127773789355579E-007
   87.9138000000000       1.120298349643889E-007
   88.0464500000000       1.112660054647385E-007
   88.1792000000000       1.104862104028825E-007
   88.3120500000000       1.096907772391020E-007
   88.4450000000000       1.088800426485292E-007
   88.5780500000000       1.080543544085266E-007
   88.7112000000000       1.072140727309545E-007
   88.8444500000000       1.063595715389276E-007
   88.9778000000000       1.054912396325491E-007
   89.1112500000000       1.046094820211785E-007
   89.2448000000000       1.037147207560984E-007
   89.3784500000000       1.028073968178944E-007
   89.5122000000000       1.018879708936105E-007
   89.6460500000000       1.009569249310616E-007
   89.7800000000000       1.000147620278113E-007
   89.9140500000000       9.906200693077238E-008
   90.0482000000000       9.809920453740517E-008
   90.1824500000000       9.712691850793931E-008
   90.3168000000000       9.614572848981595E-008
   90.4512500000000       9.515622745315255E-008
   90.5858000000000       9.415901891518530E-008
   90.7204500000000       9.315471422022270E-008
   90.8552000000000       9.214393154044487E-008
   90.9900500000000       9.112729482119164E-008
   91.1250000000000       9.010543450260755E-008
   91.2600500000000       8.907898879639831E-008
   91.3952000000000       8.804860618383259E-008
   91.5304500000000       8.701494724761005E-008
   91.6658000000000       8.597868716986312E-008
   91.8012500000000       8.494051728646923E-008
   91.9368000000000       8.390114636380730E-008
   92.0724500000000       8.286130054324659E-008
   92.2082000000000       8.182172311910207E-008
   92.3440500000000       8.078317331738916E-008
   92.4800000000000       7.974642496355600E-008
   92.6160500000000       7.871226487266014E-008
   92.7522000000000       7.768149118403400E-008
   92.8884500000000       7.665491225106180E-008
   93.0248000000000       7.563334541993427E-008
   93.1612500000000       7.461761547533641E-008
   93.2978000000000       7.360855341920214E-008
   93.4344500000000       7.260699436129059E-008
   93.5712000000000       7.161377468811736E-008
   93.7080500000000       7.062972834370740E-008
   93.8450000000000       6.965568200012484E-008
   93.9820500000000       6.869244956186904E-008
   94.1192000000000       6.774082628169253E-008
   94.2564500000000       6.680158259886326E-008
   94.3938000000000       6.587545869907174E-008
   94.5312500000000       6.496315957393861E-008
   94.6688000000000       6.406535152381210E-008
   94.8064500000000       6.318265921567701E-008
   94.9442000000000       6.231566446190939E-008
   95.0820500000000       6.146490522107584E-008
   95.2200000000000       6.063087554242230E-008
   95.3580500000000       5.981402562138527E-008
   95.4962000000000       5.901476179959175E-008
   95.6344500000000       5.823344650934814E-008
   95.7728000000000       5.747039844017365E-008
   95.9112500000000       5.672589192817767E-008
   96.0498000000000       5.600015767770472E-008
   96.1884500000000       5.529338309440135E-008
   96.3272000000000       5.460571345095033E-008
   96.4660500000000       5.393725432956131E-008
   96.6050000000000       5.328807428650606E-008
   96.7440500000000       5.265820873789906E-008
   96.8832000000000       5.204766390098925E-008
   97.0224500000000       5.145642112402982E-008
   97.1618000000000       5.088444093859223E-008
   97.3012500000000       5.033166605716843E-008
   97.4408000000000       4.979802353810570E-008
   97.5804500000000       4.928342617338544E-008
   97.7202000000000       4.878777226657860E-008
   97.8600500000000       4.831094468915609E-008
   98.0000000000000       4.785280949270998E-008
   98.1400500000000       4.741321379952979E-008
   98.2802000000000       4.699198458135712E-008
   98.4204500000000       4.658892677200654E-008
   98.5608000000000       4.620382249020949E-008
   98.7012500000000       4.583643065103615E-008
   98.8418000000000       4.548648674385092E-008
   98.9824500000000       4.515370288782350E-008
   99.1232000000000       4.483776838704046E-008
   99.2640500000000       4.453834939743828E-008
   99.4050000000000       4.425508925987032E-008
   99.5460500000000       4.398760822255099E-008
   99.6872000000000       4.373550344105581E-008
   99.8284500000000       4.349834903383254E-008
   99.9698000000000       4.327569624873462E-008
   100.111250000000       4.306707457324421E-008
   100.252800000000       4.287199328878444E-008
   100.394450000000       4.268994430178807E-008
   100.536200000000       4.252040508578858E-008
   100.678050000000       4.236284278924529E-008
   100.820000000000       4.221671839887975E-008
   100.962050000000       4.208149145812357E-008
   101.104200000000       4.195662389738786E-008
   101.246450000000       4.184158403086613E-008
   101.388800000000       4.173584955413645E-008
   101.531250000000       4.163890998665210E-008
   101.673800000000       4.155026839258724E-008
   101.816450000000       4.146944260208230E-008
   101.959200000000       4.139596559982195E-008
   102.102050000000       4.132938613565784E-008
   102.245000000000       4.126926889114202E-008
   102.388050000000       4.121519453503808E-008
   102.531200000000       4.116675994536578E-008
   102.674450000000       4.112357815388989E-008
   102.817800000000       4.108527840163134E-008
   102.961250000000       4.105150619437836E-008
   103.104800000000       4.102192252553039E-008
   103.248450000000       4.099620365405343E-008
   103.392200000000       4.097403993874593E-008
   103.536050000000       4.095513489454916E-008
   103.680000000000       4.093920358272385E-008
   103.824050000000       4.092597122307140E-008
   103.968200000000       4.091517191717742E-008
   104.112450000000       4.090654681654371E-008
   104.256800000000       4.089984317889872E-008
   104.401250000000       4.089481331348566E-008
   104.545800000000       4.089121324879486E-008
   104.690450000000       4.088880234398573E-008
   104.835200000000       4.088734206764144E-008
   104.980050000000       4.088659538714623E-008
   105.125000000000       4.088632565846240E-008
   105.270050000000       4.088629540488498E-008
   105.415200000000       4.088626548437446E-008
   105.560450000000       4.088599342422228E-008
   105.705800000000       4.088523242185005E-008
   105.851250000000       4.088373040112003E-008
   105.996800000000       4.088122884660095E-008
   106.142450000000       4.087746252601221E-008
   106.288200000000       4.087215899062357E-008
   106.434050000000       4.086503868627744E-008
   106.580000000000       4.085581506441116E-008
   106.726050000000       4.084419513716853E-008
   106.872200000000       4.082987958842210E-008
   107.018450000000       4.081256343990702E-008
   107.164800000000       4.079193605122100E-008
   107.311250000000       4.076768178595813E-008
   107.457800000000       4.073948001170891E-008
   107.604450000000       4.070700576619402E-008
   107.751200000000       4.066993042339817E-008
   107.898050000000       4.062792280379313E-008
   108.045000000000       4.058065067313876E-008
   108.192050000000       4.052778290741799E-008
   108.339200000000       4.046899199083853E-008
   108.486450000000       4.040395645832362E-008
   108.633800000000       4.033236433720333E-008
   108.781250000000       4.025391531214950E-008
   108.928800000000       4.016832377828905E-008
   109.076450000000       4.007532083960541E-008
   109.224200000000       3.997465619631768E-008
   109.372050000000       3.986609969919286E-008
   109.520000000000       3.974944251528001E-008
   109.668050000000       3.962449823813330E-008
   109.816200000000       3.949110433110192E-008
   109.964450000000       3.934912384817579E-008
   110.112800000000       3.919844748789814E-008
   110.261250000000       3.903899592483384E-008
   110.409800000000       3.887072297370509E-008
   110.558450000000       3.869361836494889E-008
   110.707200000000       3.850771118640850E-008
   110.856050000000       3.831307132662332E-008
   111.005000000000       3.810981147323034E-008
   111.154050000000       3.789808722398647E-008
   111.303200000000       3.767809608756778E-008
   111.452450000000       3.745007548516810E-008
   111.601800000000       3.721429903125184E-008
   111.751250000000       3.697107298084035E-008
   111.900800000000       3.672073162208633E-008
   112.050450000000       3.646363277987064E-008
   112.200200000000       3.620015365246587E-008
   112.350050000000       3.593068720331161E-008
   112.500000000000       3.565563883034528E-008
   112.650050000000       3.537542403453386E-008
   112.800200000000       3.509046575533858E-008
   112.950450000000       3.480119253884695E-008
   113.100800000000       3.450803581772632E-008
   113.251250000000       3.421142774628905E-008
   113.401800000000       3.391179792533450E-008
   113.552450000000       3.360956990494657E-008
   113.703200000000       3.330515768729114E-008
   113.854050000000       3.299896172981320E-008
   114.005000000000       3.269136594763467E-008
   114.156050000000       3.238273477146336E-008
   114.307200000000       3.207341192634772E-008
   114.458450000000       3.176371937696487E-008
   114.609800000000       3.145395854886601E-008
   114.761250000000       3.114441149421054E-008
   114.912800000000       3.083534350079020E-008
   115.064450000000       3.052700536798625E-008
   115.216200000000       3.021963601579358E-008
   115.368050000000       2.991346392811067E-008
   115.520000000000       2.960870854051834E-008
   115.672050000000       2.930558001823513E-008
   115.824200000000       2.900427814589435E-008
   115.976450000000       2.870499093976520E-008
   116.128800000000       2.840789237179564E-008
   116.281250000000       2.811314031569978E-008
   116.433800000000       2.782087471508987E-008
   116.586450000000       2.753121663978675E-008
   116.739200000000       2.724426800826407E-008
   116.892050000000       2.696011297542711E-008
   117.045000000000       2.667881965345842E-008
   117.198050000000       2.640044316493118E-008
   117.351200000000       2.612502852938903E-008
   117.504450000000       2.585261410503747E-008
   117.657800000000       2.558323380918992E-008
   117.811250000000       2.531691967178062E-008
   117.964800000000       2.505370216843161E-008
   118.118450000000       2.479361072005304E-008
   118.272200000000       2.453667230506440E-008
   118.426050000000       2.428291029366036E-008
   118.580000000000       2.403234250492048E-008
   118.734050000000       2.378497976351923E-008
   118.888200000000       2.354082445643613E-008
   119.042450000000       2.329987036642223E-008
   119.196800000000       2.306210250546670E-008
   119.351250000000       2.282749889115365E-008
   119.505800000000       2.259603193444093E-008
   119.660450000000       2.236767077112845E-008
   119.815200000000       2.214238364883769E-008
   119.970050000000       2.192013975887974E-008
   120.125000000000       2.170091079056746E-008
   120.280050000000       2.148467187490510E-008
   120.435200000000       2.127140136254368E-008
   120.590450000000       2.106108037969179E-008
   120.745800000000       2.085369155135908E-008
   120.901250000000       2.064921766908867E-008
   121.056800000000       2.044764091380102E-008
   121.212450000000       2.024894218966011E-008
   121.368200000000       2.005310173469610E-008
   121.524050000000       1.986010006449490E-008
   121.680000000000       1.966992047020000E-008
   121.836050000000       1.948255190509229E-008
   121.992200000000       1.929799248179265E-008
   122.148450000000       1.911625274741979E-008
   122.304800000000       1.893735901425941E-008
   122.461250000000       1.876135585776595E-008
   122.617800000000       1.858830755985252E-008
   122.774450000000       1.841829827542441E-008
   122.931200000000       1.825143131073403E-008
   123.088050000000       1.808782695844613E-008
   123.245000000000       1.792761961105782E-008
   123.402050000000       1.777095409716267E-008
   123.559200000000       1.761798229527045E-008
   123.716450000000       1.746885924802655E-008
   123.873800000000       1.732374027563210E-008
   124.031250000000       1.718277836681992E-008
   124.188800000000       1.704612240249759E-008
   124.346450000000       1.691391554592414E-008
   124.504200000000       1.678629413248700E-008
   124.662050000000       1.666338650396781E-008
   124.820000000000       1.654531200934173E-008
   124.978050000000       1.643217872882019E-008
   125.136200000000       1.632408147544950E-008
   125.294450000000       1.622109913057557E-008
   125.452800000000       1.612329186828632E-008
   125.611250000000       1.603069804678725E-008
   125.769800000000       1.594333148835503E-008
   125.928450000000       1.586117970298062E-008
   126.087200000000       1.578420283365745E-008
   126.246050000000       1.571233337882560E-008
   126.405000000000       1.564547763566182E-008
   126.564050000000       1.558351769848088E-008
   126.723200000000       1.552631440082664E-008
   126.882450000000       1.547371109023032E-008
   127.041800000000       1.542553706990191E-008
   127.201250000000       1.538161148451067E-008
   127.360800000000       1.534174604023164E-008
   127.520450000000       1.530574789132544E-008
   127.680200000000       1.527342119445052E-008
   127.840050000000       1.524456838541965E-008
   128.000000000000       1.521899045675568E-008
   128.160050000000       1.519648740178070E-008
   128.320200000000       1.517685827012727E-008
   128.480450000000       1.515990083467145E-008
   128.640800000000       1.514541231317779E-008
   128.801250000000       1.513318942381048E-008
   128.961800000000       1.512302927331177E-008
   129.122450000000       1.511473035620270E-008
   129.283200000000       1.510809322091689E-008
   129.444050000000       1.510292169104588E-008
   129.605000000000       1.509902347596181E-008
   129.766050000000       1.509621078144008E-008
   129.927200000000       1.509430019863700E-008
   130.088450000000       1.509311303715677E-008
   130.249800000000       1.509247465891761E-008
   130.411250000000       1.509221420059603E-008
   130.572800000000       1.509216418504877E-008
   130.734450000000       1.509216046580164E-008
   130.896200000000       1.509204222704952E-008
   131.058050000000       1.509165242774557E-008
   131.220000000000       1.509083880080198E-008
   131.382050000000       1.508945446371257E-008
   131.544200000000       1.508735913979820E-008
   131.706450000000       1.508442037945201E-008
   131.868800000000       1.508051433729563E-008
   132.031250000000       1.507552571666793E-008
   132.193800000000       1.506934887984812E-008
   132.356450000000       1.506188673783271E-008
   132.519200000000       1.505305058380202E-008
   132.682050000000       1.504275931596410E-008
   132.845000000000       1.503093854937632E-008
   133.008050000000       1.501751956123343E-008
   133.171200000000       1.500243906882304E-008
   133.334450000000       1.498563850788059E-008
   133.497800000000       1.496706419912286E-008
   133.661250000000       1.494666701518099E-008
   133.824800000000       1.492440288020092E-008
   133.988450000000       1.490023227024295E-008
   134.152200000000       1.487412026879298E-008
   134.316050000000       1.484603562307285E-008
   134.480000000000       1.481594974483968E-008
   134.644050000000       1.478383493402902E-008
   134.808200000000       1.474966232484221E-008
   134.972450000000       1.471339988734499E-008
   135.136800000000       1.467501004048799E-008
   135.301250000000       1.463444759819410E-008
   135.465800000000       1.459165849260202E-008
   135.630450000000       1.454657899691014E-008
   135.795200000000       1.449913544782078E-008
   135.960050000000       1.444924552229665E-008
   136.125000000000       1.439681979187313E-008
   136.290050000000       1.434176399861542E-008
   136.455200000000       1.428398216374305E-008
   136.620450000000       1.422337930767625E-008
   136.785800000000       1.415986483621623E-008
   136.951250000000       1.409335459445771E-008
   137.116800000000       1.402377286519041E-008
   137.282450000000       1.395105392321128E-008
   137.448200000000       1.387514220185793E-008
   137.614050000000       1.379599257056441E-008
   137.780000000000       1.371356955770509E-008
   137.946050000000       1.362784712855003E-008
   138.112200000000       1.353880824117581E-008
   138.278450000000       1.344644490197666E-008
   138.444800000000       1.335075927588747E-008
   138.611250000000       1.325176501865144E-008
   138.777800000000       1.314948933073268E-008
   138.944450000000       1.304397601042950E-008
   139.111200000000       1.293528806289856E-008
   139.278050000000       1.282351025366779E-008
   139.445000000000       1.270875166214935E-008
   139.612050000000       1.259114612572887E-008
   139.779200000000       1.247085223976541E-008
   139.946450000000       1.234805158123464E-008
   140.113800000000       1.222294560010440E-008
   140.281250000000       1.209575140048713E-008
   140.448800000000       1.196669685565865E-008
   140.616450000000       1.183601489040953E-008
   140.784200000000       1.170393876259723E-008
   140.952050000000       1.157069751123174E-008
   141.120000000000       1.143651273682877E-008
   141.288050000000       1.130159643647488E-008
   141.456200000000       1.116615033769364E-008
   141.624450000000       1.103036612049024E-008
   141.792800000000       1.089442674961916E-008
   141.961250000000       1.075850819542978E-008
   142.129800000000       1.062278082164525E-008
   142.298450000000       1.048741071763004E-008
   142.467200000000       1.035256003145690E-008
   142.636050000000       1.021838669235109E-008
   142.805000000000       1.008504230126661E-008
   142.974050000000       9.952670299018251E-009
   143.143200000000       9.821402691123637E-009
   143.312450000000       9.691356994689926E-009
   143.481800000000       9.562633462856240E-009
   143.651250000000       9.435313363947984E-009
   143.820800000000       9.309457371653451E-009
   143.990450000000       9.185106453202252E-009
   144.160200000000       9.062283368166391E-009
   144.330050000000       8.940995110950922E-009
   144.500000000000       8.821236241463026E-009
   144.670050000000       8.702993326004105E-009
   144.840200000000       8.586248601005764E-009
   145.010450000000       8.470983137165433E-009
   145.180800000000       8.357180170115441E-009
   145.351250000000       8.244826044112585E-009
   145.521800000000       8.133910600616190E-009
   145.692450000000       8.024426567665444E-009
   145.863200000000       7.916367505966804E-009
   146.034050000000       7.809725255381039E-009
   146.205000000000       7.704486770787611E-009
   146.376050000000       7.600632012660924E-009
   146.547200000000       7.498131282535070E-009
   146.718450000000       7.396944390336557E-009
   146.889800000000       7.297020709895463E-009
   147.061250000000       7.198300178146155E-009
   147.232800000000       7.100715848640249E-009
   147.404450000000       7.004196778126470E-009
   147.576200000000       6.908672134375848E-009
   147.748050000000       6.814074582361940E-009
   147.920000000000       6.720344003507961E-009
   148.092050000000       6.627430604311257E-009
   148.264200000000       6.535296692700143E-009
   148.436450000000       6.443917788256925E-009
   148.608800000000       6.353282122617543E-009
   148.781250000000       6.263389640270844E-009
   148.953800000000       6.174249722601388E-009
   149.126450000000       6.085878578865334E-009
   149.299200000000       5.998297136766695E-009
   149.472050000000       5.911528322410931E-009
   149.645000000000       5.825595505992709E-009
   149.818050000000       5.740522279751303E-009
   149.991200000000       5.656332513481743E-009
   150.164450000000       5.573052075380502E-009
   150.337800000000       5.490710608402338E-009
   150.511250000000       5.409344971951668E-009
   150.684800000000       5.329001240284015E-009
   150.858450000000       5.249737922152775E-009
   151.032200000000       5.171627237565701E-009
   151.206050000000       5.094756394541378E-009
   151.380000000000       5.019226811953104E-009
   151.554050000000       4.945152731750113E-009
   151.728200000000       4.872657999310803E-009
   151.902450000000       4.801872566240206E-009
   152.076800000000       4.732927771922135E-009
   152.251250000000       4.665952069160539E-009
   152.425800000000       4.601066416753952E-009
   152.600450000000       4.538380948826415E-009
   152.775200000000       4.477992532336827E-009
   152.950050000000       4.419982990722104E-009
   153.125000000000       4.364418881852572E-009
   153.300050000000       4.311352330699236E-009
   153.475200000000       4.260822084045657E-009
   153.650450000000       4.212855175822483E-009
   153.825800000000       4.167468481419689E-009
   154.001250000000       4.124669772398448E-009
   154.176800000000       4.084458882225306E-009
   154.352450000000       4.046827095649519E-009
   154.528200000000       4.011756593591542E-009
   154.704050000000       3.979219620475760E-009
   154.880000000000       3.949177040940555E-009
   155.056050000000       3.921576507970315E-009
   155.232200000000       3.896352018806226E-009
   155.408450000000       3.873423248812458E-009
   155.584800000000       3.852695940054218E-009
   155.761250000000       3.834063455609993E-009
   155.937800000000       3.817408555928381E-009
   156.114450000000       3.802606451941415E-009
   156.291200000000       3.789527358577516E-009
   156.468050000000       3.778040214008627E-009
   156.645000000000       3.768015288674320E-009
   156.822050000000       3.759326683283604E-009
   156.999200000000       3.751854105171759E-009
   157.176450000000       3.745483978523367E-009
   157.353800000000       3.740109943972669E-009
   157.531250000000       3.735632359003205E-009
   157.708800000000       3.731957798347452E-009
   157.886450000000       3.728998221319557E-009
   158.064200000000       3.726669417503103E-009
   158.242050000000       3.724890562661898E-009
   158.420000000000       3.723582941983494E-009
   158.598050000000       3.722670227634950E-009
   158.776200000000       3.722077812629010E-009
   158.954450000000       3.721733365935620E-009
   159.132800000000       3.721567443104590E-009
   159.311250000000       3.721513763821349E-009
   159.489800000000       3.721510211107670E-009
   159.668450000000       3.721498664788214E-009
   159.847200000000       3.721425390068589E-009
   160.026050000000       3.721240815490745E-009
   160.205000000000       3.720898977821463E-009
   160.384050000000       3.720356744896236E-009
   160.563200000000       3.719573204996607E-009
   160.742450000000       3.718508667649445E-009
   160.921800000000       3.717124552604645E-009
   161.101250000000       3.715382557167857E-009
   161.280800000000       3.713245044778546E-009
   161.460450000000       3.710675156032295E-009
   161.640200000000       3.707637641348072E-009
   161.820050000000       3.704099749146650E-009
   162.000000000000       3.700032114029028E-009
   162.180050000000       3.695409978021758E-009
   162.360200000000       3.690213579154999E-009
   162.540450000000       3.684428540040585E-009
   162.720800000000       3.678046034405469E-009
   162.901250000000       3.671061732379854E-009
   163.081800000000       3.663474801296474E-009
   163.262450000000       3.655286517911804E-009
   163.443200000000       3.646498381026930E-009
   163.624050000000       3.637110723708759E-009
   163.805000000000       3.627121103466635E-009
   163.986050000000       3.616523303051622E-009
   164.167200000000       3.605306664322683E-009
   164.348450000000       3.593456143757834E-009
   164.529800000000       3.580952534498749E-009
   164.711250000000       3.567774020662995E-009
   164.892800000000       3.553896898988995E-009
   165.074450000000       3.539297299681721E-009
   165.256200000000       3.523952629702620E-009
   165.438050000000       3.507842682992646E-009
   165.620000000000       3.490950528650671E-009
   165.802050000000       3.473262788489251E-009
   165.984200000000       3.454769359478860E-009
   166.166450000000       3.435462581080628E-009
   166.348800000000       3.415335625422955E-009
   166.531250000000       3.394381442589633E-009
   166.713800000000       3.372590706707257E-009
   166.896450000000       3.349950428166437E-009
   167.079200000000       3.326443231976839E-009
   167.262050000000       3.302046414077608E-009
   167.445000000000       3.276732718493491E-009
   167.628050000000       3.250471281024403E-009
   167.811200000000       3.223229239068814E-009
   167.994450000000       3.194974451670163E-009
   168.177800000000       3.165678108540959E-009
   168.361250000000       3.135317783176106E-009
   168.544800000000       3.103879819832400E-009
   168.728450000000       3.071361664996886E-009
   168.912200000000       3.037773199654481E-009
   169.096050000000       3.003136905821435E-009
   169.280000000000       2.967487366944965E-009
   169.464050000000       2.930869436035266E-009
   169.648200000000       2.893335571130251E-009
   169.832450000000       2.854943115249142E-009
   170.016800000000       2.815750743678791E-009
   170.201250000000       2.775815799438419E-009
   170.385800000000       2.735191739766663E-009
   170.570450000000       2.693927192432000E-009
   170.755200000000       2.652065178576635E-009
   170.940050000000       2.609644556006430E-009
   171.125000000000       2.566701740036592E-009
   171.310050000000       2.523273701093842E-009
   171.495200000000       2.479401184363184E-009
   171.680450000000       2.435132484546187E-009
   171.865800000000       2.390526276929705E-009
   172.051250000000       2.345654226409977E-009
   172.236800000000       2.300601875671049E-009
   172.422450000000       2.255468922740533E-009
   172.608200000000       2.210367222588161E-009
   172.794050000000       2.165418011568221E-009
   172.980000000000       2.120747577549764E-009
   173.166050000000       2.076482708002203E-009
   173.352200000000       2.032745471947095E-009
   173.538450000000       1.989648057421078E-009
   173.724800000000       1.947289163251043E-009
   173.911250000000       1.905750557362751E-009
   174.097800000000       1.865095466957456E-009
   174.284450000000       1.825368523000748E-009
   174.471200000000       1.786596648400973E-009
   174.658050000000       1.748791167432984E-009
   174.845000000000       1.711950914362603E-009
   175.032050000000       1.676065175537644E-009
   175.219200000000       1.641117131079284E-009
   175.406450000000       1.607086408395020E-009
   175.593800000000       1.573951302624721E-009
   175.781250000000       1.541689942374802E-009
   175.968800000000       1.510280733807434E-009
   176.156450000000       1.479701861040184E-009
   176.344200000000       1.449930120411835E-009
   176.532050000000       1.420939199636706E-009
   176.720000000000       1.392697901447804E-009
   176.908050000000       1.365168700306896E-009
   177.096200000000       1.338306132581124E-009
   177.284450000000       1.312056352453794E-009
   177.472800000000       1.286357187435527E-009
   177.661250000000       1.261138860009225E-009
   177.849800000000       1.236325819498063E-009
   178.038450000000       1.211838907000384E-009
   178.227200000000       1.187598297480719E-009
   178.416050000000       1.163526497371947E-009
   178.605000000000       1.139551397688621E-009
   178.794050000000       1.115609160606823E-009
   178.983200000000       1.091647106044036E-009
   179.172450000000       1.067625488015977E-009
   179.361800000000       1.043518604859628E-009
   179.551250000000       1.019315298833590E-009
   179.740800000000       9.950182899842730E-010
   179.930450000000       9.706426218336617E-010
   180.120200000000       9.462135519555659E-010
   180.310050000000       9.217637209069096E-010
   180.500000000000       8.973304876924715E-010
   180.690050000000       8.729529876738695E-010
   180.880200000000       8.486698566123607E-010
   181.070450000000       8.245177318677577E-010
   181.260800000000       8.005305307534627E-010
   181.451250000000       7.767393395141653E-010
   181.641800000000       7.531736345711693E-010
   181.832450000000       7.298627813234759E-010
   182.023200000000       7.068381435715310E-010
   182.214050000000       6.841348598740637E-010
   182.405000000000       6.617943970610440E-010
   182.596050000000       6.398652163674967E-010
   182.787200000000       6.184042167234338E-010
   182.978450000000       5.974759020865861E-010
   183.169800000000       5.771512712193783E-010
   183.361250000000       5.575062078655435E-010
   183.552800000000       5.386179835475957E-010
   183.744450000000       5.205622599646631E-010
   183.936200000000       5.034097028122630E-010
   184.128050000000       4.872226511132283E-010
   184.320000000000       4.720522861489940E-010
   184.512050000000       4.579371326585147E-010
   184.704200000000       4.449019486152395E-010
   184.896450000000       4.329577252271122E-010
   185.088800000000       4.221027416484446E-010
   185.281250000000       4.123238417363950E-010
   185.473800000000       4.035982659189585E-010
   185.666450000000       3.958952610183530E-010
   185.859200000000       3.891781896747659E-010
   186.052050000000       3.834046413686565E-010
   186.245000000000       3.785276536660831E-010
   186.438050000000       3.744951571071908E-010
   186.631200000000       3.712492535612455E-010
   186.824450000000       3.687253280482139E-010
   187.017800000000       3.668505499376806E-010
   187.211250000000       3.655432068150333E-010
   187.404800000000       3.647119273253452E-010
   187.598450000000       3.642560142402829E-010
   187.792200000000       3.640667767257355E-010
   187.986050000000       3.640296397655618E-010
   188.180000000000       3.640271972749076E-010
   188.374050000000       3.639429313473386E-010
   188.568200000000       3.636653755911823E-010
   188.762450000000       3.630919453989634E-010
   188.956800000000       3.621319355495700E-010
   189.151250000000       3.607096288327227E-010
   189.345800000000       3.587651287162430E-010
   189.540450000000       3.562551920133217E-010
   189.735200000000       3.531519521260407E-010
   189.930050000000       3.494416422888946E-010
   190.125000000000       3.451226526784978E-010
   190.320050000000       3.402028103671739E-010
   190.515200000000       3.346980470553262E-010
   190.710450000000       3.286300120919350E-010
   190.905800000000       3.220252953184399E-010
   191.101250000000       3.149147609349257E-010
   191.296800000000       3.073335475001215E-010
   191.492450000000       2.993214565094604E-010
   191.688200000000       2.909234519954396E-010
   191.884050000000       2.821901046168307E-010
   192.080000000000       2.731777026809823E-010
   192.276050000000       2.639478635657611E-010
   192.472200000000       2.545667565634346E-010
   192.668450000000       2.451030489680761E-010
   192.864800000000       2.356260186964221E-010
   193.061250000000       2.262026121968574E-010
   193.257800000000       2.168947799141563E-010
   193.454450000000       2.077566452207691E-010
   193.651200000000       1.988325615265296E-010
   193.848050000000       1.901552248995131E-010
   194.045000000000       1.817452299768263E-010
   194.242050000000       1.736112920092125E-010
   194.439200000000       1.657510795283201E-010
   194.636450000000       1.581531017258442E-010
   194.833800000000       1.507985958326685E-010
   195.031250000000       1.436643026764273E-010
   195.228800000000       1.367246871275540E-010
   195.426450000000       1.299543250787849E-010
   195.624200000000       1.233300128689052E-010
   195.822050000000       1.168322105726816E-010
   196.020000000000       1.104464852907938E-010
   196.218050000000       1.041637331944401E-010
   196.416200000000       9.798040156994148E-011
   196.614450000000       9.189760064032271E-011
   196.812800000000       8.592015987574086E-011
   197.011250000000       8.005457408089001E-011
   197.209800000000       7.430772663852281E-011
   197.408450000000       6.868433599649393E-011
   197.607200000000       6.318590095588661E-011
   197.806050000000       5.780859124726589E-011
   198.005000000000       5.254291446377124E-011
   198.204050000000       4.737299441615050E-011
   198.403200000000       4.227646011045749E-011
   198.602450000000       3.722522290416919E-011
   198.801800000000       3.218614264000053E-011
   199.001250000000       2.712213786892903E-011
   199.200800000000       2.199318505091696E-011
   199.400450000000       1.675781735599458E-011
   199.600200000000       1.137417937613350E-011
   199.800050000000       5.801303881725062E-012
   200.000000000000       0.000000000000000E+000
