  2.061153622439000E-007  4.540332878898906E-015
  2.081868560730650E-007  4.632052321850486E-015
  2.102791687613270E-007  4.725624968153686E-015
  2.123925095416982E-007  4.821089214994368E-015
  2.145270897500181E-007  4.918481167434714E-015
  2.166831228460860E-007  5.017841673678057E-015
  2.188608244350085E-007  5.119210728262079E-015
  2.210604122887591E-007  5.222624573878187E-015
  2.232821063679562E-007  5.328128573171952E-015
  2.255261288438591E-007  5.435762942967122E-015
  2.277927041205855E-007  5.545572808234530E-015
  2.300820588575518E-007  5.657599537476933E-015
  2.323944219921395E-007  5.771892404747896E-015
  2.347300247625892E-007  5.888492521657172E-015
  2.370891007311241E-007  6.007445991681818E-015
  2.394718858073070E-007  6.128808506068020E-015
  2.418786182716312E-007  6.252617068434461E-015
  2.443095387993488E-007  6.378927211823457E-015
  2.467648904845383E-007  6.507792240458531E-015
  2.492449188644143E-007  6.639260116596093E-015
  2.517498719438816E-007  6.773379438668787E-015
  2.542800002203354E-007  6.910208678013618E-015
  2.568355567087120E-007  7.049804048645098E-015
  2.594167969667899E-007  7.192219438934628E-015
  2.620239791207458E-007  7.337512588536661E-015
  2.646573638909678E-007  7.485742035627449E-015
  2.673172146181275E-007  7.636960816440723E-015
  2.700037972895140E-007  7.791241678773337E-015
  2.727173805656335E-007  7.948632958372176E-015
  2.754582358070747E-007  8.109205985542181E-015
  2.782266371016460E-007  8.273023469932152E-015
  2.810228612917836E-007  8.440152207648285E-015
  2.838471880022370E-007  8.610653419584915E-015
  2.866998996680307E-007  8.784598933095047E-015
  2.895812815627086E-007  8.962064869530430E-015
  2.924916218268613E-007  9.143108639318678E-015
  2.954312114969406E-007  9.327811569473009E-015
  2.984003445343630E-007  9.516246163374359E-015
  3.013993178549066E-007  9.708485912022087E-015
  3.044284313584026E-007  9.904612037450881E-015
  3.074879879587257E-007  1.010469675576031E-014
  3.105782936140856E-007  1.030882683690924E-014
  3.136996573576229E-007  1.051707661736862E-014
  3.168523913283132E-007  1.072953858082762E-014
  3.200368108021809E-007  1.094628928253692E-014
  3.232532342238271E-007  1.116741668288309E-014
  3.265019832382742E-007  1.139301344603937E-014
  3.297833827231311E-007  1.162317003293093E-014
  3.330977608210807E-007  1.185797814895198E-014
  3.364454489726948E-007  1.209752367937726E-014
  3.398267819495783E-007  1.234190430925344E-014
  3.432420978878466E-007  1.259122622814578E-014
  3.466917383219398E-007  1.284558636153833E-014
  3.501760482187759E-007  1.310508294884258E-014
  3.536953760122483E-007  1.336982644325873E-014
  3.572500736380690E-007  1.363991427129528E-014
  3.608404965689629E-007  1.391545980476740E-014
  3.644670038502152E-007  1.419657064115603E-014
  3.681299581355759E-007  1.448335954204076E-014
  3.718297257235262E-007  1.477593710064213E-014
  3.755666765939080E-007  1.507444157816847E-014
  3.793411844449224E-007  1.537896066097197E-014
  3.831536267305001E-007  1.568962835847987E-014
  3.870043846980465E-007  1.600658439696760E-014
  3.908938434265675E-007  1.632994000408655E-014
  3.948223918651771E-007  1.665982317146991E-014
  3.987904228719929E-007  1.699637134796735E-014
  4.027983332534224E-007  1.733973165161812E-014
  4.068465238038437E-007  1.769001438429177E-014
  4.109353993456852E-007  1.804737030358198E-014
  4.150653687699086E-007  1.841196017008331E-014
  4.192368450768980E-007  1.878390756170519E-014
  4.234502454177603E-007  1.916336937497496E-014
  4.277059911360407E-007  1.955049673488074E-014
  4.320045078098576E-007  1.994545085985649E-014
  4.363462252944604E-007  2.034837104255029E-014
  4.407315777652157E-007  2.075943887670356E-014
  4.451610037610251E-007  2.117879787447357E-014
  4.496349462281793E-007  2.160664248235010E-014
  4.541538525646534E-007  2.204312064893579E-014
  4.587181746648468E-007  2.248843179634717E-014
  4.633283689647730E-007  2.294272840900185E-014
  4.679848964877040E-007  2.340620664210471E-014
  4.726882228902725E-007  2.387904027081102E-014
  4.774388185090382E-007  2.436143067997095E-014
  4.822371584075218E-007  2.485356515302764E-014
  4.870837224237117E-007  2.535564202758673E-014
  4.919789952180485E-007  2.586786237693772E-014
  4.969234663218909E-007  2.639042143761966E-014
  5.019176301864698E-007  2.692353435898279E-014
  5.069619862323334E-007  2.746742797602950E-014
  5.120570388992901E-007  2.802230613174748E-014
  5.172032976968522E-007  2.858838415864497E-014
  5.224012772551882E-007  2.916591558671898E-014
  5.276514973765856E-007  2.975511328325346E-014
  5.329544830874317E-007  3.035619292439445E-014
  5.383107646907167E-007  3.096941779000601E-014
  5.437208778190647E-007  3.159505492591179E-014
  5.491853634882967E-007  3.223331188416769E-014
  5.547047681515337E-007  3.288446241530427E-014
  5.602796437538412E-007  3.354877501782464E-014
  5.659105477874254E-007  3.422650357212039E-014
  5.715980433473820E-007  3.491791459807786E-014
  5.773426991880067E-007  3.562331533853532E-014
  5.831450897796707E-007  3.634294290676053E-014
  5.890057953662685E-007  3.707713103920994E-014
  5.949254020232427E-007  3.782613364369257E-014
  6.009045017161921E-007  3.859027407866440E-014
  6.069436923600686E-007  3.936983276620531E-014
  6.130435778789690E-007  4.016516070298118E-014
  6.192047682665288E-007  4.097655634663162E-014
  6.254278796469210E-007  4.180434143068796E-014
  6.317135343364694E-007  4.264882269559735E-014
  6.380623609058812E-007  4.351040841794068E-014
  6.444749942431040E-007  4.438937578778051E-014
  6.509520756168154E-007  4.528608413570439E-014
  6.574942527405504E-007  4.620091757298629E-014
  6.641021798374731E-007  4.713424576471807E-014
  6.707765177057999E-007  4.808642349094772E-014
  6.775179337848795E-007  4.905783037760388E-014
  6.843271022219378E-007  5.004885126155089E-014
  6.912047039394927E-007  5.105989653699956E-014
  6.981514267034474E-007  5.209140272071032E-014
  7.051679651918673E-007  5.314371006032102E-014
  7.122550210644483E-007  5.421730719698424E-014
  7.194133030326836E-007  5.531256571986711E-014
  7.266435269307352E-007  5.642992436799129E-014
  7.339464157870182E-007  5.756989064347621E-014
  7.413226998965040E-007  5.873291637082520E-014
  7.487731168937503E-007  5.991939619853546E-014
  7.562984118266657E-007  6.112983587108370E-014
  7.638993372310146E-007  6.236474828695808E-014
  7.715766532056714E-007  6.362461070198092E-014
  7.793311274886315E-007  6.490990682362577E-014
  7.871635355337853E-007  6.622117018584572E-014
  7.950746605884642E-007  6.755894178111266E-014
  8.030652937717663E-007  6.892372640046078E-014
  8.111362341536690E-007  7.031605755961502E-014
  8.192882888349362E-007  7.173654230221888E-014
  8.275222730278293E-007  7.318572973215072E-014
  8.358390101376295E-007  7.466415406419389E-014
  8.442393318449782E-007  7.617246868938468E-014
  8.527240781890465E-007  7.771126876674074E-014
  8.612940976515395E-007  7.928115758081894E-014
  8.699502472415452E-007  8.088276939213292E-014
  8.786933925812359E-007  8.251670146419060E-014
  8.875244079924318E-007  8.418365096264941E-014
  8.964441765840330E-007  8.588425559448307E-014
  9.054535903403319E-007  8.761927776206288E-014
  9.145535502102119E-007  8.938928081393909E-014
  9.237449661972436E-007  9.119506957225558E-014
  9.330287574506850E-007  9.303736624664225E-014
  9.424058523573979E-007  9.491680820036650E-014
  9.518771886346875E-007  9.683427903383433E-014
  9.614437134240741E-007  9.879045996282414E-014
  9.711063833860089E-007  1.007861372172216E-013
  9.808661647955404E-007  1.028222528854217E-013
  9.907240336389425E-007  1.048993742454299E-013
  1.000680975711315E-006  1.070184654137560E-013
  1.010737986715162E-006  1.091803574020402E-013
  1.020896072359964E-006  1.113859418561441E-013
  1.031156248462753E-006  1.136360732833458E-013
  1.041519541049687E-006  1.159316675722491E-013
  1.051986986458663E-006  1.182736533017209E-013
  1.062559631442943E-006  1.206629718783084E-013
  1.073238533275836E-006  1.231004765420792E-013
  1.084024759856425E-006  1.255873365310822E-013
  1.094919389816357E-006  1.281243297945001E-013
  1.105923512627707E-006  1.307126029052784E-013
  1.117038228711926E-006  1.333532158667558E-013
  1.128264649549883E-006  1.360471397106023E-013
  1.139603897793020E-006  1.387954624832142E-013
  1.151057107375609E-006  1.415992872574096E-013
  1.162625423628153E-006  1.444597849249553E-013
  1.174310003391917E-006  1.473780369978916E-013
  1.186112015134616E-006  1.503552457719992E-013
  1.198032639067258E-006  1.533926837197010E-013
  1.210073067262170E-006  1.564915339311067E-013
  1.222234503772207E-006  1.596527796948056E-013
  1.234518164751152E-006  1.628780669864869E-013
  1.246925278575342E-006  1.661684127847858E-013
  1.259457085966497E-006  1.695251749659155E-013
  1.272114840115799E-006  1.729497854004428E-013
  1.284899806809213E-006  1.764436408819008E-013
  1.297813264554060E-006  1.800079907500421E-013
  1.310856504706878E-006  1.836444358805906E-013
  1.324030831602551E-006  1.873542071180165E-013
  1.337337562684746E-006  1.911389459243686E-013
  1.350778028637662E-006  1.950003173373556E-013
  1.364353573519093E-006  1.989395541223346E-013
  1.378065554894842E-006  2.029583623916704E-013
  1.391915343974472E-006  2.070584725516109E-013
  1.405904325748432E-006  2.112412923181576E-013
  1.420033899126559E-006  2.155086544312971E-013
  1.434305477077963E-006  2.198621840191609E-013
  1.448720486772334E-006  2.243036455249513E-013
  1.463280369722653E-006  2.288348868398563E-013
  1.477986581929349E-006  2.334576630261162E-013
  1.492840594025897E-006  2.381738721746636E-013
  1.507843891425886E-006  2.429852589654228E-013
  1.522997974471558E-006  2.478939525807945E-013
  1.538304358583846E-006  2.529016890006849E-013
  1.553764574413918E-006  2.580107133554365E-013
  1.569380167996239E-006  2.632228139995132E-013
  1.585152700903180E-006  2.685402938723615E-013
  1.601083750401178E-006  2.739652419147859E-013
  1.617174909608456E-006  2.794996513845657E-013
  1.633427787654345E-006  2.851459161121449E-013
  1.649844009840194E-006  2.909062132047524E-013
  1.666425217801901E-006  2.967828751927640E-013
  1.683173069674081E-006  3.027782668513062E-013
  1.700089240255878E-006  3.088946582632022E-013
  1.717175421178446E-006  3.151348616000152E-013
  1.734433321074116E-006  3.215010871842543E-013
  1.751864665747259E-006  3.279957030902376E-013
  1.769471198346869E-006  3.346217581086113E-013
  1.787254679540878E-006  3.413815627631578E-013
  1.805216887692224E-006  3.482778506446461E-013
  1.823359619036693E-006  3.553136567598254E-013
  1.841684687862537E-006  3.624913971843411E-013
  1.860193926691909E-006  3.698141843847992E-013
  1.878889186464117E-006  3.772849075368618E-013
  1.897772336720718E-006  3.849066297525084E-013
  1.916845265792473E-006  3.926821864043835E-013
  1.936109880988184E-006  4.006148579837890E-013
  1.955568108785423E-006  4.087078346515879E-013
  1.975221895023187E-006  4.169640761215735E-013
  1.995073205096477E-006  4.253874083544496E-013
  2.015124024152843E-006  4.339808817638839E-013
  2.035376357290900E-006  4.427477259093539E-013
  2.055832229760839E-006  4.516916333471867E-013
  2.076493687166953E-006  4.608164892668854E-013
  2.097362795672201E-006  4.701255273176179E-013
  2.118441642204824E-006  4.796225912766757E-013
  2.139732334667041E-006  4.893117213337586E-013
  2.161237002145842E-006  4.991965841950060E-013
  2.182957795125894E-006  5.092808956174485E-013
  2.204896885704596E-006  5.195691457139456E-013
  2.227056467809289E-006  5.300651608114872E-013
  2.249438757416649E-006  5.407731108030964E-013
  2.272045992774289E-006  5.516973698762694E-013
  2.294880434624585E-006  5.628425208162260E-013
  2.317944366430750E-006  5.742126162388620E-013
  2.341240094605185E-006  5.858123593624394E-013
  2.364769948740120E-006  5.976466691805403E-013
  2.388536281840578E-006  6.097200814481701E-013
  2.412541470559673E-006  6.220374962396972E-013
  2.436787915436282E-006  6.346032718679492E-013
  2.461278041135098E-006  6.474230481723308E-013
  2.486014296689100E-006  6.605025464507416E-013
  2.510999155744455E-006  6.738450952904508E-013
  2.536235116807892E-006  6.874580990693003E-013
  2.561724703496545E-006  7.013456397248795E-013
  2.587470464790326E-006  7.155134168679585E-013
  2.613474975286819E-006  7.299675250659715E-013
  2.639740835458743E-006  7.447141453987578E-013
  2.666270671914005E-006  7.597582711834894E-013
  2.693067137658357E-006  7.751065606059286E-013
  2.720132912360706E-006  7.907644794279444E-013
  2.747470702621075E-006  8.067391823754192E-013
  2.775083242241273E-006  8.230366272175830E-013
  2.802973292498272E-006  8.396631776965753E-013
  2.831143642420341E-006  8.566256125572635E-013
  2.859597109065945E-006  8.739304743847375E-013
  2.888336537805461E-006  8.915850577975436E-013
  2.917364802605713E-006  9.095964265855760E-013
  2.946684806317371E-006  9.279717416238321E-013
  2.976299480965240E-006  9.467179250880471E-013
  3.006211788041463E-006  9.658423301088025E-013
  3.036424718801675E-006  9.853541111035269E-013
  3.066941294564129E-006  1.005259480579944E-012
  3.097764567011833E-006  1.025567131696076E-012
  3.128897618497717E-006  1.046284845719129E-012
  3.160343562352875E-006  1.067421202870816E-012
  3.192105543197895E-006  1.088984554355684E-012
  3.224186737257333E-006  1.110983365498711E-012
  3.256590352677327E-006  1.133426216972284E-012
  3.289319629846424E-006  1.156323222438559E-012
  3.322377841719614E-006  1.179682506538501E-012
  3.355768294145633E-006  1.203513729591829E-012
  3.389494326197550E-006  1.227826686738168E-012
  3.423559310506675E-006  1.252630225639343E-012
  3.457966653599826E-006  1.277934399187062E-012
  3.492719796239985E-006  1.303750858906315E-012
  3.527822213770378E-006  1.330088492472555E-012
  3.563277416462010E-006  1.356958143248946E-012
  3.599088949864695E-006  1.384370435240073E-012
  3.635260395161617E-006  1.412336882217213E-012
  3.671795369527450E-006  1.440867663207312E-012
  3.708697526490075E-006  1.469974970727293E-012
  3.745970556295941E-006  1.499670414130896E-012
  3.783618186279089E-006  1.529965762108979E-012
  3.821644181233890E-006  1.560873707766258E-012
  3.860052343791530E-006  1.592404437148587E-012
  3.898846514800269E-006  1.624572888687241E-012
  3.938030573709538E-006  1.657391896359480E-012
  3.977608438957880E-006  1.690873691444990E-012
  4.017584068364803E-006  1.725033015641804E-012
  4.057961459526561E-006  1.759880102166106E-012
  4.098744650215917E-006  1.795433208596465E-012
  4.139937718785926E-006  1.831702925906266E-012
  4.181544784577773E-006  1.868706355414910E-012
  4.223570008332711E-006  1.906456035105328E-012
  4.266017592608136E-006  1.944968693480150E-012
  4.308891782197847E-006  1.984260488872500E-012
  4.352196864556534E-006  2.024344547903116E-012
  4.395937170228519E-006  2.065239892090716E-012
  4.440117073280820E-006  2.106960063774101E-012
  4.484740991740559E-006  2.149524562018508E-012
  4.529813388036769E-006  2.192947354246856E-012
  4.575338769446639E-006  2.237247591850948E-012
  4.621321688546249E-006  2.282442182626467E-012
  4.667766743665828E-006  2.328550792541877E-012
  4.714678579349592E-006  2.375590824361550E-012
  4.762061886820203E-006  2.423581617584953E-012
  4.809921404447894E-006  2.472541924450295E-012
  4.858261918224311E-006  2.522489891391840E-012
  4.907088262241116E-006  2.573447365201108E-012
  4.956405319173398E-006  2.625435635606519E-012
  5.006218020767949E-006  2.678472795839964E-012
  5.056531348336439E-006  2.732580682878317E-012
  5.107350333253554E-006  2.787783202922667E-012
  5.158680057460133E-006  2.844101057552008E-012
  5.210525653971372E-006  2.901556115305286E-012
  5.262892307390128E-006  2.960170541132445E-012
  5.315785254425382E-006  3.019970400772642E-012
  5.369209784415913E-006  3.080978515700472E-012
  5.423171239859242E-006  3.143218013952486E-012
  5.477675016945882E-006  3.206715075116150E-012
  5.532726566098960E-006  3.271493491409920E-012
  5.588331392519269E-006  3.337582910471708E-012
  5.644495056735788E-006  3.405005989457552E-012
  5.701223175161743E-006  3.473793131731085E-012
  5.758521420656249E-006  3.543967684076449E-012
  5.816395523091605E-006  3.615560821526935E-012
  5.874851269926282E-006  3.688600381683230E-012
  5.933894506783677E-006  3.763113628391199E-012
  5.993531138036679E-006  3.839136791671231E-012
  6.053767127398112E-006  3.916689346547317E-012
  6.114608498517106E-006  3.995811243293565E-012
  6.176061335581476E-006  4.076530423088178E-012
  6.238131783926139E-006  4.158881039103308E-012
  6.300826050647656E-006  4.242897725877487E-012
  6.364150405224943E-006  4.328609694054478E-012
  6.428111180146228E-006  4.416054447895673E-012
  6.492714771542306E-006  4.505264057837602E-012
  6.557967639826152E-006  4.596277016455444E-012
  6.623876310338971E-006  4.689126333447847E-012
  6.690447374002740E-006  4.783853530847028E-012
  6.757687487979300E-006  4.880494638854742E-012
  6.825603376336083E-006  4.979086170859449E-012
  6.894201830718521E-006  5.079671280311493E-012
  6.963489711029219E-006  5.182283433246708E-012
  7.033473946113947E-006  5.286977224605633E-012
  7.104161534454534E-006  5.393781025529158E-012
  7.175559544868721E-006  5.502744430691771E-012
  7.247675117217048E-006  5.613905145599800E-012
  7.320515463116846E-006  5.727314034818734E-012
  7.394087866663405E-006  5.843012084899999E-012
  7.468399685158392E-006  5.961049354837951E-012
  7.543458349845581E-006  6.081470180922964E-012
  7.619271366653990E-006  6.204321646130858E-012
  7.695846316948479E-006  6.329657973457407E-012
  7.773190858287890E-006  6.457523276661724E-012
  7.851312725190810E-006  6.587975367189791E-012
  7.930219729909032E-006  6.721059698022032E-012
  8.009919763208783E-006  6.856835565637111E-012
  8.090420795159810E-006  6.995349792055496E-012
  8.171730875932394E-006  7.136665422700873E-012
  8.253858136602368E-006  7.280839687339288E-012
  8.336810789964242E-006  7.427919331653993E-012
  8.420597131352476E-006  7.577974336794068E-012
  8.505225539471033E-006  7.731055218788626E-012
  8.590704477231249E-006  7.887233728601444E-012
  8.677042492598133E-006  8.046566567138647E-012
  8.764248219445169E-006  8.209120425600275E-012
  8.852330378417714E-006  8.374953636192067E-012
  8.941297777805069E-006  8.544134631418750E-012
  9.031159314421309E-006  8.716742186146287E-012
  9.121923974494983E-006  8.892830282379245E-012
  9.213600834567735E-006  9.072477253328497E-012
  9.306199062401971E-006  9.255755412360781E-012
  9.399727917897638E-006  9.442735675055353E-012
  9.494196754018227E-006  9.633487509956684E-012
  9.589615017726075E-006  9.828095817580581E-012
  9.685992250927068E-006  1.002663456768846E-011
  9.783338091424841E-006  1.022918849287222E-011
  9.881662273884565E-006  1.043582879413252E-011
  9.980974630806424E-006  1.064665226149475E-011
  1.008128509350887E-005  1.086172734939708E-011
  1.018260369312177E-005  1.108114827270365E-011
  1.028494056158950E-005  1.130500057564865E-011
  1.038830593268422E-005  1.153338103265689E-011
  1.049271014302915E-005  1.176637261561590E-011
  1.059816363313233E-005  1.200407463774598E-011
  1.070467694843066E-005  1.224656737487014E-011
  1.081226074034443E-005  1.249396292814394E-011
  1.092092576734248E-005  1.274636471304212E-011
  1.103068289601807E-005  1.300386203124141E-011
  1.114154310217553E-005  1.326655576430043E-011
  1.125351747192785E-005  1.353456388672924E-011
  1.136661720280533E-005  1.380797448081920E-011
  1.148085360487530E-005  1.408691376456581E-011
  1.159623810187317E-005  1.437147788538723E-011
  1.171278223234479E-005  1.466180163319504E-011
  1.183049765080033E-005  1.495798955009836E-011
  1.194939612887973E-005  1.526016913765058E-011
  1.206948955652988E-005  1.556844257517048E-011
  1.219078994319362E-005  1.588294604873243E-011
  1.231330941901071E-005  1.620380125639061E-011
  1.243706023603083E-005  1.653114255946475E-011
  1.256205476943880E-005  1.686508959636254E-011
  1.268830551879213E-005  1.720578583298173E-011
  1.281582510927096E-005  1.755337117895180E-011
  1.294462629294061E-005  1.790797063050581E-011
  1.307472195002678E-005  1.826973905156524E-011
  1.320612509020358E-005  1.863881081344104E-011
  1.333884885389455E-005  1.901535059129095E-011
  1.347290651358665E-005  1.939947383344696E-011
  1.360831147515758E-005  1.979137225635167E-011
  1.374507727921631E-005  2.019118833797892E-011
  1.388321760245723E-005  2.059907806200630E-011
  1.402274625902779E-005  2.101520538015807E-011
  1.416367720190991E-005  2.143973650320460E-011
  1.430602452431532E-005  2.187286355643614E-011
  1.444980246109490E-005  2.231471613579210E-011
  1.459502539016212E-005  2.276550888038411E-011
  1.474170783393093E-005  2.322540564863090E-011
  1.488986446076792E-005  2.369458449958902E-011
  1.503951008645925E-005  2.417325013227411E-011
  1.519065967569219E-005  2.466157972950535E-011
  1.534332834355163E-005  2.515977729098666E-011
  1.549753135703158E-005  2.566803122933373E-011
  1.565328413656187E-005  2.618655719674625E-011
  1.581060225755028E-005  2.671556146731782E-011
  1.596950145193998E-005  2.725525314258183E-011
  1.612999760978284E-005  2.780586927430486E-011
  1.629210678082839E-005  2.836756204255000E-011
  1.645584517612882E-005  2.894062468163268E-011
  1.662122916966012E-005  2.952526574510260E-011
  1.678827529995945E-005  3.012170931902290E-011
  1.695700027177905E-005  3.073020823527055E-011
  1.712742095775671E-005  3.135099303549971E-011
  1.729955440010305E-005  3.198432333433107E-011
  1.747341781230574E-005  3.263044932888993E-011
  1.764902858085089E-005  3.328963775849024E-011
  1.782640426696169E-005  3.396213270201345E-011
  1.800556260835458E-005  3.464822123488019E-011
  1.818652152101299E-005  3.534815452793444E-011
  1.836929910097899E-005  3.606222722280206E-011
  1.855391362616288E-005  3.679072464988540E-011
  1.874038355817104E-005  3.753394958298955E-011
  1.892872754415205E-005  3.829219543830360E-011
  1.911896441866147E-005  3.906573232059375E-011
  1.931111320554528E-005  3.985492993089478E-011
  1.950519311984229E-005  4.066005306382668E-011
  1.970122356970567E-005  4.148145302177384E-011
  1.989922415834376E-005  4.231944431736301E-011
  2.009921468598042E-005  4.317433169087445E-011
  2.030121515183509E-005  4.404652240612631E-011
  2.050524575612267E-005  4.493630242952212E-011
  2.071132690207363E-005  4.584407498995586E-011
  2.091947919797429E-005  4.677019200984188E-011
  2.112972345922771E-005  4.771501017568863E-011
  2.134208071043522E-005  4.867890542060221E-011
  2.155657218749889E-005  4.966228784128959E-011
  2.177321933974518E-005  5.066554417431505E-011
  2.199204383206985E-005  5.168906642806439E-011
  2.221306754710450E-005  5.273326666242255E-011
  2.243631258740481E-005  5.379854782116289E-011
  2.266180127766085E-005  5.488533316453456E-011
  2.288955616692955E-005  5.599409659133849E-011
  2.311960003088964E-005  5.712525868166236E-011
  2.335195587411921E-005  5.827926074432478E-011
  2.358664693239622E-005  5.945656525513835E-011
  2.382369667502208E-005  6.065765630141241E-011
  2.406312880716859E-005  6.188302470883646E-011
  2.430496727224849E-005  6.313312191239410E-011
  2.454923625430982E-005  6.440852912955109E-011
  2.479596018045435E-005  6.570966497158157E-011
  2.504516372328029E-005  6.703704701906415E-011
  2.529687180334960E-005  6.839129422525846E-011
  2.555110959168004E-005  6.977287670549234E-011
  2.580790251226231E-005  7.118239753628249E-011
  2.606727624460247E-005  7.262040460768593E-011
  2.632925672628988E-005  7.408742117753766E-011
  2.659387015559105E-005  7.558410624353146E-011
  2.686114299406941E-005  7.711099879972178E-011
  2.713110196923153E-005  7.866874249668959E-011
  2.740377407719991E-005  8.025799004362671E-011
  2.767918658541256E-005  8.187930469696121E-011
  2.795736703534981E-005  8.353335609777129E-011
  2.823834324528849E-005  8.522085643068430E-011
  2.852214331308372E-005  8.694246125695324E-011
  2.880879561897880E-005  8.869876795275404E-011
  2.909832882844318E-005  9.049058374089216E-011
  2.939077189503909E-005  9.231862599779136E-011
  2.968615406331690E-005  9.418358791923743E-011
  2.998450487173959E-005  9.608624040815891E-011
  3.028585415563662E-005  9.802733073919184E-011
  3.059023205018751E-005  1.000076509245454E-010
  3.089766899343537E-005  1.020279345036349E-010
  3.120819572933071E-005  1.040889945319184E-010
  3.152184331080590E-005  1.061917605106574E-010
  3.183864310288046E-005  1.083369638645872E-010
  3.215862678579760E-005  1.105255579510222E-010
  3.248182635819227E-005  1.127582961918359E-010
  3.280827414029103E-005  1.150361920909912E-010
  3.313800277714414E-005  1.173600580590286E-010
  3.347104524189006E-005  1.197309339180256E-010
  3.380743483905280E-005  1.221496201954353E-010
  3.414720520787241E-005  1.246171830446018E-010
  3.449039032566889E-005  1.271346305237857E-010
  3.483702451124003E-005  1.297029109253762E-010
  3.518714242829325E-005  1.323230963835857E-010
  3.554077908891202E-005  1.349962368086865E-010
  3.589796985705708E-005  1.377233591171112E-010
  3.625875045210293E-005  1.405055416910716E-010
  3.662315695240971E-005  1.433439532788330E-010
  3.699122579893114E-005  1.462397030520877E-010
  3.736299379885858E-005  1.491939152594913E-010
  3.773849812930184E-005  1.522078061503390E-010
  3.811777634100688E-005  1.552826089147749E-010
  3.850086636211095E-005  1.584194575674873E-010
  3.888780650193538E-005  1.616198517513589E-010
  3.927863545481662E-005  1.648846867748336E-010
  3.967339230397565E-005  1.682155761473043E-010
  4.007211652542635E-005  1.716138411277098E-010
  4.047484799192313E-005  1.750806620586602E-010
  4.088162697694826E-005  1.786175539445707E-010
  4.129249415873922E-005  1.822258928461717E-010
  4.170749062435658E-005  1.859069927914085E-010
  4.212665787379273E-005  1.896625905660125E-010
  4.255003782412192E-005  1.934941224796433E-010
  4.297767281369201E-005  1.974029622314687E-010
  4.340960560635832E-005  2.013907483744733E-010
  4.384587939576005E-005  2.054591424709029E-010
  4.428653780963972E-005  2.096097461878071E-010
  4.473162491420592E-005  2.138440994661364E-010
  4.518118521854002E-005  2.181640986160107E-010
  4.563526367904709E-005  2.225712452443373E-010
  4.609390570395158E-005  2.270673994954813E-010
  4.655715715783817E-005  2.316546182342401E-010
  4.702506436623831E-005  2.363343027279768E-010
  4.749767412026275E-005  2.411085596741036E-010
  4.797503368128075E-005  2.459792665908002E-010
  4.845719078564621E-005  2.509483265948630E-010
  4.894419364947136E-005  2.560178435141461E-010
  4.943609097344842E-005  2.611897751190551E-010
  4.993293194771970E-005  2.664661939346572E-010
  5.043476625679667E-005  2.718492009965108E-010
  5.094164408452843E-005  2.773409261582582E-010
  5.145361611912016E-005  2.829435284020670E-010
  5.197073355820196E-005  2.886594663951463E-010
  5.249304811394866E-005  2.944906907855484E-010
  5.302061201825112E-005  3.004397228120716E-010
  5.355347802793938E-005  3.065090281432918E-010
  5.409169943005849E-005  3.127009230785794E-010
  5.463533004719717E-005  3.190178474003276E-010
  5.518442424287016E-005  3.254624598448525E-010
  5.573903692695461E-005  3.320372699542128E-010
  5.629922356118111E-005  3.387447275652316E-010
  5.686504016467991E-005  3.455877861882965E-010
  5.743654331958286E-005  3.525691575628597E-010
  5.801379017668172E-005  3.596914953518960E-010
  5.859683846114323E-005  3.669578714125270E-010
  5.918574647828172E-005  3.743708244557358E-010
  5.978057311938966E-005  3.819336986466607E-010
  6.038137786762685E-005  3.896493039561822E-010
  6.098822080396878E-005  3.975206827644371E-010
  6.160116261321479E-005  4.055510170733646E-010
  6.222026459005659E-005  4.137437299756360E-010
  6.284558864520780E-005  4.221016986030148E-010
  6.347719731159503E-005  4.306290317492402E-010
  6.411515375061126E-005  4.393282986842739E-010
  6.475952175843203E-005  4.482033052755946E-010
  6.541036577239508E-005  4.572575075703291E-010
  6.606775087744418E-005  4.664948147915231E-010
  6.673174281263768E-005  4.759185792705729E-010
  6.740240797772241E-005  4.855324024019364E-010
  6.807981343977377E-005  4.953411712574147E-010
  6.876402693990248E-005  5.053475671025054E-010
  6.945511690002872E-005  5.155563828620561E-010
  7.015315242972443E-005  5.259714358088781E-010
  7.085820333312427E-005  5.365965939653526E-010
  7.157034011590611E-005  5.474364109078304E-010
  7.228963399234170E-005  5.584952922777279E-010
  7.301615689241808E-005  5.697779182572630E-010
  7.374998146903070E-005  5.812883911118513E-010
  7.449118110524875E-005  5.930308668531791E-010
  7.523982992165351E-005  6.050108564505479E-010
  7.599600278375051E-005  6.172326446666627E-010
  7.675977530945610E-005  6.297014477289304E-010
  7.753122387665932E-005  6.424223356090889E-010
  7.831042563085978E-005  6.554002273156494E-010
  7.909745849288223E-005  6.686398861109483E-010
  7.989240116666873E-005  6.821474782850654E-010
  8.069533314714912E-005  6.959276889621028E-010
  8.150633472819056E-005  7.099863911733625E-010
  8.232548701062700E-005  7.243293142375716E-010
  8.315287191036930E-005  7.389615832089402E-010
  8.398857216659692E-005  7.538895348502972E-010
  8.483267135003191E-005  7.691191357768667E-010
  8.568525387129605E-005  7.846562032414113E-010
  8.654640498935192E-005  8.005073301894645E-010
  8.741621082002897E-005  8.166789689429508E-010
  8.829475834463511E-005  8.331764870452029E-010
  8.918213541865493E-005  8.500079148972169E-010
  9.007843078053531E-005  8.671790305347684E-010
  9.098373406055935E-005  8.846973539466771E-010
  9.189813578980947E-005  9.025693147787803E-010
  9.282172740922061E-005  9.208023904576599E-010
  9.375460127872437E-005  9.394041632990016E-010
  9.469685068648510E-005  9.583813488767034E-010
  9.564856985822878E-005  9.777417280958241E-010
  9.660985396666569E-005  9.974929444269920E-010
  9.758079914100775E-005  1.017643733268175E-009
  9.856150247658151E-005  1.038201218647381E-009
  9.955206204453779E-005  1.059174611325627E-009
  1.005525769016588E-004  1.080571250153330E-009
  1.015631471002642E-004  1.102400079275816E-009
  1.025838736982157E-004  1.124670168274262E-009
  1.036148587690240E-004  1.147389695983845E-009
  1.046562054120551E-004  1.170568994317562E-009
  1.057080177628413E-004  1.194215975675716E-009
  1.067704010034941E-004  1.218340718380301E-009
  1.078434613732228E-004  1.242953443272874E-009
  1.089273061789587E-004  1.268062428658045E-009
  1.100220438060855E-004  1.293679726537110E-009
  1.111277837292783E-004  1.319813352199538E-009
  1.122446365234509E-004  1.346475653178857E-009
  1.133727138748133E-004  1.373675965692570E-009
  1.145121285920407E-004  1.401426420097953E-009
  1.156629946175544E-004  1.429737171296336E-009
  1.168254270389161E-004  1.458620128418381E-009
  1.179995421003365E-004  1.488085739191335E-009
  1.191854572143001E-004  1.518147316258897E-009
  1.203832909733068E-004  1.548816171396993E-009
  1.215931631617306E-004  1.580104318411887E-009
  1.228151947677985E-004  1.612023934643744E-009
  1.240495079956894E-004  1.644589032784405E-009
  1.252962262777549E-004  1.677812147635847E-009
  1.265554742868621E-004  1.711705983098571E-009
  1.278273779488612E-004  1.746285109280247E-009
  1.291120644551783E-004  1.781562031272185E-009
  1.304096622755347E-004  1.817552271501626E-009
  1.317203011707938E-004  1.854268706559977E-009
  1.330441122059372E-004  1.891727839450427E-009
  1.343812277631716E-004  1.929943514560563E-009
  1.357317815551671E-004  1.968930923866514E-009
  1.370959086384284E-004  2.008705467594458E-009
  1.384737454268004E-004  2.049284520952750E-009
  1.398654297051103E-004  2.090683342838738E-009
  1.412711006429456E-004  2.132917395604434E-009
  1.426908988085715E-004  2.176005929528264E-009
  1.441249661829877E-004  2.219963674148399E-009
  1.455734461741268E-004  2.264809163788256E-009
  1.470364836311949E-004  2.310561799785999E-009
  1.485142248591569E-004  2.357237604739352E-009
  1.500068176333671E-004  2.404857704268702E-009
  1.515144112143468E-004  2.453438608133680E-009
  1.530371563627103E-004  2.503000746730066E-009
  1.545752053542415E-004  2.553564216324451E-009
  1.561287119951212E-004  2.605151264746590E-009
  1.576978316373081E-004  2.657778809390596E-009
  1.592827211940740E-004  2.711467761289778E-009
  1.608835391556954E-004  2.766244390037990E-009
  1.625004456053024E-004  2.822126436701032E-009
  1.641336022348874E-004  2.879136982199803E-009
  1.657831723614744E-004  2.937299429468303E-009
  1.674493209434506E-004  2.996636213395168E-009
  1.691322145970627E-004  3.057172672060343E-009
  1.708320216130786E-004  3.118929275790832E-009
  1.725489119736162E-004  3.181937257387408E-009
  1.742830573691424E-004  3.246216443332939E-009
  1.760346312156419E-004  3.311794855991092E-009
  1.778038086719590E-004  3.378698251807093E-009
  1.795907666573136E-004  3.446951398522928E-009
  1.813956838689935E-004  3.516583430764798E-009
  1.832187408002238E-004  3.587623895445637E-009
  1.850601197582169E-004  3.660098676637848E-009
  1.869200048824031E-004  3.734036731361946E-009
  1.887985821628447E-004  3.809470161664090E-009
  1.906960394588353E-004  3.886427385597844E-009
  1.926125665176857E-004  3.964937200506858E-009
  1.945483549936988E-004  4.045034364273320E-009
  1.965035984673355E-004  4.126749930102145E-009
  1.984784924645725E-004  4.210115371618386E-009
  2.004732344764552E-004  4.295166833497941E-009
  2.024880239788472E-004  4.381933862649494E-009
  2.045230624523776E-004  4.470454961233615E-009
  2.065785534025897E-004  4.560764874640536E-009
  2.086547023802914E-004  4.652898821477435E-009
  2.107517170021107E-004  4.746892498647387E-009
  2.128698069712572E-004  4.842786461921707E-009
  2.150091840984929E-004  4.940617446016167E-009
  2.171700623233133E-004  5.040424153261996E-009
  2.193526577353418E-004  5.142247295801005E-009
  2.215571885959383E-004  5.246128150438963E-009
  2.237838753600260E-004  5.352107069359452E-009
  2.260329406981369E-004  5.460226454618705E-009
  2.283046095186790E-004  5.570530801668197E-009
  2.305991089904274E-004  5.683063707489720E-009
  2.329166685652415E-004  5.797867839275570E-009
  2.352575200010099E-004  5.914992568899839E-009
  2.376218973848271E-004  6.034483346091236E-009
  2.400100371564016E-004  6.156389333600182E-009
  2.424221781317008E-004  6.280755709253612E-009
  2.448585615268323E-004  6.407640762933109E-009
  2.473194309821660E-004  6.537083202958461E-009
  2.498050325866981E-004  6.669137992371966E-009
  2.523156149026604E-004  6.803864046402145E-009
  2.548514289903768E-004  6.941311553876943E-009
  2.574127284333690E-004  7.081540992610355E-009
  2.599997693637159E-004  7.224594363931928E-009
  2.626128104876664E-004  7.370540076091084E-009
  2.652521131115104E-004  7.519437781045247E-009
  2.679179411677097E-004  7.671334868487597E-009
  2.706105612412915E-004  7.826308902033696E-009
  2.733302425965069E-004  7.984408870466756E-009
  2.760772572037580E-004  8.145704284247023E-009
  2.788518797667946E-004  8.310255633792644E-009
  2.816543877501851E-004  8.478137636574549E-009
  2.844850614070635E-004  8.649405860773316E-009
  2.873441838071543E-004  8.824133509511142E-009
  2.902320408650801E-004  9.002394822485686E-009
  2.931489213689532E-004  9.184254818049819E-009
  2.960951170092547E-004  9.369789688776694E-009
  2.990709224080040E-004  9.559076696629013E-009
  3.020766351482207E-004  9.752180285323698E-009
  3.051125558036835E-004  9.949190158387238E-009
  3.081789879689881E-004  1.015017627352111E-008
  3.112762382899062E-004  1.035522360279982E-008
  3.144046164940510E-004  1.056441122562068E-008
  3.175644354218500E-004  1.077782641523825E-008
  3.207560110578290E-004  1.099556124811980E-008
  3.239796625622114E-004  1.121768031964384E-008
  3.272357123028340E-004  1.144429236957304E-008
  3.305244858873842E-004  1.167548231653171E-008
  3.338463121959611E-004  1.191133986237865E-008
  3.372015234139638E-004  1.215197428090880E-008
  3.405904550653101E-004  1.239745585582484E-008
  3.440134460459893E-004  1.264790016960685E-008
  3.474708386579519E-004  1.290340214450306E-008
  3.509629786433403E-004  1.316407295563604E-008
  3.544902152190631E-004  1.342999901347080E-008
  3.580529011117173E-004  1.370130941661133E-008
  3.616513925928612E-004  1.397809716241426E-008
  3.652860495146414E-004  1.426047171127150E-008
  3.689572353457793E-004  1.454855170128829E-008
  3.726653172079170E-004  1.484244971879282E-008
  3.764106659123311E-004  1.514228763853401E-008
  3.801936559970129E-004  1.544818903790167E-008
  3.840146657641236E-004  1.576025570833079E-008
  3.878740773178239E-004  1.607863795965828E-008
  3.917722766024855E-004  1.640344084384043E-008
  3.957096534412853E-004  1.673481843925163E-008
  3.996866015751884E-004  1.707287913209664E-008
  4.037035187023224E-004  1.741778084844555E-008
  4.077608065177472E-004  1.776964345820902E-008
  4.118588707536257E-004  1.812861270756550E-008
  4.159981212197964E-004  1.849482006754945E-008
  4.201789718447553E-004  1.886844791830371E-008
  4.244018407170490E-004  1.924960723812994E-008
  4.286671501270838E-004  1.963848479348649E-008
  4.329753266093551E-004  2.003520357478541E-008
  4.373268009851013E-004  2.043995495050161E-008
  4.417220084053862E-004  2.085286589688569E-008
  4.461613883946145E-004  2.127411558847990E-008
  4.506453848944847E-004  2.170388575346975E-008
  4.551744463083835E-004  2.214232657827310E-008
  4.597490255462263E-004  2.258963304325043E-008
  4.643695800697493E-004  2.304597708428550E-008
  4.690365719382552E-004  2.351152429545492E-008
  4.737504678548200E-004  2.398649465912842E-008
  4.785117392129637E-004  2.447105016880597E-008
  4.833208621437898E-004  2.496539881872516E-008
  4.881783175635990E-004  2.546973388341324E-008
  4.930845912219812E-004  2.598425126519066E-008
  4.980401737503908E-004  2.650916736939222E-008
  5.030455607112102E-004  2.704468370709617E-008
  5.081012526473069E-004  2.759103154479478E-008
  5.132077551320874E-004  2.814840014400004E-008
  5.183655788200556E-004  2.871703580383129E-008
  5.235752394978785E-004  2.929716091021610E-008
  5.288372581359655E-004  2.988900087276976E-008
  5.341521609405652E-004  3.049280263996854E-008
  5.395204794063872E-004  3.110879804431019E-008
  5.449427503697519E-004  3.173723137719090E-008
  5.504195160622739E-004  3.237836903723850E-008
  5.559513241650865E-004  3.303244346816733E-008
  5.615387278636101E-004  3.369974700787368E-008
  5.671822859028704E-004  3.438052859427267E-008
  5.728825626433746E-004  3.507505961234790E-008
  5.786401281175469E-004  3.578361517184118E-008
  5.844555580867326E-004  3.650649348086152E-008
  5.903294340987749E-004  3.724397751018199E-008
  5.962623435461700E-004  3.799635407978110E-008
  6.022548797248065E-004  3.876393352578766E-008
  6.083076418932963E-004  3.954700092393698E-008
  6.144212353329002E-004  4.034592442099853E-008
  6.205962714080567E-004  4.116096800052288E-008
  6.268333676275193E-004  4.199245898499210E-008
  6.331331477061076E-004  4.284074932958285E-008
  6.394962416270792E-004  4.370619595184140E-008
  6.459232857051288E-004  4.458914046117371E-008
  6.524149226500201E-004  4.548990870416991E-008
  6.589718016308573E-004  4.640887188973549E-008
  6.655945783410026E-004  4.734638576789705E-008
  6.722839150636460E-004  4.830283163950451E-008
  6.790404807380342E-004  4.927863776667214E-008
  6.858649510263652E-004  5.027413386866272E-008
  6.927580083813549E-004  5.128975905236928E-008
  6.997203421144829E-004  5.232589525903362E-008
  7.067526484649246E-004  5.338292952373612E-008
  7.138556306691753E-004  5.446131812982924E-008
  7.210299990313746E-004  5.556150237445722E-008
  7.282764709943374E-004  5.668392968306015E-008
  7.355957712112987E-004  5.782903198610354E-008
  7.429886316183797E-004  5.899724704095857E-008
  7.504557915077816E-004  6.018908421720526E-008
  7.579979976017164E-004  6.140497208408759E-008
  7.656160041270783E-004  6.264545543395335E-008
  7.733105728908685E-004  6.391095348704283E-008
  7.810824733563754E-004  6.520202483724242E-008
  7.889324827201221E-004  6.651919116884378E-008
  7.968613859895868E-004  6.786295879380819E-008
  8.048699760617038E-004  6.923388622794553E-008
  8.129590538021542E-004  7.063249419400894E-008
  8.211294281254529E-004  7.205933331189332E-008
  8.293819160758410E-004  7.351505384004769E-008
  8.377173429089906E-004  7.500015345504695E-008
  8.461365421745311E-004  7.651525244413191E-008
  8.546403557994053E-004  7.806093303226167E-008
  8.632296341720621E-004  7.963787928203305E-008
  8.719052362274964E-004  8.124669062140325E-008
  8.806680295331436E-004  8.288797451390090E-008
  8.895188903756367E-004  8.456244194926368E-008
  8.984587038484355E-004  8.627069418334654E-008
  9.074883639403372E-004  8.801348484620218E-008
  9.166087736248758E-004  8.979148152933222E-008
  9.258208449506200E-004  9.160540947614802E-008
  9.351254991323793E-004  9.345597953228759E-008
  9.445236666433257E-004  9.534388764166059E-008
  9.540162873080421E-004  9.726998724026696E-008
  9.636043103965054E-004  9.923497034852760E-008
  9.732886947190147E-004  1.012396627420548E-007
  9.830704087220726E-004  1.032847764308720E-007
  9.929504305852307E-004  1.053713350412200E-007
  1.002929748318909E-003  1.074999723582357E-007
  1.013009359863196E-003  1.096716350302198E-007
  1.023190273187647E-003  1.118872321669452E-007
  1.033473506392079E-003  1.141474799542399E-007
  1.043860087808380E-003  1.164533617182616E-007
  1.054351056103348E-003  1.188058228820765E-007
  1.064947460382556E-003  1.212058742080534E-007
  1.075650360295261E-003  1.236544358789709E-007
  1.086460826140374E-003  1.261523877451228E-007
  1.097379938973488E-003  1.287008330538422E-007
  1.108408790714985E-003  1.313007311360139E-007
  1.119548484259231E-003  1.339532146742061E-007
  1.130800133584864E-003  1.366592711554816E-007
  1.142164863866191E-003  1.394200092753780E-007
  1.153643811585712E-003  1.422364444859231E-007
  1.165238124647765E-003  1.451097694263147E-007
  1.176948962493318E-003  1.480412484273034E-007
  1.188777496215914E-003  1.510318881939178E-007
  1.200724908678782E-003  1.540829298964017E-007
  1.212792394633126E-003  1.571956320571236E-007
  1.224981160837598E-003  1.603711587803937E-007
  1.237292426178973E-003  1.636109146973971E-007
  1.249727421794048E-003  1.669160984338645E-007
  1.262287391192744E-003  1.702879812913576E-007
  1.274973590382470E-003  1.737280230595796E-007
  1.287787287993715E-003  1.772375895106615E-007
  1.300729765406920E-003  1.808179497501455E-007
  1.313802316880610E-003  1.844707373143719E-007
  1.327006249680827E-003  1.881973181580563E-007
  1.340342884211854E-003  1.919991349527022E-007
  1.353813554148259E-003  1.958778852953914E-007
  1.367419606568260E-003  1.998348772269751E-007
  1.381162402088439E-003  2.038717918594278E-007
  1.395043314999798E-003  2.079902743098480E-007
  1.409063733405198E-003  2.121919324628504E-007
  1.423225059358161E-003  2.164785167310145E-007
  1.437528709003086E-003  2.208516201044626E-007
  1.451976112716855E-003  2.253131004786682E-007
  1.466568715251880E-003  2.298647194800084E-007
  1.481307975880575E-003  2.345083243572688E-007
  1.496195368541286E-003  2.392456023156079E-007
  1.511232381985684E-003  2.440788222653422E-007
  1.526420519927645E-003  2.490094743288862E-007
  1.541761301193620E-003  2.540396314976199E-007
  1.557256259874520E-003  2.591717115056228E-007
  1.572906945479126E-003  2.644073432623067E-007
  1.588714923089039E-003  2.697487491076620E-007
  1.604681773515195E-003  2.751980546129987E-007
  1.620809093455942E-003  2.807574144957544E-007
  1.637098495656713E-003  2.864288835044588E-007
  1.653551609071303E-003  2.922154541135648E-007
  1.670170079024764E-003  2.981183343066397E-007
  1.686955567377941E-003  3.041408437759563E-007
  1.703909752693657E-003  3.102847694510102E-007
  1.721034330404571E-003  3.165529804879864E-007
  1.738331012982726E-003  3.229477212585594E-007
  1.755801530110794E-003  3.294716674186062E-007
  1.773447628855045E-003  3.361275321583249E-007
  1.791271073840059E-003  3.429175250660192E-007
  1.809273647425189E-003  3.498451078124255E-007
  1.827457149882794E-003  3.569124269303981E-007
  1.845823399578274E-003  3.641224790517753E-007
  1.864374233151902E-003  3.714783030989496E-007
  1.883111505702496E-003  3.789827031198258E-007
  1.902037090972925E-003  3.866385208151296E-007
  1.921152881537488E-003  3.944490565656813E-007
  1.940460788991171E-003  4.024175167330959E-007
  1.959962744140808E-003  4.105468690245273E-007
  1.979660697198168E-003  4.188405475161698E-007
  1.999556617974969E-003  4.273014624836158E-007
  2.019652496079871E-003  4.359335679292969E-007
  2.039950341117431E-003  4.447400089690791E-007
  2.060452182889067E-003  4.537244075779818E-007
  2.081160071596040E-003  4.628902902185143E-007
  2.102076078044479E-003  4.722413780549738E-007
  2.123202293852459E-003  4.817811489527177E-007
  2.144540831659165E-003  4.915138676005778E-007
  2.166093825336160E-003  5.014431157751854E-007
  2.187863430200773E-003  5.115728217384917E-007
  2.209851823231631E-003  5.219072682360420E-007
  2.232061203286362E-003  5.324504960975472E-007
  2.254493791321479E-003  5.432066010930525E-007
  2.277151830614479E-003  5.541800398173337E-007
  2.300037586988174E-003  5.653753311104135E-007
  2.323153349037271E-003  5.767964400072778E-007
  2.346501428357240E-003  5.884486224193711E-007
  2.370084159775469E-003  6.003359650365419E-007
  2.393903901584753E-003  6.124633896085286E-007
  2.417963035779121E-003  6.248362012143748E-007
  2.442263968292043E-003  6.374586741302314E-007
  2.466809129237021E-003  6.503365669652721E-007
  2.491600973150604E-003  6.634738059145722E-007
  2.516641979237843E-003  6.768766099895054E-007
  2.541934651620214E-003  6.905509673243320E-007
  2.567481519586034E-003  7.045006830732963E-007
  2.593285137843387E-003  7.187325362673784E-007
  2.619348086775602E-003  7.332517696498792E-007
  2.645672972699293E-003  7.480643532859930E-007
  2.672262428124988E-003  7.631760096204016E-007
  2.699119112020388E-003  7.785932032309659E-007
  2.726245710076264E-003  7.943221561779695E-007
  2.753644934975027E-003  8.103681691927061E-007
  2.781319526661998E-003  8.267382965902370E-007
  2.809272252619410E-003  8.434400328546025E-007
  2.837505908143152E-003  8.604789366895084E-007
  2.866023316622305E-003  8.778616635034223E-007
  2.894827329821480E-003  8.955959918677328E-007
  2.923920828166001E-003  9.136880828096921E-007
  2.953306721029949E-003  9.321455668101877E-007
  2.982987947027096E-003  9.509761817881566E-007
  3.012967474304777E-003  9.701874231003176E-007
  3.043248300840704E-003  9.897865359236562E-007
  3.073833454742763E-003  1.009781571624043E-006
  3.104725994551833E-003  1.030180693603053E-006
  3.135929009547639E-003  1.050991461979192E-006
  3.167445620057682E-003  1.072222977235559E-006
  3.199278977769278E-003  1.093883384299170E-006
  3.231432266044725E-003  1.115981665172050E-006
  3.263908700239646E-003  1.138526196312400E-006
  3.296711528024524E-003  1.161525099014684E-006
  3.329844029709473E-003  1.184989923178087E-006
  3.363309518572272E-003  1.208927940089238E-006
  3.397111341189696E-003  1.233350236337992E-006
  3.431252877772174E-003  1.258265062493300E-006
  3.465737542501817E-003  1.283683785942098E-006
  3.500568783873834E-003  1.309615668134619E-006
  3.535750085041388E-003  1.336071613708224E-006
  3.571284964163915E-003  1.363061915933747E-006
  3.607176974758939E-003  1.390597391957090E-006
  3.643429706057430E-003  1.418689007754259E-006
  3.680046783362728E-003  1.447349044056196E-006
  3.717031868413078E-003  1.476587226633102E-006
  3.754388659747807E-003  1.506416147888852E-006
  3.792120893077178E-003  1.536847791147978E-006
  3.830232341655968E-003  1.567894700708624E-006
  3.868726816660794E-003  1.599567605959667E-006
  3.907608167571236E-003  1.631880972375219E-006
  3.946880282554787E-003  1.664847868041031E-006
  3.986547088855670E-003  1.698479117802546E-006
  4.026612553187573E-003  1.732790551932346E-006
  4.067080682130316E-003  1.767794969486093E-006
  4.107955522530517E-003  1.803506159593789E-006
  4.149241161906279E-003  1.839939748024535E-006
  4.190941728855944E-003  1.877108270468610E-006
  4.233061393470959E-003  1.915027751906647E-006
  4.275604367752883E-003  1.953714445044034E-006
  4.318574906034598E-003  1.993182310224797E-006
  4.361977305405740E-003  2.033445489957726E-006
  4.405815906142417E-003  2.074525105322339E-006
  4.450095092141232E-003  2.116433210370850E-006
  4.494819291357688E-003  2.159188859567069E-006
  4.539992976248974E-003  2.202806211046680E-006
  4.585620664221224E-003  2.247306530603742E-006
  4.631706918081261E-003  2.292705305025865E-006
  4.678256346492874E-003  2.339020844644564E-006
  4.725273604437696E-003  2.386271712498122E-006
  4.772763393680704E-003  2.434476727062581E-006
  4.820730463240395E-003  2.483656741815958E-006
  4.869179609863700E-003  2.533831121123117E-006
  4.918115678505653E-003  2.585017698735128E-006
  4.967543562813901E-003  2.637238146628824E-006
  5.017468205618064E-003  2.690514442423104E-006
  5.067894599424026E-003  2.744866140036200E-006
  5.118827786913189E-003  2.800315797327286E-006
  5.170272861446748E-003  2.856886287497236E-006
  5.222234967575027E-003  2.914598953197909E-006
  5.274719301551940E-003  2.973477280826518E-006
  5.327731111854623E-003  3.033546950136308E-006
  5.381275699708282E-003  3.094828375496625E-006
  5.435358419616323E-003  3.157346945509123E-006
  5.489984679895806E-003  3.221130299664682E-006
  5.545159943218281E-003  3.286201709979918E-006
  5.600889727156061E-003  3.352586669142412E-006
  5.657179604733979E-003  3.420312941724682E-006
  5.714035204986703E-003  3.489408681708166E-006
  5.771462213521638E-003  3.559898548450939E-006
  5.829466373087492E-003  3.631813382932435E-006
  5.888053484148560E-003  3.705180539624657E-006
  5.947229405464770E-003  3.780029713469001E-006
  6.007000054677568E-003  3.856392001538932E-006
  6.067371408901684E-003  3.934296942303052E-006
  6.128349505322849E-003  4.013774473740859E-006
  6.189940441801521E-003  4.094856951002120E-006
  6.252150377482675E-003  4.177578189439561E-006
  6.314985533411720E-003  4.261971461200838E-006
  6.378452193156611E-003  4.348070496808842E-006
  6.442556703436212E-003  4.435907436050421E-006
  6.507305474754973E-003  4.525521038916205E-006
  6.572704982043981E-003  4.616940247708809E-006
  6.638761765308467E-003  4.710208954418638E-006
  6.705482430281803E-003  4.805361223443949E-006
  6.772873649086087E-003  4.902433672617167E-006
  6.840942160899361E-003  5.001469763928233E-006
  6.909694772629528E-003  5.102509331822652E-006
  6.979138359595057E-003  5.205586345610633E-006
  7.049279866212513E-003  5.310743794874546E-006
  7.120126306691010E-003  5.418025271734961E-006
  7.191684765733635E-003  5.527477147611500E-006
  7.263962399245923E-003  5.639137728856339E-006
  7.336966435051459E-003  5.753056773411608E-006
  7.410704173614658E-003  5.869275943635239E-006
  7.485182988770826E-003  5.987846305667940E-006
  7.560410328463545E-003  6.108804080652083E-006
  7.636393715489472E-003  6.232210515630018E-006
  7.713140748250632E-003  6.358107554272041E-006
  7.790659101514255E-003  6.486548963063733E-006
  7.868956527180266E-003  6.617584729185462E-006
  7.948040855056482E-003  6.751270080916704E-006
  8.027919993641592E-003  6.887654144746844E-006
  8.108601930916023E-003  7.026791303432382E-006
  8.190094735140737E-003  7.168741318333301E-006
  8.272406555664065E-003  7.313562470883201E-006
  8.355545623736655E-003  7.461304495875044E-006
  8.439520253334597E-003  7.612031865216980E-006
  8.524338841990829E-003  7.765802883391720E-006
  8.610009871634900E-003  7.922679018229872E-006
  8.696541909441165E-003  8.082729741814115E-006
  8.783943608685518E-003  8.246013531505234E-006
  8.872223709610716E-003  8.412592043152174E-006
  8.961391040300420E-003  8.582535024677170E-006
  9.051454517562004E-003  8.755910768234251E-006
  9.142423147818249E-003  8.932795847425090E-006
  9.234306028007988E-003  9.113245801553393E-006
  9.327112346495808E-003  9.297344022688108E-006
  9.420851383990897E-003  9.485160217855384E-006
  9.515532514475121E-003  9.676772515960147E-006
  9.611165206140429E-003  9.872252612390395E-006
  9.707759022335682E-003  1.007168828497055E-005
  9.805323622522994E-003  1.027514830654599E-005
  9.903868763243690E-003  1.048271760542523E-005
  1.000340429909396E-002  1.069447462174363E-005
  1.010394018371034E-002  1.091051427910117E-005
  1.020548647076507E-002  1.113091735965463E-005
  1.030805331497147E-002  1.135577611248584E-005
  1.041165097309945E-002  1.158516841323085E-005
  1.051628980500114E-002  1.181919937449178E-005
  1.062198027464693E-002  1.205796508933195E-005
  1.072873295117187E-002  1.230155238384796E-005
  1.083655850993256E-002  1.255005454976072E-005
  1.094546773357475E-002  1.280358755386098E-005
  1.105547151311154E-002  1.306223139181187E-005
  1.116658084901257E-002  1.332610488147405E-005
  1.127880685230402E-002  1.359530139446183E-005
  1.139216074567974E-002  1.386993735962049E-005
  1.150665386462352E-002  1.415012537222521E-005
  1.162229765854267E-002  1.443598511001085E-005
  1.173910369191296E-002  1.472759912536866E-005
  1.185708364543506E-002  1.502511220820935E-005
  1.197624931720263E-002  1.532864331352370E-005
  1.209661262388217E-002  1.563829051309309E-005
  1.221818560190464E-002  1.595420399505701E-005
  1.234098040866916E-002  1.627649637989579E-005
  1.246500932375873E-002  1.660530460485566E-005
  1.259028475016822E-002  1.694075605461147E-005
  1.271681921554466E-002  1.728297406622849E-005
  1.284462537344004E-002  1.763209520482642E-005
  1.297371600457665E-002  1.798828706060166E-005
  1.310410401812519E-002  1.835166697469191E-005
  1.323580245299567E-002  1.872238906971285E-005
  1.336882447914131E-002  1.910059780753204E-005
  1.350318339887560E-002  1.948645150627877E-005
  1.363889264820246E-002  1.988008679579792E-005
  1.377596579815993E-002  2.028169613676072E-005
  1.391441655617722E-002  2.069140844704100E-005
  1.405425876744551E-002  2.110939061890994E-005
  1.419550641630247E-002  2.153582405512755E-005
  1.433817362763069E-002  2.197086822810757E-005
  1.448227466827019E-002  2.241469704978588E-005
  1.462782394844512E-002  2.286749301264528E-005
  1.477483602320478E-002  2.332944114941814E-005
  1.492332559387917E-002  2.380071030345382E-005
  1.507330750954910E-002  2.428150295637647E-005
  1.522479676853111E-002  2.477201183221936E-005
  1.537780851987735E-002  2.527243865303648E-005
  1.553235806489046E-002  2.578296881174073E-005
  1.568846085865373E-002  2.630379656569115E-005
  1.584613251157663E-002  2.683516388019053E-005
  1.600538879095584E-002  2.737725798482287E-005
  1.616624562255202E-002  2.793029455064511E-005
  1.632871909218236E-002  2.849450528730148E-005
  1.649282544732924E-002  2.907012515678166E-005
  1.665858109876491E-002  2.965735277337356E-005
  1.682600262219266E-002  3.025646894858499E-005
  1.699510675990435E-002  3.086766523402091E-005
  1.716591042245466E-002  3.149120256467651E-005
  1.733843069035219E-002  3.212735904803321E-005
  1.751268481576749E-002  3.277636261084503E-005
  1.768869022425833E-002  3.343845775627433E-005
  1.786646451651221E-002  3.411391961852836E-005
  1.804602547010652E-002  3.480306843440952E-005
  1.822739104128624E-002  3.550611859972619E-005
  1.841057936675963E-002  3.622338428928879E-005
  1.859560876551190E-002  3.695510045409021E-005
  1.878249774063711E-002  3.770163120434712E-005
  1.897126498118852E-002  3.846323331818744E-005
  1.916192936404749E-002  3.924019517417323E-005
  1.935450995581120E-002  4.003288021770963E-005
  1.954902601469929E-002  4.084157135242456E-005
  1.974549699247977E-002  4.166658391890222E-005
  1.994394253641412E-002  4.250826645402823E-005
  2.014438249122213E-002  4.336694334749251E-005
  2.034683690106630E-002  4.424300177515220E-005
  2.055132601155633E-002  4.513670244084350E-005
  2.075787027177368E-002  4.604850078599008E-005
  2.096649033631649E-002  4.697869609595988E-005
  2.117720706736506E-002  4.792768072863357E-005
  2.139004153676810E-002  4.889585256615593E-005
  2.160501502814991E-002  4.988356993721266E-005
  2.182214903903878E-002  5.089124127518905E-005
  2.204146528301673E-002  5.191925031908882E-005
  2.226298569189094E-002  5.296807760092621E-005
  2.248673241788688E-002  5.403804184805872E-005
  2.271272783586362E-002  5.512961979471818E-005
  2.294099454555128E-002  5.624327953861231E-005
  2.317155537381105E-002  5.737941790038793E-005
  2.340443337691791E-002  5.853848382403210E-005
  2.363965184286621E-002  5.972099534659682E-005
  2.387723429369857E-002  6.092738306767274E-005
  2.411720448785807E-002  6.215811502704790E-005
  2.435958642256409E-002  6.341369756091770E-005
  2.460440433621209E-002  6.469469222710343E-005
  2.485168271079745E-002  6.600152344525256E-005
  2.510144627436369E-002  6.733475064984854E-005
  2.535372000347531E-002  6.869490860416008E-005
  2.560852912571544E-002  7.008257219344184E-005
  2.586589912220866E-002  7.149825854771805E-005
  2.612585573016910E-002  7.294249166167185E-005
  2.638842494547416E-002  7.441593549461843E-005
  2.665363302526420E-002  7.591909656613447E-005
  2.692150649056821E-002  7.745265578570020E-005
  2.719207212895593E-002  7.901720265306157E-005
  2.746535699721668E-002  8.061333461515959E-005
  2.774138842406503E-002  8.224172534841783E-005
  2.802019401287368E-002  8.390298947498594E-005
  2.830180164443387E-002  8.559785315562045E-005
  2.858623947974340E-002  8.732691446811919E-005
  2.887353596282286E-002  8.909084877668255E-005
  2.916371982355996E-002  9.089048047985135E-005
  2.945682008058260E-002  9.272647037932296E-005
  2.975286604416073E-002  9.459945266463343E-005
  3.005188731913742E-002  9.651035353270610E-005
  3.035391380788934E-002  9.845982769590894E-005
  3.065897571331706E-002  1.004486457033568E-004
  3.096710354186534E-002  1.024776967217197E-004
  3.127832810657381E-002  1.045476654918829E-004
  3.159268053015830E-002  1.066595000797036E-004
  3.191019224812314E-002  1.088139429231851E-004
  3.223089501190469E-002  1.110118562764225E-004
  3.255482089204662E-002  1.132542620111897E-004
  3.288200228140684E-002  1.155419370855576E-004
  3.321247189839698E-002  1.178757429867833E-004
  3.354626279025410E-002  1.202567401949530E-004
  3.388340833634556E-002  1.226858538398250E-004
  3.422394225150692E-002  1.251639458410140E-004
  3.456789858941348E-002  1.276920795893816E-004
  3.491531174598565E-002  1.302713335610582E-004
  3.526621646282862E-002  1.329026861441212E-004
  3.562064783070648E-002  1.355872061093322E-004
  3.597864129305139E-002  1.383258605233588E-004
  3.634023264950790E-002  1.411198632343523E-004
  3.670545805951299E-002  1.439703670900640E-004
  3.707435404591201E-002  1.468783833252073E-004
  3.744695749861103E-002  1.498450947206288E-004
  3.782330567826581E-002  1.528717402644588E-004
  3.820343622000794E-002  1.559594962818433E-004
  3.858738713720837E-002  1.591096756973508E-004
  3.897519682527879E-002  1.623234078904650E-004
  3.936690406551117E-002  1.656021212731962E-004
  3.976254802895596E-002  1.689469382164292E-004
  4.016216828033922E-002  1.723593645710760E-004
  4.056580478201910E-002  1.758407630289827E-004
  4.097349789798213E-002  1.793923492300565E-004
  4.138528839787965E-002  1.830156875888115E-004
  4.180121746110482E-002  1.867121975222918E-004
  4.222132668091057E-002  1.904833177683379E-004
  4.264565806856896E-002  1.943307602591521E-004
  4.307425405757237E-002  1.982557518747627E-004
  4.350715750787687E-002  2.022601322068979E-004
  4.394441171018824E-002  2.063452528586498E-004
  4.438606039029110E-002  2.105129137371997E-004
  4.483214771342150E-002  2.147647671664519E-004
  4.528271828868348E-002  2.191024009561680E-004
  4.573781717351005E-002  2.235276867306536E-004
  4.619748987816896E-002  2.280421706931401E-004
  4.666178237031371E-002  2.326479495681513E-004
  4.713074107958044E-002  2.373467063105413E-004
  4.760441290223089E-002  2.421403246612427E-004
  4.808284520584203E-002  2.470308040740415E-004
  4.856608583404293E-002  2.520199915433921E-004
  4.905418311129910E-002  2.571099401319090E-004
  4.954718584774503E-002  2.623026403556777E-004
  5.004514334406519E-002  2.676002014060645E-004
  5.054810539642417E-002  2.730046696219816E-004
  5.105612230144637E-002  2.785184890906630E-004
  5.156924486124562E-002  2.841434884153406E-004
  5.208752438850550E-002  2.898819861725568E-004
  5.261101271161066E-002  2.957364271878311E-004
  5.313976217982963E-002  3.017090076912783E-004
  5.367382566854987E-002  3.078022377618286E-004
  5.421325658456530E-002  3.140185674262173E-004
  5.475810887141705E-002  3.203601930267939E-004
  5.530843701478785E-002  3.268301096172071E-004
  5.586429604795065E-002  3.334304853597202E-004
  5.642574155727198E-002  3.401640991160398E-004
  5.699282968777064E-002  3.470336711049517E-004
  5.756561714873226E-002  3.540420573580340E-004
  5.814416121938026E-002  3.611917589289761E-004
  5.872851975460383E-002  3.684859046973829E-004
  5.931875119074346E-002  3.759272693887526E-004
  5.991491455143462E-002  3.835188654129518E-004
  6.051706945351018E-002  3.912636461055433E-004
  6.112527611296215E-002  3.991648073475286E-004
  6.173959535096332E-002  4.072253861144546E-004
  6.236008859994942E-002  4.154489716012490E-004
  6.298681790976243E-002  4.238382798171226E-004
  6.361984595385561E-002  4.323970932247552E-004
  6.425923603556088E-002  4.411286262647611E-004
  6.490505209441925E-002  4.500365534949190E-004
  6.555735871257479E-002  4.591237624580695E-004
  6.621622112123289E-002  4.683948619270419E-004
  6.688170520718349E-002  4.778530477934517E-004
  6.755387751938975E-002  4.875017694415365E-004
  6.823280527564303E-002  4.973455911418265E-004
  6.891855636928473E-002  5.073880695141418E-004
  6.961119937599569E-002  5.176334558149337E-004
  7.031080356065378E-002  5.280851926715410E-004
  7.101743888426046E-002  5.387478570477737E-004
  7.173117601093697E-002  5.496260914091176E-004
  7.245208631499074E-002  5.607237227463260E-004
  7.318024188805296E-002  5.720448488512871E-004
  7.391571554628772E-002  5.835947349403913E-004
  7.465858083767374E-002  5.953780520825915E-004
  7.540891204935922E-002  6.073986363566275E-004
  7.616678421509060E-002  6.196621790569901E-004
  7.693227312271603E-002  6.321726382903815E-004
  7.770545532176416E-002  6.449360750588521E-004
  7.848640813109924E-002  6.579568050994208E-004
  7.927520964665298E-002  6.712403513040528E-004
  8.007193874923428E-002  6.847916193652309E-004
  8.087667511241735E-002  6.986165114160509E-004
  8.168949921050911E-002  7.127205457354837E-004
  8.251049232659673E-002  7.271088459423867E-004
  8.333973656067598E-002  7.417877848698527E-004
  8.417731483786131E-002  7.567624013860197E-004
  8.502331091667843E-002  7.720392310695233E-004
  8.587780939744021E-002  7.876241829604766E-004
  8.674089573070681E-002  8.035237284570743E-004
  8.761265622583081E-002  8.197439446946186E-004
  8.849317805958817E-002  8.362909905935938E-004
  8.938254928489606E-002  8.531718422148103E-004
  9.028085883961814E-002  8.703933278285106E-004
  9.118819655545848E-002  8.879621228205498E-004
  9.210465316694479E-002  9.058852415712729E-004
  9.303032032050192E-002  9.241702944262042E-004
  9.396529058361662E-002  9.428237440776657E-004
  9.490965745409435E-002  9.618533981202592E-004
  9.586351536940915E-002  9.812666666977928E-004
  9.682695971614742E-002  1.001071570266430E-003
  9.780008683954670E-002  1.021275472964197E-003
  9.878299405313028E-002  1.041886866234184E-003
  9.977577964843860E-002  1.062914619651521E-003
  0.100778542904859       1.084365129073947E-003
  0.101791384099551       1.106249045888046E-003
  0.102814404517481       1.128574030290099E-003
  0.103847706461540       1.151348368653485E-003
  0.104891393262787       1.174582048653509E-003
  0.105945569290769       1.198284667930306E-003
  0.107010339963968       1.222464350766737E-003
  0.108085811760340       1.247132016890633E-003
  0.109172092227959       1.272296579641099E-003
  0.110269289995778       1.297968156660832E-003
  0.111377514784488       1.324157005198858E-003
  0.112496877417492       1.350874072950329E-003
  0.113627489831985       1.378129357092606E-003
  0.114769465090151       1.405933542842808E-003
  0.115922917390468       1.434298576410012E-003
  0.117087962079126       1.463233771513054E-003
  0.118264715661566       1.492753063100013E-003
  0.119453295814126       1.522867196599603E-003
  0.120653821395813       1.553587627402780E-003
  0.121866412460184       1.584927108355057E-003
  0.123091190267357       1.616897421593569E-003
  0.124328277296133       1.649511661671666E-003
  0.125577797256246       1.682783105397233E-003
  0.126839875100733       1.716723463911073E-003
  0.128114637038430       1.751348703063851E-003
  0.129402210546594       1.786670899566798E-003
  0.130702724383648       1.822704061404794E-003
  0.132016308602060       1.859462983798780E-003
  0.133343094561345       1.896962070057795E-003
  0.134683214941207       1.935214717764673E-003
  0.136036803754799       1.974238727449199E-003
  0.137403996362131       2.014047910925108E-003
  0.138784929483603       2.054657479018464E-003
  0.140179741213677       2.096085300429741E-003
  0.141588571034690       2.138347035156508E-003
  0.143011559830797       2.181459172382569E-003
  0.144448849902064       2.225437180812240E-003
  0.145900584978696       2.270301110223081E-003
  0.147366910235410       2.316066901120584E-003
  0.148847972305953       2.362753228366787E-003
  0.150343919297768       2.410379026494696E-003
  0.151854900806799       2.458962854293651E-003
  0.153381067932457       2.508522240225960E-003
  0.154922573292726       2.559079454799559E-003
  0.156479571039428       2.610653203669051E-003
  0.158052216873633       2.663265045027849E-003
  0.159640668061236       2.716932913621328E-003
  0.161245083448679       2.771679575340770E-003
  0.162865623478839       2.827526796262190E-003
  0.164502450207069       2.884493984483461E-003
  0.166155727317405       2.942608808487890E-003
  0.167825620138936       3.001889955695947E-003
  0.169512295662337       3.062364433930694E-003
  0.171215922556564       3.124051511779735E-003
  0.172936671185727       3.186978865414177E-003
  0.174674713626124       3.251169095611990E-003
  0.176430223683446       3.316649226106545E-003
  0.178203376910161       3.383442513476909E-003
  0.179994350623071       3.451578075298905E-003
  0.181803323921040       3.521081255910248E-003
  0.183630477702903       3.591980544357309E-003
  0.185475994685563       3.664297773358978E-003
  0.187340059422255       3.738069213566512E-003
  0.189222858321007       3.813320283490482E-003
  0.191124579663277       3.890081022314335E-003
  0.193045413622784       3.968379004885188E-003
  0.194985552284525       4.048249399005050E-003
  0.196945189663983       4.129722067420730E-003
  0.198924521726530       4.212824349654148E-003
  0.200923746407019       4.297595675832277E-003
  0.202943063629587       4.384065729982214E-003
  0.204982675327637       4.472267545021497E-003
  0.207042785464040       4.562237581084577E-003
  0.209123600051525       4.654009813227753E-003
  0.211225327173285       4.747617167359926E-003
  0.213348177003785       4.843100565365148E-003
  0.215492361829776       4.940495433987974E-003
  0.217658096071527       5.039839199886945E-003
  0.219845596304268       5.141172868803057E-003
  0.222055081279844       5.244534933725965E-003
  0.224286771948595       5.349962855077641E-003
  0.226540891481447       5.457500822750923E-003
  0.228817665292232       5.567187382477846E-003
  0.231117321060228       5.679066308777009E-003
  0.233440088752929       5.793183563379952E-003
  0.235786200649039       5.909580979147081E-003
  0.238155891361703       6.028304140193222E-003
  0.240549397861967       6.149399254762454E-003
  0.242966959502475       6.272911547336714E-003
  0.245408818041408       6.398891715763147E-003
  0.247875217666652       6.527386274676827E-003
  0.250366405020226       6.658442357636686E-003
  0.252882629222942       6.792114312597125E-003
  0.255424141899316       6.928452285277747E-003
  0.257991197202735       7.067510421940855E-003
  0.260584051840867       7.209340271469948E-003
  0.263202965101337       7.354000792645749E-003
  0.265848198877654       7.501541640652427E-003
  0.268520017695399       7.652019896093397E-003
  0.271218688738682       7.805496829953257E-003
  0.273944481876854       7.962027710760362E-003
  0.276697669691503       8.121671980285726E-003
  0.279478527503702       8.284496810939096E-003
  0.282287333401552       8.450556403619802E-003
  0.285124368267981       8.619919634569066E-003
  0.287989915808842       8.792649318839725E-003
  0.290884262581277       8.968816177985095E-003
  0.293807698022374       9.148481270895013E-003
  0.296760514478113       9.331710012947173E-003
  0.299743007232602       9.518575860390540E-003
  0.302755474537600       9.709149685189884E-003
  0.305798217642350       9.903506941302338E-003
  0.308871540823696       1.010171684293241E-002
  0.311975751416519       1.030385317085587E-002
  0.315111159844464       1.050999805120038E-002
  0.318278079650987       1.072022367052831E-002
  0.321476827530707       1.093461429736418E-002
  0.324707723361079       1.115324417266897E-002
  0.327971090234378       1.137619975278179E-002
  0.331267254490010       1.160356114840888E-002
  0.334596545747148       1.183542089618293E-002
  0.337959296937692       1.207185759511477E-002
  0.341355844339564       1.231296233218101E-002
  0.344786527610334       1.255883128694825E-002
  0.348251689821188       1.280954264492058E-002
  0.351751677491235       1.306520275305025E-002
  0.355286840622158       1.332590385690747E-002
  0.358857532733217       1.359173942393053E-002
  0.362464110896598       1.386280810053095E-002
  0.366106935773123       1.413920986004189E-002
  0.369786371648316       1.442105000069164E-002
  0.373502786468830       1.470843125216090E-002
  0.377256551879244       1.500144966679979E-002
  0.381048043259227       1.530023487274109E-002
  0.384877639761078       1.560487367576778E-002
  0.388745724347637       1.591547839910886E-002
  0.392652683830586       1.623218750754723E-002
  0.396598908909131       1.655508785216522E-002
  0.400584794209066       1.688432530139514E-002
  0.404610738322244       1.721998118955032E-002
  0.408677143846431       1.756221306409585E-002
  0.412784417425568       1.791113031036657E-002
  0.416932969790436       1.826684367397117E-002
  0.421123215799729       1.862950778834789E-002
  0.425355574481538       1.899925389144132E-002
  0.429630469075260       1.937618061982336E-002
  0.433948327073916       1.976045674117137E-002
  0.438309580266904       2.015221012647414E-002
  0.442714664783177       2.055157028049618E-002
  0.447164021134860       2.095868588208479E-002
  0.451658094261293       2.137369882365177E-002
  0.456197333573536       2.179675286187508E-002
  0.460782192999302       2.222801142553556E-002
  0.465413131028355       2.266761338776389E-002
  0.470090610758355       2.311571733585382E-002
  0.474815099941175       2.357247495398125E-002
  0.479587071029670       2.403806711464249E-002
  0.484407001224925       2.451261338894796E-002
  0.489275372523976       2.499632627872351E-002
  0.494192671768011       2.548932009636764E-002
  0.499159390691051       2.599180285896902E-002
  0.504176025969127       2.650393906609372E-002
  0.509243079269949       2.702590466773918E-002
  0.514361057303068       2.755785912953036E-002
  0.519530471870553       2.810000165048562E-002
  0.524751839918169       2.865251518112294E-002
  0.530025683587071       2.921559459417229E-002
  0.535352530266021       2.978939901461719E-002
  0.540732912644127       3.037412796511940E-002
  0.546167368764109       3.097000298385079E-002
  0.551656442076109       3.157719028441199E-002
  0.557200681492031       3.219592647177392E-002
  0.562800641440438       3.282637283453415E-002
  0.568456881921992       3.346875171305629E-002
  0.574169968565453       3.412330828864682E-002
  0.579940472684247       3.479018139837531E-002
  0.585768971333595       3.546966155107161E-002
  0.591656047368219       3.616191251384389E-002
  0.597602289500628       3.686718078201158E-002
  0.603608292359990       3.758568564939127E-002
  0.609674656551598       3.831765940125902E-002
  0.615801988716924       3.906332703531723E-002
  0.621990901594292       3.982292670217793E-002
  0.628242014080147       4.059669960802605E-002
  0.634555951290946       4.138480654786313E-002
  0.640933344625674       4.218766151327841E-002
  0.647374831828976       4.300534764928101E-002
  0.653881057054943       4.383818100734539E-002
  0.660452670931517       4.468643952562908E-002
  0.667090330625564       4.555029780137141E-002
  0.673794699908584       4.643008257209232E-002
  0.680566449223092       4.732603870162815E-002
  0.687406255749663       4.823845742247195E-002
  0.694314803474649       4.916752460566583E-002
  0.701292783258581       5.011355945867841E-002
  0.708340892905250       5.107684139928397E-002
  0.715459837231497       5.205763116181862E-002
  0.722650328137685       5.305619255386858E-002
  0.729913084678898       5.407288203955805E-002
  0.737248833136841       5.510785850889719E-002
  0.744658307092474       5.616148529401908E-002
  0.752142247499367       5.723403982747084E-002
  0.759701402757797       5.832582562051261E-002
  0.767336528789590       5.943708104747894E-002
  0.775048389113711       6.056816221805645E-002
  0.782837754922619       6.171936040369531E-002
  0.790705405159386       6.289092364627728E-002
  0.798652126595593       6.408319613535006E-002
  0.806678713910004       6.529647936093273E-002
  0.814785969768042       6.653107828721097E-002
  0.822974704902046       6.778727761380599E-002
  0.831245738192356       6.906538899774926E-002
  0.839599896749192       7.036577569234238E-002
  0.848038015995371       7.168863659832542E-002
  0.856560939749851       7.303436587040057E-002
  0.865169520312109       7.440328966624365E-002
  0.873864618547375       7.579571336093816E-002
  0.882647103972719       7.721189634960368E-002
  0.891517854844001       7.865219930034657E-002
  0.900477758243703       8.011696231858428E-002
  0.909527710169629       8.160637940943420E-002
  0.918668615624514       8.312089662476049E-002
  0.927901388706522       8.466078923285374E-002
  0.937226952700654       8.622636030617653E-002
  0.946646240171081       8.781791587986859E-002
  0.956160193054400       8.943576497728686E-002
  0.965769762753827       9.108024538833200E-002
  0.975475910234340       9.275164669581298E-002
  0.985279606118776       9.445031305635172E-002
  0.995181830784893       9.617646153160611E-002
   1.00518357446341       9.793046784649313E-002
   1.01528583733703       9.971257989086500E-002
   1.02548962964045       0.101523153282573     
   1.03579597176142       0.103362440675995     
   1.04620589434273       0.105230749943718     
   1.05672043838532       0.107128230024138     
   1.06734065535235       0.109055462496402     
   1.07806760727436       0.111012492905724     
   1.08890236685550       0.112999528184928     
   1.09984601758074       0.115017050648026     
   1.11089965382429       0.117065161995204     
   1.12206438095896       0.119144239883681     
   1.13334131546680       0.121254386902001     
   1.14473158505063       0.123395928284727     
   1.15623632874691       0.125569023010238     
   1.16785669703960       0.127773886137591     
   1.17959385197521       0.130010847127380     
   1.19144896727902       0.132279895029566     
   1.20342322847244       0.134581474819919     
   1.21551783299155       0.136915516564561     
   1.22773399030690       0.139282351587580     
   1.24007292204440       0.141682138949375     
   1.25253586210750       0.144114919735615     
   1.26512405680059       0.146580849893123     
   1.27783876495364       0.149080203132728     
   1.29068125804805       0.151612837997871     
   1.30365282034384       0.154179085032187     
   1.31675474900804       0.156778796432663     
   1.32998835424444       0.159412180198702     
   1.34335495942459       0.162079323162682     
   1.35685590122016       0.164780248984784     
   1.37049252973656       0.167514793871929     
   1.38426620864802       0.170283218537288     
   1.39817831533390       0.173085351307741     
   1.41223024101646       0.175921137799415     
   1.42642339089999       0.178790769124535     
   1.44075918431130       0.181693870280906     
   1.45523905484168       0.184630560755706     
   1.46986445049025       0.187600704557576     
   1.48463683380875       0.190604223113762     
   1.49955768204784       0.193640904238881     
   1.51462848730477       0.196710656843783     
   1.52985075667262       0.199813514057092     
   1.54522601239102       0.202948919751471     
   1.56075579199835       0.206117154269496     
   1.57644164848552       0.209317710457608     
   1.59228515045124       0.212550464301801     
   1.60828788225892       0.215815152966060     
   1.62445144419506       0.219111772167235     
   1.64077745262934       0.222439710017587     
   1.65726754017620       0.225798878817349     
   1.67392335585814       0.229188982487091     
   1.69074656527060       0.232609988433107     
   1.70773885074856       0.236061312379561     
   1.72490191153470       0.239542699407140     
   1.74223746394943       0.243054024849468     
   1.75974724156242       0.246594741452115     
   1.77743299536602       0.250164707318842     
   1.79529649395037       0.253763353554628     
   1.81333952368019       0.257390520531539     
   1.83156388887350       0.261045829952622     
   1.84997141198201       0.264728822006695     
   1.86856393377336       0.268439096729880     
   1.88734331351523       0.272176171643552     
   1.90631142916125       0.275939696897118     
   1.92547017753878       0.279729022388146     
   1.94482147453862       0.283543701973233     
   1.96436725530661       0.287383204942762     
   1.98410947443711       0.291246618739533     
   2.00405010616849       0.295133307288098     
   2.02419114458053       0.299042470778620     
   2.04453460379385       0.302973141741965     
   2.06508251817134       0.306924105751499     
   2.08583694252156       0.310894425342852     
   2.10679995230423       0.314882420302184     
   2.12797364383781       0.318886681422257     
   2.14936013450908       0.322905309362775     
   2.17096156298495       0.326936443283928     
   2.19278008942625       0.330977641426195     
   2.21481789570382       0.335026374011443     
   2.23707718561665       0.339079864876765     
   2.25956018511228       0.343134770808771     
   2.28226914250939       0.347187445145596     
   2.30520632872265       0.351234090153105     
   2.32837403748980       0.355270114365348     
   2.35177458560101       0.359290957550981     
   2.37541031313060       0.363291204092401     
   2.39928358367102       0.367265415069551     
   2.42339678456921       0.371207557889868     
   2.44775232716537       0.375111320726180     
   2.47235264703404       0.378970189397760     
   2.49720020422772       0.382777319601344     
   2.52229748352282       0.386525821541137     
   2.54764699466820       0.390208739527272     
   2.57325127263610       0.393819325215606     
   2.59911287787564       0.397351002220264     
   2.62523439656890       0.400797690466936     
   2.65161844088952       0.404153926861729     
   2.67826764926392       0.407415053714605     
   2.70518468663515       0.410577240180588     
   2.73237224472936       0.413637633979054     
   2.75983304232504       0.416594430286185     
   2.78756982552481       0.419446723562407     
   2.81558536803012       0.422194112680931     
   2.84388247141856       0.424836382221257     
   2.87246396542406       0.427373495981322     
   2.90133270821982       0.429805288933299     
   2.93049158670419       0.432131716198833     
   2.95994351678932       0.434352782700271     
   2.98969144369275       0.436468548528608     
   3.01973834223197       0.438479093453548     
   3.05008721712187       0.440384553106768     
   3.08074110327523       0.442185109982566     
   3.11170306610621       0.443880978730959     
   3.14297620183689       0.445472442984507     
   3.17456363780692       0.446959786587597     
   3.20646853278620       0.448343356448834     
   3.23869407729083       0.449623528545233     
   3.27124349390210       0.450800738051248     
   3.30412003758882       0.451875432960535     
   3.33732699603273       0.452848062196668     
   3.37086768995737       0.453719183643961     
   3.40474547346006       0.454489357839123     
   3.43896373434740       0.455159099171366     
   3.47352589447398       0.455729069812642     
   3.50843541008463       0.456199886827403     
   3.54369577215999       0.456572096083176     
   3.57931050676566       0.456846442860480     
   3.61528317540477       0.457023652371691     
   3.65161737537417       0.457104303757459     
   3.68831674012413       0.457089178407199     
   3.72538493962172       0.456978910708237     
   3.76282568071776       0.456774212790538     
   3.80064270751757       0.456475825109070     
   3.83883980175534       0.456084568199772     
   3.87742078317234       0.455600931577927     
   3.91638950989885       0.455025739291221     
   3.95574987884001       0.454359741112180     
   3.99550582606553       0.453603557975397     
   4.03566132720326       0.452757889020159     
   4.07622039783677       0.451823460376372     
   4.11718709390692       0.450800919211003     
   4.15856551211746       0.449690884896428     
   4.20035979034470       0.448494055456645     
   4.24257410805129       0.447211047349013     
   4.28521268670417       0.445842447385380     
   4.32827979019674       0.444388811729817     
   4.37177972527525       0.442851048420195     
   4.41571684196944       0.441229214489960     
   4.46009553402761       0.439524431285770     
   4.50492023935594       0.437737075582134     
   4.55019544046231       0.435867543116118     
   4.59592566490458       0.433916585941267     
   4.64211548574328       0.431884756559742     
   4.68876952199901       0.429772856580835     
   4.73589243911425       0.427581144344074     
   4.78348894942000       0.425310467276342     
   4.83156381260694       0.422961354886541     
   4.88012183620146       0.420534473607855     
   4.92916787604638       0.418030397286767     
   4.97870683678656       0.415450306259744     
   5.02874367235935       0.412794474447615     
   5.07928338649002       0.410063545549085     
   5.13033103319208       0.407258779572677     
   5.18189171727275       0.404381113596446     
   5.23397059484341       0.401431033370148     
   5.28657287383521       0.398409766724311     
   5.33970381451988       0.395318333101546     
   5.39336873003577       0.392158024804427     
   5.44757298691916       0.388929557223267     
   5.50232200564090       0.385634529233865     
   5.55762126114848       0.382274209539736     
   5.61347628341355       0.378850024615974     
   5.66989265798487       0.375362938291167     
   5.72687602654691       0.371815195627928     
   5.78443208748403       0.368207833714366     
   5.84256659645026       0.364542677674164     
   5.90128536694497       0.360821468871156     
   5.96059427089412       0.357046118199724     
   6.02049923923754       0.353218066851777     
   6.08100626252198       0.349339954145309     
   6.14212139150020       0.345413179239447     
   6.20385073773602       0.341440219062162     
   6.26620047421550       0.337423080584703     
   6.32917683596426       0.333364079486629     
   6.39278612067095       0.329265129481481     
   6.45703468931704       0.325128677606029     
   6.52192896681295       0.320957052121341     
   6.58747544264049       0.316752620253029     
   6.65368067150188       0.312517783515542     
   6.72055127397517       0.308254972907382     
   6.78809393717634       0.303966644014262     
   6.85631541542799       0.299655272052407     
   6.92522253093480       0.295323346886537     
   6.99482217446574       0.290973368051659     
   7.06512130604316       0.286607839809696     
   7.13612695563881       0.282229266266091     
   7.20784622387682       0.277840146573243     
   7.28028628274377       0.273442970241453     
   7.35345437630592       0.269040212579732     
   7.42735782143360       0.264634330282527     
   7.50200400853291       0.260227757180204     
   7.57740040228476       0.255822900164817     
   7.65355454239136       0.251422135304703     
   7.73047404433019       0.247027804155190     
   7.80816660011553       0.242642210275020     
   7.88663997906771       0.238267615951984     
   7.96590202859002       0.233906239143857     
   8.04596067495346       0.229560250634851     
   8.12682392408939       0.225231771410663     
   8.20849986239010       0.220922870249597     
   8.29099665751749       0.216635561530313     
   8.37432255921982       0.212371803251455     
   8.45848590015670       0.208133495261706     
   8.54349509673235       0.203922477693762     
   8.62935864993728       0.199740529599223     
   8.71608514619836       0.195589367776555     
   8.80368325823749       0.191470645788015     
   8.89216174593887       0.187385953156703     
   8.98152945722500       0.183336814738873     
   9.07179532894149       0.179324690262058     
   9.16296838775072       0.175350974023623     
   9.25505775103457       0.171416994739977     
   9.34807262780609       0.167524015540819     
   9.44202231963048       0.163673234098518     
   9.53691622155521       0.159865782886968     
   9.63276382304955       0.156102729560075     
   9.72957470895352       0.152385077444344     
   9.82735856043640       0.148713766135902     
   9.92612515596481       0.145089672196689     
   10.0258843722806       0.141513609940449     
   10.1266461853886       0.137986332303580     
   10.2284206715540       0.134508531791873     
   10.3312180083103       0.131080841498585     
   10.4350484754768       0.127703836185328     
   10.5399224561867       0.124378033421648     
   10.6458504379255       0.121103894775275     
   10.7528430135798       0.117881827049359     
   10.8609108824961       0.114712183559208     
   10.9700648515514       0.111595265445284     
   11.0803158362337       0.108531323015522     
   11.1916748617332       0.105520557114187     
   11.3041530640453       0.102563120510854     
   11.4177616910839       9.965911930719168E-002
   11.5325121038065       9.680861435565016E-002
   11.6484157773500       9.401162268818943E-002
   11.7654843021782       9.126811894963498E-002
   11.8837293852412       8.857803683423494E-002
   12.0031628511459       8.594127052049218E-002
   12.1237966433384       8.335767610324078E-002
   12.2456428252985       8.082707301850853E-002
   12.3687135817458       7.834924546051052E-002
   12.4930212198585       7.592394378674945E-002
   12.6185781705042       7.355088591092164E-002
   12.7453969894824       7.122975868000797E-002
   12.8734903587807       6.896021923557191E-002
   13.0028710878429       6.674189635602282E-002
   13.1335521148496       6.457439178015204E-002
   13.2655465080125       6.245728150905772E-002
   13.3988674668808       6.039011708701365E-002
   13.5335283236616       5.837242685872771E-002
   13.6695425445527       5.640371720376385E-002
   13.8069237310896       5.448347374587002E-002
   13.9456856215054       5.261116253817586E-002
   14.0858420921048       5.078623122226953E-002
   14.2274071586517       4.900811016227619E-002
   14.3703949777706       4.727621355218872E-002
   14.5148198483627       4.558994049769832E-002
   14.6606962130353       4.394867607099434E-002
   14.8080386595466       4.235179233987636E-002
   14.9568619222638       4.079864936983704E-002
   15.1071808836374       3.928859620053556E-002
   15.2590105756887       3.782097179547667E-002
   15.4123661815135       3.639510596637282E-002
   15.5672630368000       3.501032027113692E-002
   15.7237166313631       3.366592888701668E-002
   15.8817426106924       3.236123945793183E-002
   16.0413567775176       3.109555391753702E-002
   16.2025750933884       2.986816928716574E-002
   16.3654136802707       2.867837845017330E-002
   16.5298888221590       2.752547090191485E-002
   16.6960169667044       2.640873347682254E-002
   16.8638147268599       2.532745105165388E-002
   17.0332988825413       2.428090722849961E-002
   17.2044863823054       2.326838499045246E-002
   17.3773943450448       2.228916734062664E-002
   17.5520400617000       2.134253791909825E-002
   17.7284409969881       2.042778159786672E-002
   17.9066147911497       1.954418505837582E-002
   18.0865792617125       1.869103734463092E-002
   18.2683524052738       1.786763039602448E-002
   18.4519523992993       1.707325956109672E-002
   18.6373976039413       1.630722409152208E-002
   18.8247065638750       1.556882761801671E-002
   19.0138980101524       1.485737860683354E-002
   19.2049908620758       1.417219079834618E-002
   19.3980042290895       1.351258362734166E-002
   19.5929574126913       1.287788262556905E-002
   19.7898699083618       1.226741980680532E-002
   19.9887614075148       1.168053403495899E-002
   20.1896517994659       1.111657137473603E-002
   20.3925611734217       1.057488542576422E-002
   20.5975098204887       1.005483763971993E-002
   20.8045182357024       9.555797621295438E-003
   21.0136071200768       9.077143412571190E-003
   21.2247973826747       8.618261761578230E-003
   21.4381101426982       8.178548374640687E-003
   21.6535667316011       7.757408153233874E-003
   21.8711886952218       7.354255414977835E-003
   22.0909977959382       6.968514099459322E-003
   22.3130160148434       6.599617958533740E-003
   22.5372655539442       6.247010731764901E-003
   22.7637688383816       5.910146306689360E-003
   22.9925485186728       5.588488864533422E-003
   23.2236274729763       5.281513011109142E-003
   23.4570288093801       4.988703893493126E-003
   23.6927758682126       4.709557302257450E-003
   23.9308922243758       4.443579759837420E-003
   24.1714016897040       4.190288594851348E-003
   24.4143283153441       3.949212002943314E-003
   24.6596963941610       3.719889094011355E-003
   24.9075304631672       3.501869926383832E-003
   25.1578553059760       3.294715527854248E-003
   25.4106959552804       3.097997904133256E-003
   25.6660776953560       2.911300034676680E-003
   25.9240260645895       2.734215856447358E-003
   26.1845668580330       2.566350235618128E-003
   26.4477261299828       2.407318927775169E-003
   26.7135301965854       2.256748526676781E-003
   26.9820056384691       2.114276402129681E-003
   27.2531793034017       1.979550627084144E-003
   27.5270783089756       1.852229894513672E-003
   27.8037300453198       1.731983424224486E-003
   28.0831621778384       1.618490860164106E-003
   28.3654026499774       1.511442158415305E-003
   28.6504796860194       1.410537466447533E-003
   28.9384217939055       1.315486993849550E-003
   29.2292577680863       1.226010875116706E-003
   29.5230166924018       1.141839024750008E-003
   29.8197279429891       1.062710985239730E-003
   30.1194211912206       9.883757682194857E-004
   30.4221264066708       9.185916893604330E-004
   30.7278738601135       8.531261973153587E-004
   31.0366941265489       7.917556972763470E-004
   31.3486180882609       7.342653694744967E-004
   31.6636769379057       6.804489831763096E-004
   31.9819021816308       6.301087065186549E-004
   32.3033256422257       5.830549127245552E-004
   32.6279794623044       5.391059830497056E-004
   32.9558961075193       4.980881069858874E-004
   33.2871083698084       4.598350800731893E-004
   33.6216493706737       4.241880998265164E-004
   33.9595525644943       3.909955601237813E-004
   34.3008517418711       3.601128445364135E-004
   34.6455810330062       3.314021189405641E-004
   34.9937749111159       3.047321238634582E-004
   35.3454681958784       2.799779668920733E-004
   35.7006960569151       2.570209155713717E-004
   36.0594940173082       2.357481911042911E-004
   36.4218979571527       2.160527632499723E-004
   36.7879441171446       1.978331467120792E-004
   37.1576691022050       1.809931993792690E-004
   37.5311098851404       1.654419226851527E-004
   37.9083038103403       1.510932644133077E-004
   38.2892885975116       1.378659241875529E-004
   38.6741023454505       1.256831619355512E-004
   39.0627835358525       1.144726095370217E-004
   39.4553710371605       1.041660859066445E-004
   39.8519041084518       9.469941569272461E-005
   40.2524224033640       8.601225180362650E-005
   40.6569659740603       7.804790191204661E-005
   41.0655752752350       7.075315911140651E-005
   41.4782911681585       6.407813684317966E-005
   41.8951549247643       5.797610823251380E-005
   42.3162082317753       5.240334991999163E-005
   42.7414931948731       4.731899049123295E-005
   43.1710523429084       4.268486356201384E-005
   43.6049286321540       3.846536558663774E-005
   44.0431654506003       3.462731841834496E-005
   44.4858066222945       3.113983665760083E-005
   44.9328964117226       2.797419978986075E-005
   45.3844795282360       2.510372911915990E-005
   45.8406011305228       2.250366947399672E-005
   46.3013068311232       2.015107566503605E-005
   46.7666427009913       1.802470364832242E-005
   47.2366552741019       1.610490634958144E-005
   47.7113915521038       1.437353408309193E-005
   48.1908990090206       1.281383949976980E-005
   48.6752255959976       1.141038698045970E-005
   49.1644197460969       1.014896639121962E-005
   49.6585303791413       9.016511101909821E-006
   50.1576069066059       8.001020170103733E-006
   50.6616992365594       7.091484579763343E-006
   51.1708577786546       6.277817424964824E-006
   51.6851334491703       5.550787919016258E-006
   52.2045776761020       4.901959110448855E-006
   52.7292424043052       4.323629179788860E-006
   53.2591801006901       3.808776192557968E-006
   53.7944437594678       3.351006178489964E-006
   54.3350869074504       2.944504408951300E-006
   54.8811636094030       2.583989740957768E-006
   55.4327284734511       2.264671898657893E-006
   55.9898366565406       1.982211561180619E-006
   56.5525438699541       1.732683128688619E-006
   57.1209063848819       1.512540037895165E-006
   57.6949810380490       1.318582501672849E-006
   58.2748252373993       1.147927547966692E-006
   58.8604969678359       9.979812369635838E-007
   59.4520547970198       8.664129370123907E-007
   60.0495578812270       7.511315438269347E-007
   60.6530659712637       6.502635298094035E-007
   61.2626394184420       5.621327145898349E-007
   61.8783391806144       4.852416507661382E-007
   62.5002268282704       4.182545232262425E-007
   63.1283645506930       3.599814637436241E-007
   63.7628151621777       3.093641869935017E-007
   64.4036421083145       2.654628577226124E-007
   65.0509094723320       2.274441032446109E-007
   65.7046819815060       1.945700891674851E-007
   66.3650250136323       1.661885806143410E-007
   67.0320046035642       1.417239149712418E-007
   67.7056874498168       1.206688164053664E-007
   68.3861409212359       1.025769861219670E-007
   69.0734330637358       8.705640633736159E-008
   69.7676326071034       7.376329955005810E-008
   70.4688089718716       6.239668846280089E-008
   71.1770322762612       5.269350533118736E-008
   71.8923733431929       4.442420302045856E-008
   72.6149037073694       3.738882325254811E-008
   73.3446956224292       3.141348074412419E-008
   74.0818220681720       2.634722488614770E-008
   74.8263567578568       2.205924353672211E-008
   75.5783741455728       1.843637618142882E-008
   76.3379494336856       1.538090633703529E-008
   77.1051585803569       1.280860548288667E-008
   77.8800783071407       1.064700313168133E-008
   78.6627861066556       8.833859788300940E-009
   79.4533602503336       7.315821583826985E-009
   80.2518797962481       6.047237263249381E-009
   81.0584245970189       4.989119942620190E-009
   81.8730753077984       4.108237731295625E-009
   82.6959133943364       3.376318781128266E-009
   83.5270211411274       2.769357766915451E-009
   84.3664816596386       2.267012070788713E-009
   85.2143788966213       1.852077136231974E-009
   86.0707976425060       1.510031548828959E-009
   86.9358235398808       1.228643392051270E-009
   87.8095430920563       9.976303377361864E-010
   88.6920436717159       8.083667539168975E-010
   89.5834135296530       6.536318643281969E-010
   90.4837418035961       5.273936697878006E-010
   91.3931185271229       4.246239568592926E-010
   92.3116346386637       3.411402654128310E-010
   93.2393819905949       2.734711802358533E-010
   94.1764533584250       2.187417925656854E-010
   95.1229424500715       1.745764565092876E-010
   96.0789439152324       1.390164861118868E-010
   97.0445533548509       1.104506118548747E-010
   98.0198673306756       8.755682340903743E-011
   99.0049833749169       6.925209004093063E-011
   100.000000000000       5.465240199655874E-011
