  0.0000000000E+00  0.0000000000E+00  0.0000000000E+00
  3.0000000000E-04 -1.4649660225E-14 -1.2102818285E-18
  1.2000000000E-03 -5.8580414379E-14 -1.9360435779E-17
  2.7000000000E-03 -1.3173760656E-13 -9.7977844749E-17
  4.8000000000E-03 -2.3403022243E-13 -3.0950639196E-16
  7.5000000000E-03 -3.6533100738E-13 -7.5515401530E-16
  1.0800000000E-02 -5.2547663169E-13 -1.5646796565E-15
  1.4700000000E-02 -7.1426790250E-13 -2.8961199776E-15
  1.9200000000E-02 -9.3147002231E-13 -4.9354563227E-15
  2.4300000000E-02 -1.1768128936E-12 -7.8962225061E-15
  3.0000000000E-02 -1.4499914691E-12 -1.2019054115E-14
  3.6300000000E-02 -1.7506661474E-12 -1.7571180110E-14
  4.3200000000E-02 -2.0784632135E-12 -2.4845857623E-14
  5.0700000000E-02 -2.4329753227E-12 -3.4161750923E-14
  5.8800000000E-02 -2.8137620284E-12 -4.5862255659E-14
  6.7500000000E-02 -3.2203503530E-12 -6.0314769545E-14
  7.6800000000E-02 -3.6522353995E-12 -7.7909910767E-14
  8.6700000000E-02 -4.1088810055E-12 -9.9060685495E-14
  9.7200000000E-02 -4.5897204361E-12 -1.2420160593E-13
  1.0830000000E-01 -5.0941571167E-12 -1.5378776047E-13
  1.2000000000E-01 -5.6215654039E-12 -1.8829383756E-13
  1.3230000000E-01 -6.1712913931E-12 -2.2821310507E-13
  1.4520000000E-01 -6.7426537624E-12 -2.7405634677E-13
  1.5870000000E-01 -7.3349446515E-12 -3.2635075800E-13
  1.7280000000E-01 -7.9474305732E-12 -3.8563880239E-13
  1.8750000000E-01 -8.5793533584E-12 -4.5247703150E-13
  2.0280000000E-01 -9.2299311318E-12 -5.2743486970E-13
  2.1870000000E-01 -9.8983593165E-12 -6.1109336625E-13
  2.3520000000E-01 -1.0583811668E-11 -7.0404391683E-13
  2.5230000000E-01 -1.1285441334E-11 -8.0688695681E-13
  2.7000000000E-01 -1.2002381942E-11 -9.2023062842E-13
  2.8830000000E-01 -1.2733748705E-11 -1.0446894244E-12
  3.0720000000E-01 -1.3478639558E-11 -1.1808828104E-12
  3.2670000000E-01 -1.4236136309E-11 -1.3294338283E-12
  3.4680000000E-01 -1.5005305810E-11 -1.4909676836E-12
  3.6750000000E-01 -1.5785201149E-11 -1.6661103185E-12
  3.8880000000E-01 -1.6574862855E-11 -1.8554869743E-12
  4.1070000000E-01 -1.7373320117E-11 -2.0597207441E-12
  4.3320000000E-01 -1.8179592019E-11 -2.2794311202E-12
  4.5630000000E-01 -1.8992688783E-11 -2.5152325373E-12
  4.8000000000E-01 -1.9811613021E-11 -2.7677329148E-12
  5.0430000000E-01 -2.0635361000E-11 -3.0375322010E-12
  5.2920000000E-01 -2.1462923904E-11 -3.3252209209E-12
  5.5470000000E-01 -2.2293289108E-11 -3.6313787311E-12
  5.8080000000E-01 -2.3125441450E-11 -3.9565729841E-12
  6.0750000000E-01 -2.3958364508E-11 -4.3013573043E-12
  6.3480000000E-01 -2.4791041871E-11 -4.6662701784E-12
  6.6270000000E-01 -2.5622458409E-11 -5.0518335636E-12
  6.9120000000E-01 -2.6451601543E-11 -5.4585515141E-12
  7.2030000000E-01 -2.7277462503E-11 -5.8869088304E-12
  7.5000000000E-01 -2.8099037579E-11 -6.3373697332E-12
  7.8030000000E-01 -2.8915329368E-11 -6.8103765637E-12
  8.1120000000E-01 -2.9725348004E-11 -7.3063485131E-12
  8.4270000000E-01 -3.0528112376E-11 -7.8256803844E-12
  8.7480000000E-01 -3.1322651337E-11 -8.3687413872E-12
  9.0750000000E-01 -3.2108004888E-11 -8.9358739690E-12
  9.4080000000E-01 -3.2883225355E-11 -9.5273926846E-12
  9.7470000000E-01 -3.3647378539E-11 -1.0143583106E-11
  1.0092000000E+00 -3.4399544848E-11 -1.0784700775E-11
  1.0443000000E+00 -3.5138820407E-11 -1.1450970199E-11
  1.0800000000E+00 -3.5864318147E-11 -1.2142583893E-11
  1.1163000000E+00 -3.6575168865E-11 -1.2859701474E-11
  1.1532000000E+00 -3.7270522260E-11 -1.3602448797E-11
  1.1907000000E+00 -3.7949547942E-11 -1.4370917151E-11
  1.2288000000E+00 -3.8611436409E-11 -1.5165162500E-11
  1.2675000000E+00 -3.9255400001E-11 -1.5985204788E-11
  1.3068000000E+00 -3.9880673814E-11 -1.6831027291E-11
  1.3467000000E+00 -4.0486516586E-11 -1.7702576033E-11
  1.3872000000E+00 -4.1072211554E-11 -1.8599759253E-11
  1.4283000000E+00 -4.1637067263E-11 -1.9522446941E-11
  1.4700000000E+00 -4.2180418358E-11 -2.0470470428E-11
  1.5123000000E+00 -4.2701626322E-11 -2.1443622039E-11
  1.5552000000E+00 -4.3200080189E-11 -2.2441654812E-11
  1.5987000000E+00 -4.3675197211E-11 -2.3464282271E-11
  1.6428000000E+00 -4.4126423491E-11 -2.4511178277E-11
  1.6875000000E+00 -4.4553234575E-11 -2.5581976929E-11
  1.7328000000E+00 -4.4955136001E-11 -2.6676272538E-11
  1.7787000000E+00 -4.5331663810E-11 -2.7793619667E-11
  1.8252000000E+00 -4.5682385014E-11 -2.8933533229E-11
  1.8723000000E+00 -4.6006898024E-11 -3.0095488658E-11
  1.9200000000E+00 -4.6304833032E-11 -3.1278922140E-11
  1.9683000000E+00 -4.6575852354E-11 -3.2483230913E-11
  2.0172000000E+00 -4.6819650728E-11 -3.3707773629E-11
  2.0667000000E+00 -4.7035955565E-11 -3.4951870786E-11
  2.1168000000E+00 -4.7224527165E-11 -3.6214805212E-11
  2.1675000000E+00 -4.7385158884E-11 -3.7495822630E-11
  2.2188000000E+00 -4.7517677254E-11 -3.8794132273E-11
  2.2707000000E+00 -4.7621942066E-11 -4.0108907565E-11
  2.3232000000E+00 -4.7697846406E-11 -4.1439286863E-11
  2.3763000000E+00 -4.7745316647E-11 -4.2784374264E-11
  2.4300000000E+00 -4.7764312399E-11 -4.4143240464E-11
  2.4843000000E+00 -4.7754826417E-11 -4.5514923681E-11
  2.5392000000E+00 -4.7716884461E-11 -4.6898430634E-11
  2.5947000000E+00 -4.7650545119E-11 -4.8292737572E-11
  2.6508000000E+00 -4.7555899587E-11 -4.9696791367E-11
  2.7075000000E+00 -4.7433071405E-11 -5.1109510652E-11
  2.7648000000E+00 -4.7282216155E-11 -5.2529787014E-11
  2.8227000000E+00 -4.7103521116E-11 -5.3956486234E-11
  2.8812000000E+00 -4.6897204881E-11 -5.5388449577E-11
  2.9403000000E+00 -4.6663516933E-11 -5.6824495124E-11
  3.0000000000E+00 -4.6402737188E-11 -5.8263419154E-11
  3.0603000000E+00 -4.6115175490E-11 -5.9703997561E-11
  3.1212000000E+00 -4.5801171083E-11 -6.1144987316E-11
  3.1827000000E+00 -4.5461092035E-11 -6.2585127961E-11
  3.2448000000E+00 -4.5095334634E-11 -6.4023143148E-11
  3.3075000000E+00 -4.4704322750E-11 -6.5457742197E-11
  3.3708000000E+00 -4.4288507160E-11 -6.6887621698E-11
  3.4347000000E+00 -4.3848364847E-11 -6.8311467137E-11
  3.4992000000E+00 -4.3384398261E-11 -6.9727954541E-11
  3.5643000000E+00 -4.2897134561E-11 -7.1135752159E-11
  3.6300000000E+00 -4.2387124818E-11 -7.2533522153E-11
  3.6963000000E+00 -4.1854943198E-11 -7.3919922316E-11
  3.7632000000E+00 -4.1301186117E-11 -7.5293607796E-11
  3.8307000000E+00 -4.0726471370E-11 -7.6653232846E-11
  3.8988000000E+00 -4.0131437239E-11 -7.7997452573E-11
  3.9675000000E+00 -3.9516741581E-11 -7.9324924701E-11
  4.0368000000E+00 -3.8883060890E-11 -8.0634311337E-11
  4.1067000000E+00 -3.8231089344E-11 -8.1924280745E-11
  4.1772000000E+00 -3.7561537835E-11 -8.3193509109E-11
  4.2483000000E+00 -3.6875132977E-11 -8.4440682305E-11
  4.3200000000E+00 -3.6172616111E-11 -8.5664497661E-11
  4.3923000000E+00 -3.5454742280E-11 -8.6863665711E-11
  4.4652000000E+00 -3.4722279209E-11 -8.8036911935E-11
  4.5387000000E+00 -3.3976006262E-11 -8.9182978492E-11
  4.6128000000E+00 -3.3216713399E-11 -9.0300625930E-11
  4.6875000000E+00 -3.2445200116E-11 -9.1388634885E-11
  4.7628000000E+00 -3.1662274393E-11 -9.2445807747E-11
  4.8387000000E+00 -3.0868751620E-11 -9.3470970319E-11
  4.9152000000E+00 -3.0065453537E-11 -9.4462973431E-11
  4.9923000000E+00 -2.9253207160E-11 -9.5420694543E-11
  5.0700000000E+00 -2.8432843717E-11 -9.6343039302E-11
  5.1483000000E+00 -2.7605197574E-11 -9.7228943075E-11
  5.2272000000E+00 -2.6771105177E-11 -9.8077372439E-11
  5.3067000000E+00 -2.5931403987E-11 -9.8887326645E-11
  5.3868000000E+00 -2.5086931430E-11 -9.9657839022E-11
  5.4675000000E+00 -2.4238523845E-11 -1.0038797836E-10
  5.5488000000E+00 -2.3387015451E-11 -1.0107685023E-10
  5.6307000000E+00 -2.2533237316E-11 -1.0172359827E-10
  5.7132000000E+00 -2.1678016341E-11 -1.0232740541E-10
  5.7963000000E+00 -2.0822174255E-11 -1.0288749507E-10
  5.8800000000E+00 -1.9966526626E-11 -1.0340313227E-10
  5.9643000000E+00 -1.9111881887E-11 -1.0387362473E-10
  6.0492000000E+00 -1.8259040377E-11 -1.0429832386E-10
  6.1347000000E+00 -1.7408793399E-11 -1.0467662574E-10
  6.2208000000E+00 -1.6561922303E-11 -1.0500797203E-10
  6.3075000000E+00 -1.5719197581E-11 -1.0529185079E-10
  6.3948000000E+00 -1.4881377988E-11 -1.0552779730E-10
  6.4827000000E+00 -1.4049209687E-11 -1.0571539473E-10
  6.5712000000E+00 -1.3223425410E-11 -1.0585427484E-10
  6.6603000000E+00 -1.2404743653E-11 -1.0594411856E-10
  6.7500000000E+00 -1.1593867887E-11 -1.0598465650E-10
  6.8403000000E+00 -1.0791485803E-11 -1.0597566943E-10
  6.9312000000E+00 -9.9982685805E-12 -1.0591698864E-10
  7.0227000000E+00 -9.2148701804E-12 -1.0580849631E-10
  7.1148000000E+00 -8.4419266749E-12 -1.0565012574E-10
  7.2075000000E+00 -7.6800555996E-12 -1.0544186154E-10
  7.3008000000E+00 -6.9298553392E-12 -1.0518373975E-10
  7.3947000000E+00 -6.1919045428E-12 -1.0487584788E-10
  7.4892000000E+00 -5.4667615712E-12 -1.0451832493E-10
  7.5843000000E+00 -4.7549639750E-12 -1.0411136124E-10
  7.6800000000E+00 -4.0570280063E-12 -1.0365519840E-10
  7.7763000000E+00 -3.3734481625E-12 -1.0315012896E-10
  7.8732000000E+00 -2.7046967634E-12 -1.0259649620E-10
  7.9707000000E+00 -2.0512235618E-12 -1.0199469372E-10
  8.0688000000E+00 -1.4134553879E-12 -1.0134516501E-10
  8.1675000000E+00 -7.9179582811E-13 -1.0064840301E-10
  8.2668000000E+00 -1.8662493737E-13 -9.9904949484E-11
  8.3667000000E+00  4.0170101344E-13 -9.9115394416E-11
  8.4672000000E+00  9.7284975613E-13 -9.8280375333E-11
  8.5683000000E+00  1.5265132091E-12 -9.7400576536E-11
  8.6700000000E+00  2.0624076269E-12 -9.6476728285E-11
  8.7723000000E+00  2.5802737154E-12 -9.5509605929E-11
  8.8752000000E+00  3.0798767126E-12 -9.4500028960E-11
  8.9787000000E+00  3.5610064353E-12 -9.3448860028E-11
  9.0828000000E+00  4.0234772921E-12 -9.2357003883E-11
  9.1875000000E+00  4.4671282629E-12 -9.1225406274E-11
  9.2928000000E+00  4.8918228442E-12 -9.0055052785E-11
  9.3987000000E+00  5.2974489626E-12 -8.8846967630E-11
  9.5052000000E+00  5.6839188552E-12 -8.7602212387E-11
  9.6123000000E+00  6.0511689176E-12 -8.6321884690E-11
  9.7200000000E+00  6.3991595208E-12 -8.5007116877E-11
  9.8283000000E+00  6.7278747972E-12 -8.3659074591E-11
  9.9372000000E+00  7.0373223949E-12 -8.2278955336E-11
  1.0046700000E+01  7.3275332038E-12 -8.0867986999E-11
  1.0156800000E+01  7.5985610510E-12 -7.9427426332E-11
  1.0267500000E+01  7.8504823685E-12 -7.7958557396E-11
  1.0378800000E+01  8.0833958330E-12 -7.6462689979E-11
  1.0490700000E+01  8.2974219781E-12 -7.4941157973E-11
  1.0603200000E+01  8.4927027810E-12 -7.3395317731E-11
  1.0716300000E+01  8.6694012232E-12 -7.1826546394E-11
  1.0830000000E+01  8.8277008270E-12 -7.0236240196E-11
  1.0944300000E+01  8.9678051680E-12 -6.8625812747E-11
  1.1059200000E+01  9.0899373654E-12 -6.6996693296E-11
  1.1174700000E+01  9.1943395496E-12 -6.5350324979E-11
  1.1290800000E+01  9.2812723098E-12 -6.3688163059E-11
  1.1407500000E+01  9.3510141214E-12 -6.2011673140E-11
  1.1524800000E+01  9.4038607545E-12 -6.0322329390E-11
  1.1642700000E+01  9.4401246648E-12 -5.8621612746E-11
  1.1761200000E+01  9.4601343673E-12 -5.6911009120E-11
  1.1880300000E+01  9.4642337948E-12 -5.5192007604E-11
  1.2000000000E+01  9.4527816417E-12 -5.3466098673E-11
  1.2120300000E+01  9.4261506941E-12 -5.1734772401E-11
  1.2241200000E+01  9.3847271473E-12 -4.9999516672E-11
  1.2362700000E+01  9.3289099126E-12 -4.8261815411E-11
  1.2484800000E+01  9.2591099132E-12 -4.6523146815E-11
  1.2607500000E+01  9.1757493716E-12 -4.4784981613E-11
  1.2730800000E+01  9.0792610886E-12 -4.3048781327E-11
  1.2854700000E+01  8.9700877160E-12 -4.1315996565E-11
  1.2979200000E+01  8.8486810231E-12 -3.9588065324E-11
  1.3104300000E+01  8.7155011587E-12 -3.7866411326E-11
  1.3230000000E+01  8.5710159104E-12 -3.6152442375E-11
  1.3356300000E+01  8.4156999603E-12 -3.4447548742E-11
  1.3483200000E+01  8.2500341409E-12 -3.2753101583E-11
  1.3610700000E+01  8.0745046897E-12 -3.1070451383E-11
  1.3738800000E+01  7.8896025056E-12 -2.9400926447E-11
  1.3867500000E+01  7.6958224071E-12 -2.7745831410E-11
  1.3996800000E+01  7.4936623935E-12 -2.6106445803E-11
  1.4126700000E+01  7.2836229105E-12 -2.4484022647E-11
  1.4257200000E+01  7.0662061214E-12 -2.2879787091E-11
  1.4388300000E+01  6.8419151835E-12 -2.1294935102E-11
  1.4520000000E+01  6.6112535331E-12 -1.9730632189E-11
  1.4652300000E+01  6.3747241776E-12 -1.8188012182E-11
  1.4785200000E+01  6.1328289976E-12 -1.6668176056E-11
  1.4918700000E+01  5.8860680589E-12 -1.5172190804E-11
  1.5052800000E+01  5.6349389353E-12 -1.3701088371E-11
  1.5187500000E+01  5.3799360440E-12 -1.2255864621E-11
  1.5322800000E+01  5.1215499927E-12 -1.0837478381E-11
  1.5458700000E+01  4.8602669417E-12 -9.4468505218E-12
  1.5595200000E+01  4.5965679793E-12 -8.0848631034E-12
  1.5732300000E+01  4.3309285133E-12 -6.7523585762E-12
  1.5870000000E+01  4.0638176777E-12 -5.4501390384E-12
  1.6008300000E+01  3.7956977567E-12 -4.1789655528E-12
  1.6147200000E+01  3.5270236254E-12 -2.9395575221E-12
  1.6286700000E+01  3.2582422093E-12 -1.7325921245E-12
  1.6426800000E+01  2.9897919617E-12 -5.5870380877E-13
  1.6567500000E+01  2.7221023608E-12  5.8151614939E-13
  1.6708800000E+01  2.4555934259E-12  1.6875200311E-12
  1.6850700000E+01  2.1906752547E-12  2.7588039963E-12
  1.6993200000E+01  1.9277475804E-12  3.7949083454E-12
  1.7136300000E+01  1.6671993507E-12  4.7954177189E-12
  1.7280000000E+01  1.4094083279E-12  5.7599612370E-12
  1.7424300000E+01  1.1547407105E-12  6.6882125775E-12
  1.7569200000E+01  9.0355077844E-13  7.5798899939E-12
  1.7714700000E+01  6.5618055892E-13  8.4347562724E-12
  1.7860800000E+01  4.1295951650E-13  9.2526186301E-12
  1.8007500000E+01  1.7420426536E-13  1.0033328553E-11
  1.8154800000E+01 -5.9781695102E-14  1.0776781575E-11
  1.8302700000E+01 -2.8870822144E-13  1.1482917003E-11
  1.8451200000E+01 -5.1229874397E-13  1.2151717577E-11
  1.8600300000E+01 -7.3029046125E-13  1.2783209081E-11
  1.8750000000E+01 -9.4243451101E-13  1.3377459895E-11
  1.8900300000E+01 -1.1484961178E-12  1.3934580495E-11
  1.9051200000E+01 -1.3482547174E-12  1.4454722897E-11
  1.9202700000E+01 -1.5415040573E-12  1.4938080050E-11
  1.9354800000E+01 -1.7280522751E-12  1.5384885179E-11
  1.9507500000E+01 -1.9077219533E-12  1.5795411077E-11
  1.9660800000E+01 -2.0803501509E-12  1.6169969352E-11
  1.9814700000E+01 -2.2457884135E-12  1.6508909621E-11
  1.9969200000E+01 -2.4039027600E-12  1.6812618666E-11
  2.0124300000E+01 -2.5545736484E-12  1.7081519540E-11
  2.0280000000E+01 -2.6976959187E-12  1.7316070636E-11
  2.0436300000E+01 -2.8331787154E-12  1.7516764713E-11
  2.0593200000E+01 -2.9609453887E-12  1.7684127883E-11
  2.0750700000E+01 -3.0809333752E-12  1.7818718562E-11
  2.0908800000E+01 -3.1930940585E-12  1.7921126386E-11
  2.1067500000E+01 -3.2973926101E-12  1.7991971092E-11
  2.1226800000E+01 -3.3938078115E-12  1.8031901372E-11
  2.1386700000E+01 -3.4823318569E-12  1.8041593691E-11
  2.1547200000E+01 -3.5629701392E-12  1.8021751082E-11
  2.1708300000E+01 -3.6357410166E-12  1.7973101915E-11
  2.1870000000E+01 -3.7006755644E-12  1.7896398642E-11
  2.2032300000E+01 -3.7578173087E-12  1.7792416520E-11
  2.2195200000E+01 -3.8072219452E-12  1.7661952312E-11
  2.2358700000E+01 -3.8489570432E-12  1.7505822979E-11
  2.2522800000E+01 -3.8831017348E-12  1.7324864346E-11
  2.2687500000E+01 -3.9097463904E-12  1.7119929762E-11
  2.2852800000E+01 -3.9289922811E-12  1.6891888747E-11
  2.3018700000E+01 -3.9409512294E-12  1.6641625628E-11
  2.3185200000E+01 -3.9457452477E-12  1.6370038168E-11
  2.3352300000E+01 -3.9435061659E-12  1.6078036197E-11
  2.3520000000E+01 -3.9343752492E-12  1.5766540228E-11
  2.3688300000E+01 -3.9185028066E-12  1.5436480083E-11
  2.3857200000E+01 -3.8960477902E-12  1.5088793514E-11
  2.4026700000E+01 -3.8671773869E-12  1.4724424830E-11
  2.4196800000E+01 -3.8320666034E-12  1.4344323528E-11
  2.4367500000E+01 -3.7908978440E-12  1.3949442931E-11
  2.4538800000E+01 -3.7438604834E-12  1.3540738838E-11
  2.4710700000E+01 -3.6911504346E-12  1.3119168181E-11
  2.4883200000E+01 -3.6329697123E-12  1.2685687696E-11
  2.5056300000E+01 -3.5695259936E-12  1.2241252614E-11
  2.5230000000E+01 -3.5010321756E-12  1.1786815358E-11
  2.5404300000E+01 -3.4277059312E-12  1.1323324271E-11
  2.5579200000E+01 -3.3497692644E-12  1.0851722355E-11
  2.5754700000E+01 -3.2674480648E-12  1.0372946036E-11
  2.5930800000E+01 -3.1809716623E-12  9.8879239476E-12
  2.6107500000E+01 -3.0905723833E-12  9.3975757508E-12
  2.6284800000E+01 -2.9964851089E-12  8.9028109670E-12
  2.6462700000E+01 -2.8989468348E-12  8.4045278478E-12
  2.6641200000E+01 -2.7981962355E-12  7.9036122713E-12
  2.6820300000E+01 -2.6944732314E-12  7.4009366700E-12
  2.7000000000E+01 -2.5880185611E-12  6.8973589910E-12
  2.7180300000E+01 -2.4790733586E-12  6.3937216889E-12
  2.7361200000E+01 -2.3678787364E-12  5.8908507545E-12
  2.7542700000E+01 -2.2546753748E-12  5.3895547783E-12
  2.7724800000E+01 -2.1397031187E-12  4.8906240517E-12
  2.7907500000E+01 -2.0232005813E-12  4.3948297051E-12
  2.8090800000E+01 -1.9054047567E-12  3.9029228856E-12
  2.8274700000E+01 -1.7865506404E-12  3.4156339739E-12
  2.8459200000E+01 -1.6668708596E-12  2.9336718414E-12
  2.8644300000E+01 -1.5465953129E-12  2.4577231490E-12
  2.8830000000E+01 -1.4259508200E-12  1.9884516871E-12
  2.9016300000E+01 -1.3051607822E-12  1.5264977579E-12
  2.9203200000E+01 -1.1844448541E-12  1.0724776009E-12
  2.9390700000E+01 -1.0640186259E-12  6.2698286152E-13
  2.9578800000E+01 -9.4409331843E-13  1.9058010301E-13
  2.9767500000E+01 -8.2487548993E-13 -2.3618963755E-13
  2.9956800000E+01 -7.0656675493E-13 -6.5281124909E-13
  3.0146700000E+01 -5.8936351640E-13 -1.0587959024E-12
  3.0337200000E+01 -4.7345671068E-13 -1.4536813613E-12
  3.0528300000E+01 -3.5903156570E-13 -1.8370322503E-12
  3.0720000000E+01 -2.4626737277E-13 -2.2084402769E-12
  3.0912300000E+01 -1.3533727197E-13 -2.5675244111E-12
  3.1105200000E+01 -2.6408051502E-14 -2.9139310199E-12
  3.1298700000E+01  8.0360038983E-14 -3.2473339591E-12
  3.1492800000E+01  1.8481346091E-13 -3.5674346213E-12
  3.1687500000E+01  2.8680554506E-13 -3.8739619415E-12
  3.1882800000E+01  3.8619663557E-13 -4.1666723599E-12
  3.2078700000E+01  4.8285421950E-13 -4.4453497435E-12
  3.2275200000E+01  5.7665304216E-13 -4.7098052656E-12
  3.2472300000E+01  6.6747520791E-13 -4.9598772459E-12
  3.2670000000E+01  7.5521026674E-13 -5.1954309497E-12
  3.2868300000E+01  8.3975528649E-13 -5.4163583488E-12
  3.3067200000E+01  9.2101491091E-13 -5.6225778435E-12
  3.3266700000E+01  9.9890140353E-13 -5.8140339482E-12
  3.3466800000E+01  1.0733346776E-12 -5.9906969394E-12
  3.3667500000E+01  1.1442423123E-12 -6.1525624693E-12
  3.3868800000E+01  1.2115595548E-12 -6.2996511444E-12
  3.4070700000E+01  1.2752293096E-12 -6.4320080711E-12
  3.4273200000E+01  1.3352021138E-12 -6.5497023687E-12
  3.4476300000E+01  1.3914360999E-12 -6.6528266519E-12
  3.4680000000E+01  1.4438969454E-12 -6.7414964830E-12
  3.4884300000E+01  1.4925578104E-12 -6.8158497955E-12
  3.5089200000E+01  1.5373992619E-12 -6.8760462905E-12
  3.5294700000E+01  1.5784091876E-12 -6.9222668074E-12
  3.5500800000E+01  1.6155826968E-12 -6.9547126686E-12
  3.5707500000E+01  1.6489220109E-12 -6.9736050027E-12
  3.5914800000E+01  1.6784363421E-12 -6.9791840436E-12
  3.6122700000E+01  1.7041417627E-12 -6.9717084109E-12
  3.6331200000E+01  1.7260610628E-12 -6.9514543698E-12
  3.6540300000E+01  1.7442235996E-12 -6.9187150737E-12
  3.6750000000E+01  1.7586651362E-12 -6.8737997904E-12
  3.6960300000E+01  1.7694276718E-12 -6.8170331138E-12
  3.7171200000E+01  1.7765592641E-12 -6.7487541614E-12
  3.7382700000E+01  1.7801138421E-12 -6.6693157607E-12
  3.7594800000E+01  1.7801510123E-12 -6.5790836244E-12
  3.7807500000E+01  1.7767358578E-12 -6.4784355174E-12
  3.8020800000E+01  1.7699387295E-12 -6.3677604157E-12
  3.8234700000E+01  1.7598350326E-12 -6.2474576592E-12
  3.8449200000E+01  1.7465050058E-12 -6.1179361007E-12
  3.8664300000E+01  1.7300334961E-12 -5.9796132506E-12
  3.8880000000E+01  1.7105097282E-12 -5.8329144213E-12
  3.9096300000E+01  1.6880270699E-12 -5.6782718699E-12
  3.9313200000E+01  1.6626827935E-12 -5.5161239434E-12
  3.9530700000E+01  1.6345778333E-12 -5.3469142253E-12
  3.9748800000E+01  1.6038165410E-12 -5.1710906874E-12
  3.9967500000E+01  1.5705064376E-12 -4.9891048457E-12
  4.0186800000E+01  1.5347579644E-12 -4.8014109235E-12
  4.0406700000E+01  1.4966842318E-12 -4.6084650229E-12
  4.0627200000E+01  1.4564007668E-12 -4.4107243042E-12
  4.0848300000E+01  1.4140252611E-12 -4.2086461774E-12
  4.1070000000E+01  1.3696773177E-12 -4.0026875041E-12
  4.1292300000E+01  1.3234781985E-12 -3.7933038128E-12
  4.1515200000E+01  1.2755505733E-12 -3.5809485285E-12
  4.1738700000E+01  1.2260182687E-12 -3.3660722165E-12
  4.1962800000E+01  1.1750060195E-12 -3.1491218433E-12
  4.2187500000E+01  1.1226392226E-12 -2.9305400547E-12
  4.2412800000E+01  1.0690436924E-12 -2.7107644710E-12
  4.2638700000E+01  1.0143454198E-12 -2.4902270032E-12
  4.2865200000E+01  9.5867033417E-13 -2.2693531875E-12
  4.3092300000E+01  9.0214406972E-13 -2.0485615417E-12
  4.3320000000E+01  8.4489173492E-13 -1.8282629433E-12
  4.3548300000E+01  7.8703768715E-13 -1.6088600299E-12
  4.3777200000E+01  7.2870531181E-13 -1.3907466229E-12
  4.4006700000E+01  6.7001680667E-13 -1.1743071750E-12
  4.4236800000E+01  6.1109297158E-13 -9.5991624283E-13
  4.4467500000E+01  5.5205300403E-13 -7.4793798352E-13
  4.4698800000E+01  4.9301430067E-13 -5.3872567825E-13
  4.4930700000E+01  4.3409226525E-13 -3.3262128102E-13
  4.5163200000E+01  3.7540012306E-13 -1.2995499430E-13
  4.5396300000E+01  3.1704874225E-13  6.8955128452E-14
  4.5630000000E+01  2.5914646226E-13  2.6380355304E-13
  4.5864300000E+01  2.0179892946E-13  4.5429760725E-13
  4.6099200000E+01  1.4510894032E-13  6.4015779584E-13
  4.6334700000E+01  8.9176292252E-14  8.2111808763E-13
  4.6570800000E+01  3.4097642275E-14  9.9692617450E-13
  4.6807500000E+01 -2.0033626330E-14  1.1673437024E-12
  4.7044800000E+01 -7.3127529235E-14  1.3321464740E-12
  4.7282700000E+01 -1.2509759805E-13  1.4911246237E-12
  4.7521200000E+01 -1.7586098896E-13  1.6440827639E-12
  4.7760300000E+01 -2.2533858294E-13  1.7908401042E-12
  4.8000000000E+01 -2.7345507749E-13  1.9312305420E-12
  4.8240300000E+01 -3.2013906980E-13  2.0651027264E-12
  4.8481200000E+01 -3.6532313136E-13  2.1923200944E-12
  4.8722700000E+01 -4.0894387397E-13  2.3127608799E-12
  4.8964800000E+01 -4.5094200715E-13  2.4263180967E-12
  4.9207500000E+01 -4.9126238694E-13  2.5328994950E-12
  4.9450800000E+01 -5.2985405621E-13  2.6324274921E-12
  4.9694700000E+01 -5.6667027638E-13  2.7248390777E-12
  4.9939200000E+01 -6.0166855073E-13  2.8100856945E-12
  5.0184300000E+01 -6.3481063934E-13  2.8881330948E-12
  5.0430000000E+01 -6.6606256574E-13  2.9589611730E-12
  5.0676300000E+01 -6.9539461533E-13  3.0225637755E-12
  5.0923200000E+01 -7.2278132580E-13  3.0789484876E-12
  5.1170700000E+01 -7.4820146958E-13  3.1281363996E-12
  5.1418800000E+01 -7.7163802849E-13  3.1701618507E-12
  5.1667500000E+01 -7.9307816078E-13  3.2050721541E-12
  5.1916800000E+01 -8.1251316068E-13  3.2329273013E-12
  5.2166700000E+01 -8.2993841067E-13  3.2537996485E-12
  5.2417200000E+01 -8.4535332667E-13  3.2677735848E-12
  5.2668300000E+01 -8.5876129631E-13  3.2749451835E-12
  5.2920000000E+01 -8.7016961052E-13  3.2754218373E-12
  5.3172300000E+01 -8.7958938871E-13  3.2693218778E-12
  5.3425200000E+01 -8.8703549767E-13  3.2567741812E-12
  5.3678700000E+01 -8.9252646447E-13  3.2379177601E-12
  5.3932800000E+01 -8.9608438371E-13  3.2129013429E-12
  5.4187500000E+01 -8.9773481919E-13  3.1818829412E-12
  5.4442800000E+01 -8.9750670039E-13  3.1450294073E-12
  5.4698700000E+01 -8.9543221404E-13  3.1025159809E-12
  5.4955200000E+01 -8.9154669095E-13  3.0545258280E-12
  5.5212300000E+01 -8.8588848850E-13  3.0012495713E-12
  5.5470000000E+01 -8.7849886897E-13  2.9428848142E-12
  5.5728300000E+01 -8.6942187407E-13  2.8796356580E-12
  5.5987200000E+01 -8.5870419595E-13  2.8117122158E-12
  5.6246700000E+01 -8.4639504495E-13  2.7393301203E-12
  5.6506800000E+01 -8.3254601444E-13  2.6627100306E-12
  5.6767500000E+01 -8.1721094297E-13  2.5820771354E-12
  5.7028800000E+01 -8.0044577416E-13  2.4976606557E-12
  5.7290700000E+01 -7.8230841445E-13  2.4096933473E-12
  5.7553200000E+01 -7.6285858923E-13  2.3184110039E-12
  5.7816300000E+01 -7.4215769740E-13  2.2240519615E-12
  5.8080000000E+01 -7.2026866491E-13  2.1268566057E-12
  5.8344300000E+01 -6.9725579738E-13  2.0270668823E-12
  5.8609200000E+01 -6.7318463221E-13  1.9249258118E-12
  5.8874700000E+01 -6.4812179040E-13  1.8206770096E-12
  5.9140800000E+01 -6.2213482846E-13  1.7145642109E-12
  5.9407500000E+01 -5.9529209059E-13  1.6068308037E-12
  5.9674800000E+01 -5.6766256143E-13  1.4977193685E-12
  5.9942700000E+01 -5.3931571979E-13  1.3874712257E-12
  6.0211200000E+01 -5.1032139343E-13  1.2763259934E-12
  6.0480300000E+01 -4.8074961527E-13  1.1645211531E-12
  6.0750000000E+01 -4.5067048129E-13  1.0522916270E-12
  6.1020300000E+01 -4.2015401034E-13  9.3986936598E-13
  6.1291200000E+01 -3.8927000613E-13  8.2748294838E-13
  6.1562700000E+01 -3.5808792155E-13  7.1535719216E-13
  6.1834800000E+01 -3.2667672577E-13  6.0371277890E-13
  6.2107500000E+01 -2.9510477405E-13  4.9276589142E-13
  6.2380800000E+01 -2.6343968067E-13  3.8272786511E-13
  6.2654700000E+01 -2.3174819519E-13  2.7380485350E-13
  6.2929200000E+01 -2.0009608212E-13  1.6619750845E-13
  6.3204300000E+01 -1.6854800424E-13  6.0100675461E-14
  6.3480000000E+01 -1.3716740979E-13 -4.4296895593E-14
  6.3756300000E+01 -1.0601642370E-13 -1.4681282396E-13
  6.4033200000E+01 -7.5155742844E-14 -2.4727135544E-13
  6.4310700000E+01 -4.4644535788E-14 -3.4550360339E-13
  6.4588800000E+01 -1.4540346836E-14 -4.4134777330E-13
  6.4867500000E+01  1.5100995275E-14 -5.3464937039E-13
  6.5146800000E+01  4.4225464010E-14 -6.2526139041E-13
  6.5426700000E+01  7.2780916866E-14 -7.1304449330E-13
  6.5707200000E+01  1.0071717232E-13 -7.9786715962E-13
  6.5988300000E+01  1.2798608179E-13 -8.7960582980E-13
  6.6270000000E+01  1.5454159655E-13 -9.5814502606E-13
  6.6552300000E+01  1.8033982951E-13 -1.0333774571E-12
  6.6835200000E+01  2.0533911188E-13 -1.1052041053E-12
  6.7118700000E+01  2.2950004457E-13 -1.1735342972E-12
  6.7402800000E+01  2.5278554434E-13 -1.2382857565E-12
  6.7687500000E+01  2.7516088478E-13 -1.2993846402E-12
  6.7972800000E+01  2.9659373192E-13 -1.3567655576E-12
  6.8258700000E+01  3.1705417461E-13 -1.4103715736E-12
  6.8545200000E+01  3.3651474964E-13 -1.4601541947E-12
  6.8832300000E+01  3.5495046162E-13 -1.5060733389E-12
  6.9120000000E+01  3.7233879767E-13 -1.5480972904E-12
  6.9408300000E+01  3.8865973687E-13 -1.5862026379E-12
  6.9697200000E+01  4.0389575471E-13 -1.6203741981E-12
  6.9986700000E+01  4.1803182237E-13 -1.6506049243E-12
  7.0276800000E+01  4.3105540107E-13 -1.6768958001E-12
  7.0567500000E+01  4.4295643153E-13 -1.6992557190E-12
  7.0858800000E+01  4.5372731851E-13 -1.7177013512E-12
  7.1150700000E+01  4.6336291075E-13 -1.7322569953E-12
  7.1443200000E+01  4.7186047616E-13 -1.7429544190E-12
  7.1736300000E+01  4.7921967257E-13 -1.7498326865E-12
  7.2030000000E+01  4.8544251407E-13 -1.7529379740E-12
  7.2324300000E+01  4.9053333303E-13 -1.7523233740E-12
  7.2619200000E+01  4.9449873805E-13 -1.7480486892E-12
  7.2914700000E+01  4.9734756785E-13 -1.7401802155E-12
  7.3210800000E+01  4.9909084132E-13 -1.7287905155E-12
  7.3507500000E+01  4.9974170387E-13 -1.7139581833E-12
  7.3804800000E+01  4.9931537023E-13 -1.6957675994E-12
  7.4102700000E+01  4.9782906381E-13 -1.6743086797E-12
  7.4401200000E+01  4.9530195294E-13 -1.6496766149E-12
  7.4700300000E+01  4.9175508391E-13 -1.6219716046E-12
  7.5000000000E+01  4.8721131129E-13 -1.5912985848E-12
  7.5300300000E+01  4.8169522540E-13 -1.5577669492E-12
  7.5601200000E+01  4.7523307734E-13 -1.5214902669E-12
  7.5902700000E+01  4.6785270168E-13 -1.4825859941E-12
  7.6204800000E+01  4.5958343692E-13 -1.4411751837E-12
  7.6507500000E+01  4.5045604410E-13 -1.3973821901E-12
  7.6810800000E+01  4.4050262353E-13 -1.3513343732E-12
  7.7114700000E+01  4.2975652997E-13 -1.3031617994E-12
  7.7419200000E+01  4.1825228642E-13 -1.2529969413E-12
  7.7724300000E+01  4.0602549670E-13 -1.2009743776E-12
  7.8030000000E+01  3.9311275703E-13 -1.1472304920E-12
  7.8336300000E+01  3.7955156671E-13 -1.0919031732E-12
  7.8643200000E+01  3.6538023830E-13 -1.0351315156E-12
  7.8950700000E+01  3.5063780725E-13 -9.7705552196E-13
  7.9258800000E+01  3.3536394130E-13 -9.1781580835E-13
  7.9567500000E+01  3.1959884982E-13 -8.5755331137E-13
  7.9876800000E+01  3.0338319329E-13 -7.9640899932E-13
  8.0186700000E+01  2.8675799302E-13 -7.3452358683E-13
  8.0497200000E+01  2.6976454140E-13 -6.7203725400E-13
  8.0808300000E+01  2.5244431272E-13 -6.0908937035E-13
  8.1120000000E+01  2.3483887493E-13 -5.4581822413E-13
  8.1432300000E+01  2.1698980226E-13 -4.8236075744E-13
  8.1745200000E+01  1.9893858909E-13 -4.1885230756E-13
  8.2058700000E+01  1.8072656509E-13 -3.5542635504E-13
  8.2372800000E+01  1.6239481182E-13 -2.9221427881E-13
  8.2687500000E+01  1.4398408098E-13 -2.2934511888E-13
  8.3002800000E+01  1.2553471441E-13 -1.6694534674E-13
  8.3318700000E+01  1.0708656594E-13 -1.0513864421E-13
  8.3635200000E+01  8.8678925381E-14 -4.4045690618E-14
  8.3952300000E+01  7.0350444610E-14  1.6216041010E-14
  8.4270000000E+01  5.2139065936E-14  7.5532478650E-14
  8.4588300000E+01  3.4081952908E-14  1.3379313655E-13
  8.4907200000E+01  1.6215423622E-14  1.9089129085E-13
  8.5226700000E+01 -1.4251133599E-15  2.4672414521E-13
  8.5546800000E+01 -1.8805220366E-14  3.0119298647E-13
  8.5867500000E+01 -3.5891489170E-14  3.5420332987E-13
  8.6188800000E+01 -5.2651596659E-14  4.0566505395E-13
  8.6510700000E+01 -6.9054357524E-14  4.5549252481E-13
  8.6833200000E+01 -8.5069773931E-14  5.0360470962E-13
  8.7156300000E+01 -1.0066908207E-13  5.4992527946E-13
  8.7480000000E+01 -1.1582479559E-13  5.9438270120E-13
  8.7804300000E+01 -1.3051074575E-13  6.3691031853E-13
  8.8129200000E+01 -1.4470211842E-13  6.7744642199E-13
  8.8454700000E+01 -1.5837548777E-13  7.1593430821E-13
  8.8780800000E+01 -1.7150884656E-13  7.5232232803E-13
  8.9107500000E+01 -1.8408163326E-13  7.8656392395E-13
  8.9434800000E+01 -1.9607475571E-13  8.1861765663E-13
  8.9762700000E+01 -2.0747061147E-13  8.4844722073E-13
  9.0091200000E+01 -2.1825310481E-13  8.7602145006E-13
  9.0420300000E+01 -2.2840766037E-13  9.0131431234E-13
  9.0750000000E+01 -2.3792123351E-13  9.2430489343E-13
  9.1080300000E+01 -2.4678231730E-13  9.4497737154E-13
  9.1411200000E+01 -2.5498094625E-13  9.6332098126E-13
  9.1742700000E+01 -2.6250869686E-13  9.7932996788E-13
  9.2074800000E+01 -2.6935868482E-13  9.9300353201E-13
  9.2407500000E+01 -2.7552555920E-13  1.0043457649E-12
  9.2740800000E+01 -2.8100549342E-13  1.0133655746E-12
  9.3074700000E+01 -2.8579617322E-13  1.0200766033E-12
  9.3409200000E+01 -2.8989678161E-13  1.0244971356E-12
  9.3744300000E+01 -2.9330798094E-13  1.0266499995E-12
  9.4080000000E+01 -2.9603189203E-13  1.0265624586E-12
  9.4416300000E+01 -2.9807207065E-13  1.0242660964E-12
  9.4753200000E+01 -2.9943348120E-13  1.0197966942E-12
  9.5090700000E+01 -3.0012246786E-13  1.0131941011E-12
  9.5428800000E+01 -3.0014672320E-13  1.0045020976E-12
  9.5767500000E+01 -2.9951525438E-13  9.9376825324E-13
  9.6106800000E+01 -2.9823834701E-13  9.8104377791E-13
  9.6446700000E+01 -2.9632752688E-13  9.6638336758E-13
  9.6787200000E+01 -2.9379551944E-13  9.4984504500E-13
  9.7128300000E+01 -2.9065620748E-13  9.3148999565E-13
  9.7470000000E+01 -2.8692458670E-13  9.1138239909E-13
  9.7812300000E+01 -2.8261671972E-13  8.8958925645E-13
  9.8155200000E+01 -2.7774968830E-13  8.6618021423E-13
  9.8498700000E+01 -2.7234154408E-13  8.4122738495E-13
  9.8842800000E+01 -2.6641125790E-13  8.1480516494E-13
  9.9187500000E+01 -2.5997866784E-13  7.8699004975E-13
  9.9532800000E+01 -2.5306442606E-13  7.5786044761E-13
  9.9878700000E+01 -2.4568994464E-13  7.2749649121E-13
  1.0022520000E+02 -2.3787734050E-13  6.9597984835E-13
  1.0057230000E+02 -2.2964937948E-13  6.6339353183E-13
  1.0092000000E+02 -2.2102941978E-13  6.2982170891E-13
  1.0126830000E+02 -2.1204135494E-13  5.9534951072E-13
  1.0161720000E+02 -2.0270955625E-13  5.6006284224E-13
  1.0196670000E+02 -1.9305881499E-13  5.2404819283E-13
  1.0231680000E+02 -1.8311428448E-13  4.8739244811E-13
  1.0266750000E+02 -1.7290142205E-13  4.5018270327E-13
  1.0301880000E+02 -1.6244593114E-13  4.1250607824E-13
  1.0337070000E+02 -1.5177370352E-13  3.7444953525E-13
  1.0372320000E+02 -1.4091076194E-13  3.3609969878E-13
  1.0407630000E+02 -1.2988320309E-13  2.9754267866E-13
  1.0443000000E+02 -1.1871714121E-13  2.5886389622E-13
  1.0478430000E+02 -1.0743865227E-13  2.2014791419E-13
  1.0513920000E+02 -9.6073718987E-14  1.8147827036E-13
  1.0549470000E+02 -8.4648176653E-14  1.4293731551E-13
  1.0585080000E+02 -7.3187659983E-14  1.0460605573E-13
  1.0620750000E+02 -6.1717551013E-14  6.6563999487E-14
  1.0656480000E+02 -5.0262928170E-14  2.8889009752E-14
  1.0692270000E+02 -3.8848516611E-14 -8.3428387441E-15
  1.0728120000E+02 -2.7498639906E-14 -4.5057396712E-14
  1.0764030000E+02 -1.6237173163E-14 -8.1182571851E-14
  1.0800000000E+02 -5.0874976655E-15 -1.1664845450E-13
  1.0836030000E+02  5.9275428920E-15 -1.5138743721E-13
  1.0872120000E+02  1.6785684501E-14 -1.8533432808E-13
  1.0908270000E+02  2.7465283204E-14 -2.1842645763E-13
  1.0944480000E+02  3.7945353651E-14 -2.5060377922E-13
  1.0980750000E+02  4.8205605806E-14 -2.8180896264E-13
  1.1017080000E+02  5.8226479733E-14 -3.1198748103E-13
  1.1053470000E+02  6.7989178414E-14 -3.4108769082E-13
  1.1089920000E+02  7.7475698561E-14 -3.6906090471E-13
  1.1126430000E+02  8.6668859373E-14 -3.9586145759E-13
  1.1163000000E+02  9.5552329200E-14 -4.2144676538E-13
  1.1199630000E+02  1.0411065010E-13 -4.4577737665E-13
  1.1236320000E+02  1.1232926021E-13 -4.6881701716E-13
  1.1273070000E+02  1.2019451403E-13 -4.9053262716E-13
  1.1309880000E+02  1.2769370041E-13 -5.1089439154E-13
  1.1346750000E+02  1.3481505841E-13 -5.2987576285E-13
  1.1383680000E+02  1.4154779096E-13 -5.4745347712E-13
  1.1420670000E+02  1.4788207625E-13 -5.6360756275E-13
  1.1457720000E+02  1.5380907698E-13 -5.7832134225E-13
  1.1494830000E+02  1.5932094733E-13 -5.9158142719E-13
  1.1532000000E+02  1.6441083783E-13 -6.0337770623E-13
  1.1569230000E+02  1.6907289799E-13 -6.1370332642E-13
  1.1606520000E+02  1.7330227676E-13 -6.2255466795E-13
  1.1643870000E+02  1.7709512093E-13 -6.2993131236E-13
  1.1681280000E+02  1.8044857132E-13 -6.3583600442E-13
  1.1718750000E+02  1.8336075704E-13 -6.4027460784E-13
  1.1756280000E+02  1.8583078753E-13 -6.4325605492E-13
  1.1793870000E+02  1.8785874279E-13 -6.4479229034E-13
  1.1831520000E+02  1.8944566151E-13 -6.4489820937E-13
  1.1869230000E+02  1.9059352737E-13 -6.4359159048E-13
  1.1907000000E+02  1.9130525349E-13 -6.4089302273E-13
  1.1944830000E+02  1.9158466500E-13 -6.3682582815E-13
  1.1982720000E+02  1.9143648000E-13 -6.3141597923E-13
  1.2020670000E+02  1.9086628867E-13 -6.2469201176E-13
  1.2058680000E+02  1.8988053094E-13 -6.1668493336E-13
  1.2096750000E+02  1.8848647243E-13 -6.0742812787E-13
  1.2134880000E+02  1.8669217907E-13 -5.9695725579E-13
  1.2173070000E+02  1.8450649014E-13 -5.8531015113E-13
  1.2211320000E+02  1.8193899014E-13 -5.7252671486E-13
  1.2249630000E+02  1.7899997922E-13 -5.5864880529E-13
  1.2288000000E+02  1.7570044257E-13 -5.4372012550E-13
  1.2326430000E+02  1.7205201861E-13 -5.2778610823E-13
  1.2364920000E+02  1.6806696617E-13 -5.1089379853E-13
  1.2403470000E+02  1.6375813073E-13 -4.9309173421E-13
  1.2442080000E+02  1.5913890978E-13 -4.7442982465E-13
  1.2480750000E+02  1.5422321739E-13 -4.5495922805E-13
  1.2519480000E+02  1.4902544814E-13 -4.3473222747E-13
  1.2558270000E+02  1.4356044033E-13 -4.1380210592E-13
  1.2597120000E+02  1.3784343871E-13 -3.9222302080E-13
  1.2636030000E+02  1.3189005685E-13 -3.7004987786E-13
  1.2675000000E+02  1.2571623898E-13 -3.4733820514E-13
  1.2714030000E+02  1.1933822168E-13 -3.2414402691E-13
  1.2753120000E+02  1.1277249537E-13 -3.0052373810E-13
  1.2792270000E+02  1.0603576561E-13 -2.7653397935E-13
  1.2831480000E+02  9.9144914507E-14 -2.5223151297E-13
  1.2870750000E+02  9.2116962049E-14 -2.2767310006E-13
  1.2910080000E+02  8.4969027683E-14 -2.0291537901E-13
  1.2949470000E+02  7.7718292058E-14 -1.7801474569E-13
  1.2988920000E+02  7.0381959091E-14 -1.5302723551E-13
  1.3028430000E+02  6.2977218408E-14 -1.2800840755E-13
  1.3068000000E+02  5.5521208238E-14 -1.0301323105E-13
  1.3107630000E+02  4.8030978840E-14 -7.8095974422E-14
  1.3147320000E+02  4.0523456524E-14 -5.3310097060E-14
  1.3187070000E+02  3.3015408353E-14 -2.8708144007E-14
  1.3226880000E+02  2.5523407579E-14 -4.3416438272E-15
  1.3266750000E+02  1.8063799881E-14  1.9738990231E-14
  1.3306680000E+02  1.0652670481E-14  4.3484555588E-14
  1.3346670000E+02  3.3058121801E-15  6.6847152027E-14
  1.3386720000E+02 -3.9613056124E-15  8.9780269587E-14
  1.3426830000E+02 -1.1133566809E-14  1.1223887251E-13
  1.3467000000E+02 -1.8196237477E-14  1.3417947911E-13
  1.3507230000E+02 -2.5134993530E-14  1.5556023740E-13
  1.3547520000E+02 -3.1935947220E-14  1.7634099648E-13
  1.3587870000E+02 -3.8585672403E-14  1.9648337339E-13
  1.3628280000E+02 -4.5071228518E-14  2.1595081556E-13
  1.3668750000E+02 -5.1380183261E-14  2.3470865853E-13
  1.3709280000E+02 -5.7500633904E-14  2.5272417917E-13
  1.3749870000E+02 -6.3421227238E-14  2.6996664395E-13
  1.3790520000E+02 -6.9131178109E-14  2.8640735265E-13
  1.3831230000E+02 -7.4620286519E-14  3.0201967705E-13
  1.3872000000E+02 -7.9878953276E-14  3.1677909487E-13
  1.3912830000E+02 -8.4898194177E-14  3.3066321886E-13
  1.3953720000E+02 -8.9669652697E-14  3.4365182087E-13
  1.3994670000E+02 -9.4185611185E-14  3.5572685119E-13
  1.4035680000E+02 -9.8439000564E-14  3.6687245293E-13
  1.4076750000E+02 -1.0242340850E-13  3.7707497157E-13
  1.4117880000E+02 -1.0613308610E-13  3.8632295968E-13
  1.4159070000E+02 -1.0956295304E-13  3.9460717693E-13
  1.4200320000E+02 -1.1270860124E-13  4.0192058524E-13
  1.4241630000E+02 -1.1556629706E-13  4.0825833945E-13
  1.4283000000E+02 -1.1813298192E-13  4.1361777320E-13
  1.4324430000E+02 -1.2040627155E-13  4.1799838046E-13
  1.4365920000E+02 -1.2238445373E-13  4.2140179252E-13
  1.4407470000E+02 -1.2406648466E-13  4.2383175072E-13
  1.4449080000E+02 -1.2545198378E-13  4.2529407492E-13
  1.4490750000E+02 -1.2654122741E-13  4.2579662784E-13
  1.4532480000E+02 -1.2733514086E-13  4.2534927543E-13
  1.4574270000E+02 -1.2783528930E-13  4.2396384340E-13
  1.4616120000E+02 -1.2804386736E-13  4.2165406995E-13
  1.4658030000E+02 -1.2796368737E-13  4.1843555491E-13
  1.4700000000E+02 -1.2759816654E-13  4.1432570555E-13
  1.4742030000E+02 -1.2695131282E-13  4.0934367888E-13
  1.4784120000E+02 -1.2602770973E-13  4.0351032105E-13
  1.4826270000E+02 -1.2483250002E-13  3.9684810358E-13
  1.4868480000E+02 -1.2337136838E-13  3.8938105690E-13
  1.4910750000E+02 -1.2165052310E-13  3.8113470119E-13
  1.4953080000E+02 -1.1967667678E-13  3.7213597481E-13
  1.4995470000E+02 -1.1745702619E-13  3.6241316040E-13
  1.5037920000E+02 -1.1499923123E-13  3.5199580889E-13
  1.5080430000E+02 -1.1231139323E-13  3.4091466162E-13
  1.5123000000E+02 -1.0940203234E-13  3.2920157070E-13
  1.5165630000E+02 -1.0628006444E-13  3.1688941787E-13
  1.5208320000E+02 -1.0295477725E-13  3.0401203191E-13
  1.5251070000E+02 -9.9435806056E-14  2.9060410503E-13
  1.5293880000E+02 -9.5733108810E-14  2.7670110817E-13
  1.5336750000E+02 -9.1856940846E-14  2.6233920558E-13
  1.5379680000E+02 -8.7817829209E-14  2.4755516881E-13
  1.5422670000E+02 -8.3626546656E-14  2.3238629026E-13
  1.5465720000E+02 -7.9294085400E-14  2.1687029659E-13
  1.5508830000E+02 -7.4831630655E-14  2.0104526202E-13
  1.5552000000E+02 -7.0250534026E-14  1.8494952193E-13
  1.5595230000E+02 -6.5562286831E-14  1.6862158661E-13
  1.5638520000E+02 -6.0778493390E-14  1.5210005576E-13
  1.5681870000E+02 -5.5910844346E-14  1.3542353353E-13
  1.5725280000E+02 -5.0971090079E-14  1.1863054452E-13
  1.5768750000E+02 -4.5971014270E-14  1.0175945083E-13
  1.5812280000E+02 -4.0922407665E-14  8.4848370290E-14
  1.5855870000E+02 -3.5837042094E-14  6.7935096138E-14
  1.5899520000E+02 -3.0726644812E-14  5.1057018176E-14
  1.5943230000E+02 -2.5602873190E-14  3.4251045667E-14
  1.5987000000E+02 -2.0477289832E-14  1.7553532050E-14
  1.6030830000E+02 -1.5361338157E-14  1.0002016534E-15
  1.6074720000E+02 -1.0266318486E-14 -1.5373921469E-14
  1.6118670000E+02 -5.2033646947E-15 -3.1534582452E-14
  1.6162680000E+02 -1.8342147370E-16 -4.7448362145E-14
  1.6206750000E+02  4.7827777688E-15 -6.3082741144E-14
  1.6250880000E+02  9.6847323113E-15 -7.8406161216E-14
  1.6295070000E+02  1.4512194795E-14 -9.3388083994E-14
  1.6339320000E+02  1.9255191134E-14 -1.0799904687E-13
  1.6383630000E+02  2.3904039621E-14 -1.2221071596E-13
  1.6428000000E+02  2.8449369199E-14 -1.3599593612E-13
  1.6472430000E+02  3.2882136867E-14 -1.4932877783E-13
  1.6516920000E+02  3.7193644188E-14 -1.6218458098E-13
  1.6561470000E+02  4.1375552873E-14 -1.7453999548E-13
  1.6606080000E+02  4.5419899422E-14 -1.8637301852E-13
  1.6650750000E+02  4.9319108791E-14 -1.9766302861E-13
  1.6695480000E+02  5.3066007071E-14 -2.0839081628E-13
  1.6740270000E+02  5.6653833156E-14 -2.1853861130E-13
  1.6785120000E+02  6.0076249396E-14 -2.2809010662E-13
  1.6830030000E+02  6.3327351207E-14 -2.3703047884E-13
  1.6875000000E+02  6.6401675633E-14 -2.4534640520E-13
  1.6920030000E+02  6.9294208866E-14 -2.5302607723E-13
  1.6965120000E+02  7.2000392688E-14 -2.6005921089E-13
  1.7010270000E+02  7.4516129864E-14 -2.6643705338E-13
  1.7055480000E+02  7.6837788461E-14 -2.7215238645E-13
  1.7100750000E+02  7.8962205106E-14 -2.7719952643E-13
  1.7146080000E+02  8.0886687184E-14 -2.8157432089E-13
  1.7191470000E+02  8.2609013981E-14 -2.8527414197E-13
  1.7236920000E+02  8.4127436779E-14 -2.8829787655E-13
  1.7282430000E+02  8.5440677914E-14 -2.9064591313E-13
  1.7328000000E+02  8.6547928815E-14 -2.9232012561E-13
  1.7373630000E+02  8.7448847023E-14 -2.9332385405E-13
  1.7419320000E+02  8.8143552228E-14 -2.9366188234E-13
  1.7465070000E+02  8.8632621319E-14 -2.9334041304E-13
  1.7510880000E+02  8.8917082491E-14 -2.9236703932E-13
  1.7556750000E+02  8.8998408412E-14 -2.9075071418E-13
  1.7602680000E+02  8.8878508483E-14 -2.8850171702E-13
  1.7648670000E+02  8.8559720215E-14 -2.8563161764E-13
  1.7694720000E+02  8.8044799756E-14 -2.8215323782E-13
  1.7740830000E+02  8.7336911584E-14 -2.7808061047E-13
  1.7787000000E+02  8.6439617410E-14 -2.7342893669E-13
  1.7833230000E+02  8.5356864318E-14 -2.6821454055E-13
  1.7879520000E+02  8.4092972170E-14 -2.6245482201E-13
  1.7925870000E+02  8.2652620320E-14 -2.5616820785E-13
  1.7972280000E+02  8.1040833668E-14 -2.4937410094E-13
  1.8018750000E+02  7.9262968090E-14 -2.4209282781E-13
  1.8065280000E+02  7.7324695283E-14 -2.3434558475E-13
  1.8111870000E+02  7.5231987068E-14 -2.2615438257E-13
  1.8158520000E+02  7.2991099178E-14 -2.1754199009E-13
  1.8205230000E+02  7.0608554591E-14 -2.0853187653E-13
  1.8252000000E+02  6.8091126430E-14 -1.9914815300E-13
  1.8298830000E+02  6.5445820485E-14 -1.8941551306E-13
  1.8345720000E+02  6.2679857387E-14 -1.7935917270E-13
  1.8392670000E+02  5.9800654491E-14 -1.6900480967E-13
  1.8439680000E+02  5.6815807498E-14 -1.5837850248E-13
  1.8486750000E+02  5.3733071859E-14 -1.4750666908E-13
  1.8533880000E+02  5.0560344020E-14 -1.3641600536E-13
  1.8581070000E+02  4.7305642526E-14 -1.2513342375E-13
  1.8628320000E+02  4.3977089048E-14 -1.1368599182E-13
  1.8675630000E+02  4.0582889361E-14 -1.0210087123E-13
  1.8723000000E+02  3.7131314328E-14 -9.0405257037E-14
  1.8770430000E+02  3.3630680913E-14 -7.8626317507E-14
  1.8817920000E+02  3.0089333292E-14 -6.6791134591E-14
  1.8865470000E+02  2.6515624071E-14 -5.4926645154E-14
  1.8913080000E+02  2.2917895677E-14 -4.3059583102E-14
  1.8960750000E+02  1.9304461945E-14 -3.1216422499E-14
  1.9008480000E+02  1.5683589948E-14 -1.9423321818E-14
  1.9056270000E+02  1.2063482106E-14 -7.7060694106E-15
  1.9104120000E+02  8.4522586066E-15  3.9099696826E-15
  1.9152030000E+02  4.8579401779E-15  1.5399905481E-14
  1.9200000000E+02  1.2884312449E-15  2.6739373278E-14
  1.9248030000E+02 -2.2484964944E-15  3.7904582214E-14
  1.9296120000E+02 -5.7452200449E-15  4.8872362137E-14
  1.9344270000E+02 -9.1942806068E-15  5.9620208641E-14
  1.9392480000E+02 -1.2588398560E-14  7.0126326221E-14
  1.9440750000E+02 -1.5920487906E-14  8.0369669460E-14
  1.9489080000E+02 -1.9183670150E-14  9.0329982171E-14
  1.9537470000E+02 -2.2371287588E-14  9.9987834447E-14
  1.9585920000E+02 -2.5476915980E-14  1.0932465753E-13
  1.9634430000E+02 -2.8494376588E-14  1.1832277648E-13
  1.9683000000E+02 -3.1417747560E-14  1.2696544052E-13
  1.9731630000E+02 -3.4241374630E-14  1.3523685116E-13
  1.9780320000E+02 -3.6959881134E-14  1.4312218786E-13
  1.9829070000E+02 -3.9568177313E-14  1.5060763137E-13
  1.9877880000E+02 -4.2061468893E-14  1.5768038462E-13
  1.9926750000E+02 -4.4435264930E-14  1.6432869117E-13
  1.9975680000E+02 -4.6685384918E-14  1.7054185124E-13
  2.0024670000E+02 -4.8807965129E-14  1.7631023520E-13
  2.0073720000E+02 -5.0799464205E-14  1.8162529461E-13
  2.0122830000E+02 -5.2656667975E-14  1.8647957084E-13
  2.0172000000E+02 -5.4376693514E-14  1.9086670110E-13
  2.0221230000E+02 -5.5956992413E-14  1.9478142210E-13
  2.0270520000E+02 -5.7395353297E-14  1.9821957121E-13
  2.0319870000E+02 -5.8689903558E-14  2.0117808522E-13
  2.0369280000E+02 -5.9839110330E-14  2.0365499665E-13
  2.0418750000E+02 -6.0841780702E-14  2.0564942774E-13
  2.0468280000E+02 -6.1697061169E-14  2.0716158206E-13
  2.0517870000E+02 -6.2404436343E-14  2.0819273383E-13
  2.0567520000E+02 -6.2963726927E-14  2.0874521500E-13
  2.0617230000E+02 -6.3375086956E-14  2.0882240007E-13
  2.0667000000E+02 -6.3639000335E-14  2.0842868885E-13
  2.0716830000E+02 -6.3756276665E-14  2.0756948703E-13
  2.0766720000E+02 -6.3728046401E-14  2.0625118476E-13
  2.0816670000E+02 -6.3555755328E-14  2.0448113329E-13
  2.0866680000E+02 -6.3241158399E-14  2.0226761963E-13
  2.0916750000E+02 -6.2786312942E-14  1.9961983945E-13
  2.0966880000E+02 -6.2193571256E-14  1.9654786823E-13
  2.1017070000E+02 -6.1465572623E-14  1.9306263067E-13
  2.1067320000E+02 -6.0605234758E-14  1.8917586863E-13
  2.1117630000E+02 -5.9615744716E-14  1.8490010741E-13
  2.1168000000E+02 -5.8500549287E-14  1.8024862080E-13
  2.1218430000E+02 -5.7263344906E-14  1.7523539458E-13
  2.1268920000E+02 -5.5908067093E-14  1.6987508901E-13
  2.1319470000E+02 -5.4438879466E-14  1.6418300003E-13
  2.1370080000E+02 -5.2860162347E-14  1.5817501945E-13
  2.1420750000E+02 -5.1176500985E-14  1.5186759421E-13
  2.1471480000E+02 -4.9392673440E-14  1.4527768478E-13
  2.1522270000E+02 -4.7513638141E-14  1.3842272280E-13
  2.1573120000E+02 -4.5544521165E-14  1.3132056807E-13
  2.1624030000E+02 -4.3490603247E-14  1.2398946497E-13
  2.1675000000E+02 -4.1357306581E-14  1.1644799851E-13
  2.1726030000E+02 -3.9150181408E-14  1.0871504986E-13
  2.1777120000E+02 -3.6874892457E-14  1.0080975185E-13
  2.1828270000E+02 -3.4537205244E-14  9.2751444113E-14
  2.1879480000E+02 -3.2142972273E-14  8.4559628329E-14
  2.1930750000E+02 -2.9698119172E-14  7.6253923421E-14
  2.1982080000E+02 -2.7208630787E-14  6.7854020952E-14
  2.2033470000E+02 -2.4680537273E-14  5.9379640737E-14
  2.2084920000E+02 -2.2119900204E-14  5.0850486810E-14
  2.2136430000E+02 -1.9532798746E-14  4.2286203810E-14
  2.2188000000E+02 -1.6925315910E-14  3.3706333902E-14
  2.2239630000E+02 -1.4303524918E-14  2.5130274302E-14
  2.2291320000E+02 -1.1673475718E-14  1.6577235516E-14
  2.2343070000E+02 -9.0411816691E-15  8.0662003576E-15
  2.2394880000E+02 -6.4126064250E-15 -3.8411616080E-16
  2.2446750000E+02 -3.7936510494E-15 -8.7553059827E-15
  2.2498680000E+02 -1.1901413830E-15 -1.7029306135E-14
  2.2550670000E+02  1.3921843091E-15 -2.5188435751E-14
  2.2602720000E+02  3.9476873849E-15 -3.3215431916E-14
  2.2654830000E+02  6.4708405431E-15 -4.1093484273E-14
  2.2707000000E+02  8.9562391900E-15 -4.8806268309E-14
  2.2759230000E+02  1.1398612432E-14 -5.6337977282E-14
  2.2811520000E+02  1.3792833672E-14 -6.3673352709E-14
  2.2863870000E+02  1.6133930790E-14 -7.0797713372E-14
  2.2916280000E+02  1.8417095895E-14 -7.7696982791E-14
  2.2968750000E+02  2.0637694614E-14 -8.4357715110E-14
  2.3021280000E+02  2.2791274923E-14 -9.0767119366E-14
  2.3073870000E+02  2.4873575491E-14 -9.6913082081E-14
  2.3126520000E+02  2.6880533518E-14 -1.0278418816E-13
  2.3179230000E+02  2.8808292075E-14 -1.0836974007E-13
  2.3232000000E+02  3.0653206907E-14 -1.1365977523E-13
  2.3284830000E+02  3.2411852713E-14 -1.1864508165E-13
  2.3337720000E+02  3.4081028875E-14 -1.2331721174E-13
  2.3390670000E+02  3.5657764641E-14 -1.2766849437E-13
  2.3443680000E+02  3.7139323747E-14 -1.3169204499E-13
  2.3496750000E+02  3.8523208475E-14 -1.3538177400E-13
  2.3549880000E+02  3.9807163151E-14 -1.3873239332E-13
  2.3603070000E+02  4.0989177060E-14 -1.4173942098E-13
  2.3656320000E+02  4.2067486800E-14 -1.4439918407E-13
  2.3709630000E+02  4.3040578057E-14 -1.4670881969E-13
  2.3763000000E+02  4.3907186814E-14 -1.4866627424E-13
  2.3816430000E+02  4.4666299989E-14 -1.5027030083E-13
  2.3869920000E+02  4.5317155503E-14 -1.5152045498E-13
  2.3923470000E+02  4.5859241793E-14 -1.5241708853E-13
  2.3977080000E+02  4.6292296772E-14 -1.5296134187E-13
  2.4030750000E+02  4.6616306232E-14 -1.5315513445E-13
  2.4084480000E+02  4.6831501714E-14 -1.5300115372E-13
  2.4138270000E+02  4.6938357850E-14 -1.5250284237E-13
  2.4192120000E+02  4.6937589177E-14 -1.5166438406E-13
  2.4246030000E+02  4.6830146449E-14 -1.5049068762E-13
  2.4300000000E+02  4.6617212456E-14 -1.4898736974E-13
  2.4354030000E+02  4.6300197348E-14 -1.4716073631E-13
  2.4408120000E+02  4.5880733506E-14 -1.4501776232E-13
  2.4462270000E+02  4.5360669953E-14 -1.4256607049E-13
  2.4516480000E+02  4.4742066329E-14 -1.3981390863E-13
  2.4570750000E+02  4.4027186449E-14 -1.3677012578E-13
  2.4625080000E+02  4.3218491459E-14 -1.3344414730E-13
  2.4679470000E+02  4.2318632611E-14 -1.2984594880E-13
  2.4733920000E+02  4.1330443672E-14 -1.2598602910E-13
  2.4788430000E+02  4.0256932990E-14 -1.2187538231E-13
  2.4843000000E+02  3.9101275243E-14 -1.1752546898E-13
  2.4897630000E+02  3.7866802879E-14 -1.1294818649E-13
  2.4952320000E+02  3.6556997281E-14 -1.0815583873E-13
  2.5007070000E+02  3.5175479671E-14 -1.0316110512E-13
  2.5061880000E+02  3.3726001780E-14 -9.7977009033E-14
  2.5116750000E+02  3.2212436308E-14 -9.2616885804E-14
  2.5171680000E+02  3.0638767188E-14 -8.7094350223E-14
  2.5226670000E+02  2.9009079688E-14 -8.1423263743E-14
  2.5281720000E+02  2.7327550372E-14 -7.5617701392E-14
  2.5336830000E+02  2.5598436934E-14 -6.9691918502E-14
  2.5392000000E+02  2.3826067945E-14 -6.3660317306E-14
  2.5447230000E+02  2.2014832523E-14 -5.7537413508E-14
  2.5502520000E+02  2.0169169955E-14 -5.1337802862E-14
  2.5557870000E+02  1.8293559294E-14 -4.5076127878E-14
  2.5613280000E+02  1.6392508954E-14 -3.8767044683E-14
  2.5668750000E+02  1.4470546333E-14 -3.2425190146E-14
  2.5724280000E+02  1.2532207467E-14 -2.6065149316E-14
  2.5779870000E+02  1.0582026767E-14 -1.9701423250E-14
  2.5835520000E+02  8.6245268330E-15 -1.3348397299E-14
  2.5891230000E+02  6.6642083888E-15 -7.0203099171E-15
  2.5947000000E+02  4.7055403424E-15 -7.3122206005E-16
  2.6002830000E+02  2.7529500062E-15  5.5050127660E-15
  2.6058720000E+02  8.1081348959E-16  1.1674777742E-14
  2.6114670000E+02 -1.1165537140E-15  1.7764721201E-14
  2.6170680000E+02 -3.0249059249E-15  2.3761784269E-14
  2.6226750000E+02 -4.9100762424E-15  2.9653227617E-14
  2.6282880000E+02 -6.7679852602E-15  3.5426657281E-14
  2.6339070000E+02 -8.5946495107E-15  4.1070049500E-14
  2.6395320000E+02 -1.0386189628E-14  4.6571774517E-14
  2.6451630000E+02 -1.2138838206E-14  5.1920619309E-14
  2.6508000000E+02 -1.3848947344E-14  5.7105809192E-14
  2.6564430000E+02 -1.5512995860E-14  6.2117028285E-14
  2.6620920000E+02 -1.7127596163E-14  6.6944438759E-14
  2.6677470000E+02 -1.8689500762E-14  7.1578698881E-14
  2.6734080000E+02 -2.0195608417E-14  7.6010979795E-14
  2.6790750000E+02 -2.1642969908E-14  8.0232981014E-14
  2.6847480000E+02 -2.3028793410E-14  8.4236944617E-14
  2.6904270000E+02 -2.4350449475E-14  8.8015668113E-14
  2.6961120000E+02 -2.5605475617E-14  9.1562515957E-14
  2.7018030000E+02 -2.6791580466E-14  9.4871429714E-14
  2.7075000000E+02 -2.7906647527E-14  9.7936936845E-14
  2.7132030000E+02 -2.8948738493E-14  1.0075415812E-13
  2.7189120000E+02 -2.9916096153E-14  1.0331881363E-13
  2.7246270000E+02 -3.0807146850E-14  1.0562722744E-13
  2.7303480000E+02 -3.1620502523E-14  1.0767633083E-13
  2.7360750000E+02 -3.2354962308E-14  1.0946366417E-13
  2.7418080000E+02 -3.3009513703E-14  1.1098737741E-13
  2.7475470000E+02 -3.3583333312E-14  1.1224622921E-13
  2.7532920000E+02 -3.4075787146E-14  1.1323958470E-13
  2.7590430000E+02 -3.4486430502E-14  1.1396741196E-13
  2.7648000000E+02 -3.4815007423E-14  1.1443027711E-13
  2.7705630000E+02 -3.5061449727E-14  1.1462933814E-13
  2.7763320000E+02 -3.5225875634E-14  1.1456633746E-13
  2.7821070000E+02 -3.5308587977E-14  1.1424359325E-13
  2.7878880000E+02 -3.5310072018E-14  1.1366398949E-13
  2.7936750000E+02 -3.5230992870E-14  1.1283096492E-13
  2.7994680000E+02 -3.5072192536E-14  1.1174850078E-13
  2.8052670000E+02 -3.4834686575E-14  1.1042110745E-13
  2.8110720000E+02 -3.4519660403E-14  1.0885381004E-13
  2.8168830000E+02 -3.4128465245E-14  1.0705213289E-13
  2.8227000000E+02 -3.3662613749E-14  1.0502208318E-13
  2.8285230000E+02 -3.3123775262E-14  1.0277013346E-13
  2.8343520000E+02 -3.2513770807E-14  1.0030320339E-13
  2.8401870000E+02 -3.1834567746E-14  9.7628640567E-14
  2.8460280000E+02 -3.1088274166E-14  9.4754200587E-14
  2.8518750000E+02 -3.0277132987E-14  9.1688026311E-14
  2.8577280000E+02 -2.9403515820E-14  8.8438626473E-14
  2.8635870000E+02 -2.8469916581E-14  8.5014853612E-14
  2.8694520000E+02 -2.7478944879E-14  8.1425881427E-14
  2.8753230000E+02 -2.6433319205E-14  7.7681181589E-14
  2.8812000000E+02 -2.5335859919E-14  7.3790500072E-14
  2.8870830000E+02 -2.4189482073E-14  6.9763833058E-14
  2.8929720000E+02 -2.2997188074E-14  6.5611402476E-14
  2.8988670000E+02 -2.1762060210E-14  6.1343631227E-14
  2.9047680000E+02 -2.0487253052E-14  5.6971118162E-14
  2.9106750000E+02 -1.9175985760E-14  5.2504612859E-14
  2.9165880000E+02 -1.7831534302E-14  4.7954990265E-14
  2.9225070000E+02 -1.6457223599E-14  4.3333225259E-14
  2.9284320000E+02 -1.5056419639E-14  3.8650367195E-14
  2.9343630000E+02 -1.3632521542E-14  3.3917514471E-14
  2.9403000000E+02 -1.2188953626E-14  2.9145789199E-14
  2.9462430000E+02 -1.0729157475E-14  2.4346312019E-14
  2.9521920000E+02 -9.2565840267E-15  1.9530177109E-14
  2.9581470000E+02 -7.7746857073E-15  1.4708427461E-14
  2.9641080000E+02 -6.2869086218E-15  9.8920304582E-15
  2.9700750000E+02 -4.7966848191E-15  5.0918538192E-15
  2.9760480000E+02 -3.3074246510E-15  3.1864194982E-16
  2.9820270000E+02 -1.8225092393E-15 -4.4170072387E-15
  2.9880120000E+02 -3.4528306699E-16 -9.1046650054E-15
  2.9940030000E+02  1.1209532894E-15 -1.3734093896E-14
  3.0000000000E+02  2.5729502715E-15 -1.8295269256E-14
