  -4.00000000000000        1.74615091677986     
  -3.99000000022352        1.74357034116552     
  -3.98000000044703        1.74098628045281     
  -3.97000000067055        1.73839872023691     
  -3.96000000089407        1.73580764601161     
  -3.95000000111759        1.73321304316805     
  -3.94000000134110        1.73061489699399     
  -3.93000000156462        1.72801319267255     
  -3.92000000178814        1.72540791528117     
  -3.91000000201166        1.72279904979059     
  -3.90000000223517        1.72018658106372     
  -3.89000000245869        1.71757049385457     
  -3.88000000268221        1.71495077280701     
  -3.87000000290573        1.71232740245378     
  -3.86000000312924        1.70970036721526     
  -3.85000000335276        1.70706965139819     
  -3.84000000357628        1.70443523919476     
  -3.83000000379980        1.70179711468117     
  -3.82000000402331        1.69915526181643     
  -3.81000000424683        1.69650966444126     
  -3.80000000447035        1.69386030627667     
  -3.79000000469387        1.69120717092282     
  -3.78000000491738        1.68855024185763     
  -3.77000000514090        1.68588950243554     
  -3.76000000536442        1.68322493588621     
  -3.75000000558794        1.68055652531298     
  -3.74000000581145        1.67788425369183     
  -3.73000000603497        1.67520810386966     
  -3.72000000625849        1.67252805856313     
  -3.71000000648201        1.66984410035716     
  -3.70000000670552        1.66715621170336     
  -3.69000000692904        1.66446437491878     
  -3.68000000715256        1.66176857218431     
  -3.67000000737607        1.65906878554311     
  -3.66000000759959        1.65636499689927     
  -3.65000000782311        1.65365718801603     
  -3.64000000804663        1.65094534051435     
  -3.63000000827014        1.64822943587124     
  -3.62000000849366        1.64550945541823     
  -3.61000000871718        1.64278538033963     
  -3.60000000894070        1.64005719167089     
  -3.59000000916421        1.63732487029686     
  -3.58000000938773        1.63458839695022     
  -3.57000000961125        1.63184775220951     
  -3.56000000983477        1.62910291649752     
  -3.55000001005828        1.62635387007946     
  -3.54000001028180        1.62360059306101     
  -3.53000001050532        1.62084306538671     
  -3.52000001072884        1.61808126683777     
  -3.51000001095235        1.61531517703045     
  -3.50000001117587        1.61254477541380     
  -3.49000001139939        1.60977004126804     
  -3.48000001162291        1.60699095370229     
  -3.47000001184642        1.60420749165257     
  -3.46000001206994        1.60141963387982     
  -3.45000001229346        1.59862735896781     
  -3.44000001251698        1.59583064532085     
  -3.43000001274049        1.59302947116176     
  -3.42000001296401        1.59022381452965     
  -3.41000001318753        1.58741365327761     
  -3.40000001341105        1.58459896507051     
  -3.39000001363456        1.58177972738263     
  -3.38000001385808        1.57895591749534     
  -3.37000001408160        1.57612751249472     
  -3.36000001430511        1.57329448926912     
  -3.35000001452863        1.57045682450673     
  -3.34000001475215        1.56761449469291     
  -3.33000001497567        1.56476747610790     
  -3.32000001519918        1.56191574482405     
  -3.31000001542270        1.55905927670318     
  -3.30000001564622        1.55619804739401     
  -3.29000001586974        1.55333203232930     
  -3.28000001609325        1.55046120672327     
  -3.27000001631677        1.54758554556850     
  -3.26000001654029        1.54470502363337     
  -3.25000001676381        1.54181961545896     
  -3.24000001698732        1.53892929535605     
  -3.23000001721084        1.53603403740235     
  -3.22000001743436        1.53313381543901     
  -3.21000001765788        1.53022860306799     
  -3.20000001788139        1.52731837364855     
  -3.19000001810491        1.52440310029406     
  -3.18000001832843        1.52148275586880     
  -3.17000001855195        1.51855731298462     
  -3.16000001877546        1.51562674399741     
  -3.15000001899898        1.51269102100371     
  -3.14000001922250        1.50975011583724     
  -3.13000001944602        1.50680400006515     
  -3.12000001966953        1.50385264498457     
  -3.11000001989305        1.50089602161860     
  -3.10000002011657        1.49793410071280     
  -3.09000002034009        1.49496685273122     
  -3.08000002056360        1.49199424785237     
  -3.07000002078712        1.48901625596536     
  -3.06000002101064        1.48603284666567     
  -3.05000002123415        1.48304398925117     
  -3.04000002145767        1.48004965271772     
  -3.03000002168119        1.47704980575495     
  -3.02000002190471        1.47404441674182     
  -3.01000002212822        1.47103345374214     
  -3.00000002235174        1.46801688450002     
  -2.99000002257526        1.46499467643522     
  -2.98000002279878        1.46196679663837     
  -2.97000002302229        1.45893321186616     
  -2.96000002324581        1.45589388853643     
  -2.95000002346933        1.45284879272304     
  -2.94000002369285        1.44979789015087     
  -2.93000002391636        1.44674114619059     
  -2.92000002413988        1.44367852585318     
  -2.91000002436340        1.44060999378465     
  -2.90000002458692        1.43753551426044     
  -2.89000002481043        1.43445505117972     
  -2.88000002503395        1.43136856805964     
  -2.87000002525747        1.42827602802957     
  -2.86000002548099        1.42517739382480     
  -2.85000002570450        1.42207262778073     
  -2.84000002592802        1.41896169182635     
  -2.83000002615154        1.41584454747801     
  -2.82000002637506        1.41272115583291     
  -2.81000002659857        1.40959147756220     
  -2.80000002682209        1.40645547290454     
  -2.79000002704561        1.40331310165883     
  -2.78000002726912        1.40016432317739     
  -2.77000002749264        1.39700909635852     
  -2.76000002771616        1.39384737963913     
  -2.75000002793968        1.39067913098729     
  -2.74000002816319        1.38750430789442     
  -2.73000002838671        1.38432286736744     
  -2.72000002861023        1.38113476592068     
  -2.71000002883375        1.37793995956759     
  -2.70000002905726        1.37473840381246     
  -2.69000002928078        1.37153005364171     
  -2.68000002950430        1.36831486351506     
  -2.67000002972782        1.36509278735659     
  -2.66000002995133        1.36186377854557     
  -2.65000003017485        1.35862778990692     
  -2.64000003039837        1.35538477370168     
  -2.63000003062189        1.35213468161716     
  -2.62000003084540        1.34887746475683     
  -2.61000003106892        1.34561307362999     
  -2.60000003129244        1.34234145814129     
  -2.59000003151596        1.33906256757986     
  -2.58000003173947        1.33577635060823     
  -2.57000003196299        1.33248275525117     
  -2.56000003218651        1.32918172888394     
  -2.55000003241003        1.32587321822047     
  -2.54000003263354        1.32255716930127     
  -2.53000003285706        1.31923352748083     
  -2.52000003308058        1.31590223741508     
  -2.51000003330410        1.31256324304821     
  -2.50000003352761        1.30921648759918     
  -2.49000003375113        1.30586191354830     
  -2.48000003397465        1.30249946262279     
  -2.47000003419816        1.29912907578274     
  -2.46000003442168        1.29575069320604     
  -2.45000003464520        1.29236425427336     
  -2.44000003486872        1.28896969755263     
  -2.43000003509223        1.28556696078303     
  -2.42000003531575        1.28215598085871     
  -2.41000003553927        1.27873669381192     
  -2.40000003576279        1.27530903479589     
  -2.39000003598630        1.27187293806716     
  -2.38000003620982        1.26842833696730     
  -2.37000003643334        1.26497516390453     
  -2.36000003665686        1.26151335033440     
  -2.35000003688037        1.25804282674019     
  -2.34000003710389        1.25456352261293     
  -2.33000003732741        1.25107536643039     
  -2.32000003755093        1.24757828563609     
  -2.31000003777444        1.24407220661715     
  -2.30000003799796        1.24055705468208     
  -2.29000003822148        1.23703275403748     
  -2.28000003844500        1.23349922776435     
  -2.27000003866851        1.22995639779370     
  -2.26000003889203        1.22640418488138     
  -2.25000003911555        1.22284250858223     
  -2.24000003933907        1.21927128722352     
  -2.23000003956258        1.21569043787755     
  -2.22000003978610        1.21209987633355     
  -2.21000004000962        1.20849951706863     
  -2.20000004023314        1.20488927321799     
  -2.19000004045665        1.20126905654410     
  -2.18000004068017        1.19763877740513     
  -2.17000004090369        1.19399834472231     
  -2.16000004112720        1.19034766594630     
  -2.15000004135072        1.18668664702259     
  -2.14000004157424        1.18301519235581     
  -2.13000004179776        1.17933320477288     
  -2.12000004202127        1.17564058548510     
  -2.11000004224479        1.17193723404905     
  -2.10000004246831        1.16822304832608     
  -2.09000004269183        1.16449792444081     
  -2.08000004291534        1.16076175673801     
  -2.07000004313886        1.15701443773823     
  -2.06000004336238        1.15325585809207     
  -2.05000004358590        1.14948590653273     
  -2.04000004380941        1.14570446982717     
  -2.03000004403293        1.14191143272564     
  -2.02000004425645        1.13810667790941     
  -2.01000004447997        1.13429008593693     
  -2.00000004470348        1.13046153518794     
  -1.99000004492700        1.12662090180583     
  -1.98000004515052        1.12276805963802     
  -1.97000004537404        1.11890288017418     
  -1.96000004559755        1.11502523248240     
  -1.95000004582107        1.11113498314299     
  -1.94000004604459        1.10723199618012     
  -1.93000004626811        1.10331613299089     
  -1.92000004649162        1.09938725227182     
  -1.91000004671514        1.09544520994287     
  -1.90000004693866        1.09148985906846     
  -1.89000004716218        1.08752104977583     
  -1.88000004738569        1.08353862917009     
  -1.87000004760921        1.07954244124646     
  -1.86000004783273        1.07553232679891     
  -1.85000004805624        1.07150812332550     
  -1.84000004827976        1.06746966493005     
  -1.83000004850328        1.06341678222016     
  -1.82000004872680        1.05934930220106     
  -1.81000004895031        1.05526704816550     
  -1.80000004917383        1.05116983957932     
  -1.79000004939735        1.04705749196230     
  -1.78000004962087        1.04292981676449     
  -1.77000004984438        1.03878662123737     
  -1.76000005006790        1.03462770829996     
  -1.75000005029142        1.03045287639927     
  -1.74000005051494        1.02626191936508     
  -1.73000005073845        1.02205462625878     
  -1.72000005096197        1.01783078121572     
  -1.71000005118549        1.01359016328097     
  -1.70000005140901        1.00933254623811     
  -1.69000005163252        1.00505769843061     
  -1.68000005185604        1.00076538257551     
  -1.67000005207956       0.996455355568970     
  -1.66000005230308       0.992127368283185     
  -1.65000005252659       0.987781165354436     
  -1.64000005275011       0.983416484961425     
  -1.63000005297363       0.979033058593780     
  -1.62000005319715       0.974630610809947     
  -1.61000005342066       0.970208858983897     
  -1.60000005364418       0.965767513040148     
  -1.59000005386770       0.961306275176398     
  -1.58000005409122       0.956824839572994     
  -1.57000005431473       0.952322892088613     
  -1.56000005453825       0.947800109941313     
  -1.55000005476177       0.943256161374139     
  -1.54000005498528       0.938690705304238     
  -1.53000005520880       0.934103390954848     
  -1.52000005543232       0.929493857468750     
  -1.51000005565584       0.924861733502372     
  -1.50000005587935       0.920206636799273     
  -1.49000005610287       0.915528173741671     
  -1.48000005632639       0.910825938878916     
  -1.47000005654991       0.906099514431186     
  -1.46000005677342       0.901348469767026     
  -1.45000005699694       0.896572360853084     
  -1.44000005722046       0.891770729674222     
  -1.43000005744398       0.886943103622160     
  -1.42000005766749       0.882088994850450     
  -1.41000005789101       0.877207899593859     
  -1.40000005811453       0.872299297449551     
  -1.39000005833805       0.867362650617602     
  -1.38000005856156       0.862397403098175     
  -1.37000005878508       0.857402979842303     
  -1.36000005900860       0.852378785853128     
  -1.35000005923212       0.847324205234181     
  -1.34000005945563       0.842238600180941     
  -1.33000005967915       0.837121309911624     
  -1.32000005990267       0.831971649532967     
  -1.31000006012619       0.826788908836115     
  -1.30000006034970       0.821572351017697     
  -1.29000006057322       0.816321211320279     
  -1.28000006079674       0.811034695586571     
  -1.27000006102026       0.805711978720311     
  -1.26000006124377       0.800352203047245     
  -1.25000006146729       0.794954476568084     
  -1.24000006169081       0.789517871095110     
  -1.23000006191432       0.784041420263263     
  -1.22000006213784       0.778524117405585     
  -1.21000006236136       0.772964913282055     
  -1.20000006258488       0.767362713649815     
  -1.19000006280839       0.761716376661535     
  -1.18000006303191       0.756024710077677     
  -1.17000006325543       0.750286468276502     
  -1.16000006347895       0.744500349044789     
  -1.15000006370246       0.738664990129764     
  -1.14000006392598       0.732778965531635     
  -1.13000006414950       0.726840781512878     
  -1.12000006437302       0.720848872299270     
  -1.11000006459653       0.714801595443895     
  -1.10000006482005       0.708697226822926     
  -1.09000006504357       0.702533955228663     
  -1.08000006526709       0.696309876520794     
  -1.07000006549060       0.690022987293641     
  -1.06000006571412       0.683671178011285     
  -1.05000006593764       0.677252225557993     
  -1.04000006616116       0.670763785144204     
  -1.03000006638467       0.664203381502407     
  -1.02000006660819       0.657568399298786     
  -1.01000006683171       0.650856072677188     
  -1.00000006705523       0.644063473843025     
 -0.990000067278743       0.637187500581388     
 -0.980000067502260       0.630224862592325     
 -0.970000067725778       0.623172066508483     
 -0.960000067949295       0.616025399446102     
 -0.950000068172812       0.608780910916903     
 -0.940000068396330       0.601434392908042     
 -0.930000068619847       0.593981357908587     
 -0.920000068843365       0.586417014631423     
 -0.910000069066882       0.578736241142864     
 -0.900000069290400       0.570933555070840     
 -0.890000069513917       0.563003080513274     
 -0.880000069737434       0.554938511212110     
 -0.870000069960952       0.546733069491599     
 -0.860000070184469       0.538379460379109     
 -0.850000070407987       0.529869820237355     
 -0.840000070631504       0.521195659124158     
 -0.830000070855021       0.512347795966904     
 -0.820000071078539       0.503316285484108     
 -0.810000071302056       0.494090335600477     
 -0.800000071525574       0.484658213879769     
 -0.790000071749091       0.475007141232101     
 -0.780000071972609       0.465123170826711     
 -0.770000072196126       0.454991049752830     
 -0.760000072419643       0.444594060485944     
 -0.750000072643161       0.433913838635894     
 -0.740000072866678       0.422930162726771     
 -0.730000073090196       0.411620710870241     
 -0.720000073313713       0.399960778081835     
 -0.710000073537230       0.387922946606060     
 -0.700000073760748       0.375476699874692     
 -0.690000073984265       0.362587968521876     
 -0.680000074207783       0.349218594080889     
 -0.670000074431300       0.335325692402070     
 -0.660000074654818       0.320860894208305     
 -0.650000074878335       0.305769434203456     
 -0.640000075101852       0.289989052276195     
 -0.630000075325370       0.273448659967941     
 -0.620000075548887       0.256066711532775     
 -0.610000075772405       0.237749200305944     
 -0.600000075995922       0.218387175821917     
 -0.590000076219440       0.197853642374524     
 -0.580000076442957       0.175999651443071     
 -0.570000076666474       0.152649332450912     
 -0.560000076889992       0.127593509351804     
 -0.550000077113509       0.100581410135411     
 -0.540000077337027       7.130976968005834E-002
 -0.530000077560544       3.940831691096924E-002
 -0.520000077784061       4.420164648077271E-003
 -0.510000078007579      -3.422511643199743E-002
 -0.500000078231096      -7.724913507952465E-002
 -0.490000078454614      -0.125578352125150     
 -0.480000078678131      -0.180422368310716     
 -0.470000078901649      -0.243391087783401     
 -0.460000079125166      -0.316675311527495     
 -0.450000079348683      -0.403334797173618     
 -0.440000079572201      -0.507776608449908     
 -0.430000079795718      -0.636588552488892     
 -0.420000080019236      -0.800078643128643     
 -0.410000080242753       -1.01533307828953     
 -0.400000080466270       -1.31288403006910     
 -0.390000080689788       -1.75317634529965     
 -0.380000080913305       -2.47508336695131     
 -0.370000081136823       -3.88418583153343     
 -0.360000081360340       -7.88436469466111     
 -0.350000081583858       -108.383089311546     
 -0.340000081807375        10.2404104227896     
 -0.330000082030892        5.11218283842934     
 -0.320000082254410        3.49527937254216     
 -0.310000082477927        2.70052720037973     
 -0.300000082701445        2.22630582066831     
 -0.290000082924962        1.91008596577351     
 -0.280000083148479        1.68332321288360     
 -0.270000083371997        1.51210331732443     
 -0.260000083595514        1.37772462996329     
 -0.250000083819032        1.26902830529498     
 -0.240000084042549        1.17894375148628     
 -0.230000084266067        1.10277335238731     
 -0.220000084489584        1.03727392911104     
 -0.210000084713101       0.980134202038197     
 -0.200000084936619       0.929662427586029     
 -0.190000085160136       0.884591780112216     
 -0.180000085383654       0.843954758442174     
 -0.170000085607171       0.806999650055738     
 -0.160000085830688       0.773133490243477     
 -0.150000086054206       0.741882204409268     
 -0.140000086277723       0.712862183144692     
 -0.130000086501241       0.685759638632078     
 -0.120000086724758       0.660315365567470     
 -0.110000086948276       0.636313324840119     
 -9.000008739531040E-002  0.591937616190190     
 -8.000008761882782E-002  0.571279203458803     
 -7.000008784234524E-002  0.551484292687966     
 -6.000008806586266E-002  0.532455814378881     
 -5.000008828938007E-002  0.514109499308523     
 -4.000008851289749E-002  0.496371802748551     
 -3.000008873641491E-002  0.479178218672946     
 -2.000008895993233E-002  0.462471901019627     
 -1.000008918344975E-002  0.446202528621722     
 -8.940696716308594E-008  0.430325364941993     
  9.999910369515419E-003  0.414800474645584     
  1.999991014599800E-002  0.399592067251180     
  2.999990992248058E-002  0.384667944385875     
  3.999990969896317E-002  0.369999032014129     
  4.999990947544575E-002  0.355558982701519     
  5.999990925192833E-002  0.341323835940751     
  6.999990902841091E-002  0.327271726818299     
  7.999990880489349E-002  0.313382635126083     
  8.999990858137608E-002  0.299638168457697     
  9.999990835785866E-002  0.286021373979938     
  0.109999908134341       0.272516574486962     
  0.119999907910824       0.259109225103857     
  0.129999907687306       0.245785787604083     
  0.139999907463789       0.232533619802385     
  0.149999907240272       0.219340877890831     
  0.159999907016754       0.206196429921511     
  0.169999906793237       0.193089778910253     
  0.179999906569719       0.180010994273372     
  0.189999906346202       0.166950650487265     
  0.199999906122684       0.153899772033727     
  0.209999905899167       0.140849783816816     
  0.219999905675650       0.127792466356388     
  0.229999905452132       0.114719915153913     
  0.239999905228615       0.101624503706242     
  0.249999905005097       8.849884971802102E-002
  0.259999904781580       7.533578411006062E-002
  0.269999904558063       6.212832247767249E-002
  0.279999904334545       4.886963869600733E-002
  0.289999904111028       3.555304039979609E-002
  0.299999903887510       2.217194609957333E-002
  0.309999903663993       8.719863722600146E-003
  0.319999903440475      -4.809629611319499E-003
  0.329999903216958      -1.842290674949632E-002
  0.339999902993441      -3.212630875644282E-002
  0.349999902769923      -4.592616238938808E-002
  0.359999902546406      -5.982879693306077E-002
  0.369999902322888      -7.384056050362417E-002
  0.379999902099371      -8.796783593464355E-002
  0.389999901875854      -0.102217056341944     
  0.399999901652336      -0.116594720466610     
  0.409999901428819      -0.131107407879003     
  0.419999901205301      -0.145761794138226     
  0.429999900981784      -0.160564665978116     
  0.439999900758266      -0.175522936612554     
  0.449999900534749      -0.190643661228299     
  0.459999900311232      -0.205934052752004     
  0.469999900087714      -0.221401497962517     
  0.479999899864197      -0.237053574036459     
  0.489999899640679      -0.252898065597192     
  0.499999899417162      -0.268942982362075     
  0.509999899193645      -0.285196577462198     
  0.519999898970127      -0.301667366536233     
  0.529999898746610      -0.318364147680077     
  0.539999898523092      -0.335296022365237     
  0.549999898299575      -0.352472417417337     
  0.559999898076057      -0.369903108178306     
  0.569999897852540      -0.387598242968458     
  0.579999897629023      -0.405568368977560     
  0.589999897405505      -0.423824459724860     
  0.599999897181988      -0.442377944241643     
  0.609999896958470      -0.461240738138153     
  0.619999896734953      -0.480425276735744     
  0.629999896511436      -0.499944550456447     
  0.639999896287918      -0.519812142689307     
  0.649999896064401      -0.540042270362180     
  0.659999895840883      -0.560649827478400     
  0.669999895617366      -0.581650431902403     
  0.679999895393848      -0.603060475704521     
  0.689999895170331      -0.624897179412058     
  0.699999894946814      -0.647178650544296     
  0.709999894723296      -0.669923946860854     
  0.719999894499779      -0.693153144783175     
  0.729999894276261      -0.716887413519285     
  0.739999894052744      -0.741149095473331     
  0.749999893829226      -0.765961793578738     
  0.759999893605709      -0.791350466289707     
  0.769999893382192      -0.817341531041119     
  0.779999893158674      -0.843962977082247     
  0.789999892935157      -0.871244488710484     
  0.799999892711639      -0.899217580054182     
  0.809999892488122      -0.927915742703141     
  0.819999892264605      -0.957374607652598     
  0.829999892041087      -0.987632123216514     
  0.839999891817570       -1.01872875079764     
  0.849999891594052       -1.05070768064525     
  0.859999891370535       -1.08361507004407     
  0.869999891147017       -1.11750030670513     
  0.879999890923500       -1.15241630054755     
  0.889999890699983       -1.18841980750404     
  0.899999890476465       -1.22557178955583     
  0.909999890252948       -1.26393781580867     
  0.919999890029430       -1.30358851019687     
  0.929999889805913       -1.34460005226916     
  0.939999889582396       -1.38705473855539     
  0.949999889358878       -1.43104161325487     
  0.959999889135361       -1.47665717844835     
  0.969999888911843       -1.52400619579476     
  0.979999888688326       -1.57320259377248     
  0.989999888464808       -1.62437049704166     
  0.999999888241291       -1.67764539756612     
   1.00999988801777       -1.73317549081137     
   1.01999988779426       -1.79112320482183     
   1.02999988757074       -1.85166695546057     
   1.03999988734722       -1.91500316787762     
   1.04999988712370       -1.98134861247401     
   1.05999988690019       -2.05094311404440     
   1.06999988667667       -2.12405270552648     
   1.07999988645315       -2.20097331386851     
   1.08999988622963       -2.28203508586366     
   1.09999988600612       -2.36760748738615     
   1.10999988578260       -2.45810534235081     
   1.11999988555908       -2.55399601986759     
   1.12999988533556       -2.65580803254692     
   1.13999988511205       -2.76414138026742     
   1.14999988488853       -2.87968006719521     
   1.15999988466501       -3.00320734407963     
   1.16999988444149       -3.13562439426182     
   1.17999988421798       -3.27797340655707     
   1.18999988399446       -3.43146628547337     
   1.19999988377094       -3.59752067405270     
   1.20999988354743       -3.77780555846344     
   1.21999988332391       -3.97429956587034     
   1.22999988310039       -4.18936627780662     
   1.23999988287687       -4.42585264958682     
   1.24999988265336       -4.68721925148681     
   1.25999988242984       -4.97771501931514     
   1.26999988220632       -5.30261533252923     
   1.27999988198280       -5.66855191429050     
   1.28999988175929       -6.08397870857557     
   1.29999988153577       -6.55984394509244     
   1.30999988131225       -7.11058333343774     
   1.31999988108873       -7.75562889559348     
   1.32999988086522       -8.52177534219211     
   1.33999988064170       -9.44703210657635     
   1.34999988041818       -10.5871763857535     
   1.35999988019466       -12.0275091532916     
   1.36999987997115       -13.9053687324650     
   1.37999987974763       -16.4569532194145     
   1.38999987952411       -20.1257934911517     
   1.39999987930059       -25.8542060844473     
   1.40999987907708       -36.0586713716782     
   1.41999987885356       -59.3641759642529     
   1.42999987863004       -166.347534172007     
   1.43999987840652        209.509203214256     
   1.44999987818301        64.4615263766457     
   1.45999987795949        38.1486519258146     
   1.46999987773597        27.1164959346671     
   1.47999987751245        21.0474759845203     
   1.48999987728894        17.2061232978970     
   1.49999987706542        14.5551960042738     
   1.50999987684190        12.6148754912989     
   1.51999987661839        11.1326612511836     
   1.52999987639487        9.96300907768010     
   1.53999987617135        9.01612206981795     
   1.54999987594783        8.23359218523047     
   1.55999987572432        7.57578729821695     
   1.56999987550080        7.01486773023699     
   1.57999987527728        6.53070387228087     
   1.58999987505376        6.10837990344713     
   1.59999987483025        5.73660838877789     
   1.60999987460673        5.40669021563089     
   1.61999987438321        5.11181288844325     
   1.62999987415969        4.84656536485970     
   1.63999987393618        4.60659528534143     
   1.64999987371266        4.38836211416664     
   1.65999987348914        4.18895627584332     
   1.66999987326562        4.00596458156727     
   1.67999987304211        3.83736868907443     
   1.68999987281859        3.68146750799892     
   1.69999987259507        3.53681721115562     
   1.70999987237155        3.40218436167194     
   1.71999987214804        3.27650892771308     
   1.72999987192452        3.15887483409442     
   1.73999987170100        3.04848631793110     
   1.74999987147748        2.94464879600709     
   1.75999987125397        2.84675327049906     
   1.76999987103045        2.75426353247005     
   1.77999987080693        2.66670559450145     
   1.78999987058342        2.58365891209243     
   1.79999987035990        2.50474905057609     
   1.80999987013638        2.42964152674711     
   1.81999986991286        2.35803661202105     
   1.82999986968935        2.28966492576628     
   1.83999986946583        2.22428368257805     
   1.84999986924231        2.16167348275320     
   1.85999986901879        2.10163555648944     
   1.86999986879528        2.04398938862989     
   1.87999986857176        1.98857066410424     
   1.88999986834824        1.93522948457014     
   1.89999986812472        1.88382881548485     
   1.90999986790121        1.83424312943322     
   1.91999986767769        1.78635721760037     
   1.92999986745417        1.74006514538140     
   1.93999986723065        1.69526933216055     
   1.94999986700714        1.65187973846795     
   1.95999986678362        1.60981314605000     
   1.96999986656010        1.56899251879325     
   1.97999986633658        1.52934643397250     
   1.98999986611307        1.49080857514748     
   1.99999986588955        1.45331727874714     
