  2.061153622439000E-007  8.897057779529867E-008
  2.081868560730650E-007  8.986474696771637E-008
  2.102791687613270E-007  9.076790268971841E-008
  2.123925095416982E-007  9.168013527762956E-008
  2.145270897500181E-007  9.260153595546885E-008
  2.166831228460860E-007  9.353219686407193E-008
  2.188608244350085E-007  9.447221107030516E-008
  2.210604122887591E-007  9.542167257637254E-008
  2.232821063679562E-007  9.638067632921586E-008
  2.255261288438591E-007  9.734931823000962E-008
  2.277927041205855E-007  9.832769514375106E-008
  2.300820588575518E-007  9.931590490894694E-008
  2.323944219921395E-007  1.003140463473972E-007
  2.347300247625892E-007  1.013222192740775E-007
  2.370891007311241E-007  1.023405245071207E-007
  2.394718858073070E-007  1.033690638778987E-007
  2.418786182716312E-007  1.044079402412056E-007
  2.443095387993488E-007  1.054572574855436E-007
  2.467648904845383E-007  1.065171205435114E-007
  2.492449188644143E-007  1.075876354022982E-007
  2.517498719438816E-007  1.086689091142819E-007
  2.542800002203354E-007  1.097610498077347E-007
  2.568355567087120E-007  1.108641666976361E-007
  2.594167969667899E-007  1.119783700965944E-007
  2.620239791207458E-007  1.131037714258780E-007
  2.646573638909678E-007  1.142404832265576E-007
  2.673172146181275E-007  1.153886191707607E-007
  2.700037972895140E-007  1.165482940730383E-007
  2.727173805656335E-007  1.177196239018471E-007
  2.754582358070747E-007  1.189027257911461E-007
  2.782266371016460E-007  1.200977180521101E-007
  2.810228612917836E-007  1.213047201849611E-007
  2.838471880022370E-007  1.225238528909183E-007
  2.866998996680307E-007  1.237552380842680E-007
  2.895812815627086E-007  1.249989989045560E-007
  2.924916218268613E-007  1.262552597289005E-007
  2.954312114969406E-007  1.275241461844310E-007
  2.984003445343630E-007  1.288057851608504E-007
  3.013993178549066E-007  1.301003048231244E-007
  3.044284313584026E-007  1.314078346242981E-007
  3.074879879587257E-007  1.327285053184409E-007
  3.105782936140856E-007  1.340624489737232E-007
  3.136996573576229E-007  1.354097989856219E-007
  3.168523913283132E-007  1.367706900902610E-007
  3.200368108021809E-007  1.381452583778851E-007
  3.232532342238271E-007  1.395336413064684E-007
  3.265019832382742E-007  1.409359777154608E-007
  3.297833827231311E-007  1.423524078396718E-007
  3.330977608210807E-007  1.437830733232941E-007
  3.364454489726948E-007  1.452281172340684E-007
  3.398267819495783E-007  1.466876840775900E-007
  3.432420978878466E-007  1.481619198117594E-007
  3.466917383219398E-007  1.496509718613787E-007
  3.501760482187759E-007  1.511549891328937E-007
  3.536953760122483E-007  1.526741220292849E-007
  3.572500736380690E-007  1.542085224651079E-007
  3.608404965689629E-007  1.557583438816849E-007
  3.644670038502152E-007  1.573237412624492E-007
  3.681299581355759E-007  1.589048711484432E-007
  3.718297257235262E-007  1.605018916539732E-007
  3.755666765939080E-007  1.621149624824207E-007
  3.793411844449224E-007  1.637442449422127E-007
  3.831536267305001E-007  1.653899019629529E-007
  3.870043846980465E-007  1.670520981117148E-007
  3.908938434265675E-007  1.687309996094983E-007
  3.948223918651771E-007  1.704267743478525E-007
  3.987904228719929E-007  1.721395919056642E-007
  4.027983332534224E-007  1.738696235661166E-007
  4.068465238038437E-007  1.756170423338175E-007
  4.109353993456852E-007  1.773820229520998E-007
  4.150653687699086E-007  1.791647419204962E-007
  4.192368450768980E-007  1.809653775123890E-007
  4.234502454177603E-007  1.827841097928380E-007
  4.277059911360407E-007  1.846211206365870E-007
  4.320045078098576E-007  1.864765937462511E-007
  4.363462252944604E-007  1.883507146706874E-007
  4.407315777652157E-007  1.902436708235503E-007
  4.451610037610251E-007  1.921556515020324E-007
  4.496349462281793E-007  1.940868479057950E-007
  4.541538525646534E-007  1.960374531560878E-007
  4.587181746648468E-007  1.980076623150612E-007
  4.633283689647730E-007  1.999976724052731E-007
  4.679848964877040E-007  2.020076824293908E-007
  4.726882228902725E-007  2.040378933900917E-007
  4.774388185090382E-007  2.060885083101638E-007
  4.822371584075218E-007  2.081597322528079E-007
  4.870837224237117E-007  2.102517723421443E-007
  4.919789952180485E-007  2.123648377839253E-007
  4.969234663218909E-007  2.144991398864560E-007
  5.019176301864698E-007  2.166548920817252E-007
  5.069619862323334E-007  2.188323099467489E-007
  5.120570388992901E-007  2.210316112251282E-007
  5.172032976968522E-007  2.232530158488236E-007
  5.224012772551882E-007  2.254967459601487E-007
  5.276514973765856E-007  2.277630259339843E-007
  5.329544830874317E-007  2.300520824002165E-007
  5.383107646907167E-007  2.323641442663995E-007
  5.437208778190647E-007  2.346994427406465E-007
  5.491853634882967E-007  2.370582113547511E-007
  5.547047681515337E-007  2.394406859875404E-007
  5.602796437538412E-007  2.418471048884630E-007
  5.659105477874254E-007  2.442777087014143E-007
  5.715980433473820E-007  2.467327404888012E-007
  5.773426991880067E-007  2.492124457558483E-007
  5.831450897796707E-007  2.517170724751487E-007
  5.890057953662685E-007  2.542468711114616E-007
  5.949254020232427E-007  2.568020946467587E-007
  6.009045017161921E-007  2.593829986055229E-007
  6.069436923600686E-007  2.619898410803009E-007
  6.130435778789690E-007  2.646228827575125E-007
  6.192047682665288E-007  2.672823869435198E-007
  6.254278796469210E-007  2.699686195909573E-007
  6.317135343364694E-007  2.726818493253285E-007
  6.380623609058812E-007  2.754223474718680E-007
  6.444749942431040E-007  2.781903880826740E-007
  6.509520756168154E-007  2.809862479641144E-007
  6.574942527405504E-007  2.838102067045072E-007
  6.641021798374731E-007  2.866625467020795E-007
  6.707765177057999E-007  2.895435531932086E-007
  6.775179337848795E-007  2.924535142809439E-007
  6.843271022219378E-007  2.953927209638195E-007
  6.912047039394927E-007  2.983614671649528E-007
  6.981514267034474E-007  3.013600497614380E-007
  7.051679651918673E-007  3.043887686140336E-007
  7.122550210644483E-007  3.074479265971487E-007
  7.194133030326836E-007  3.105378296291310E-007
  7.266435269307352E-007  3.136587867028585E-007
  7.339464157870182E-007  3.168111099166396E-007
  7.413226998965040E-007  3.199951145054225E-007
  7.487731168937503E-007  3.232111188723193E-007
  7.562984118266657E-007  3.264594446204468E-007
  7.638993372310146E-007  3.297404165850870E-007
  7.715766532056714E-007  3.330543628661701E-007
  7.793311274886315E-007  3.364016148610861E-007
  7.871635355337853E-007  3.397825072978238E-007
  7.950746605884642E-007  3.431973782684443E-007
  8.030652937717663E-007  3.466465692628905E-007
  8.111362341536690E-007  3.501304252031359E-007
  8.192882888349362E-007  3.536492944776781E-007
  8.275222730278293E-007  3.572035289763767E-007
  8.358390101376295E-007  3.607934841256435E-007
  8.442393318449782E-007  3.644195189239852E-007
  8.527240781890465E-007  3.680819959779032E-007
  8.612940976515395E-007  3.717812815381550E-007
  8.699502472415452E-007  3.755177455363794E-007
  8.786933925812359E-007  3.792917616220898E-007
  8.875244079924318E-007  3.831037072000400E-007
  8.964441765840330E-007  3.869539634679644E-007
  9.054535903403319E-007  3.908429154546982E-007
  9.145535502102119E-007  3.947709520586810E-007
  9.237449661972436E-007  3.987384660868465E-007
  9.330287574506850E-007  4.027458542939040E-007
  9.424058523573979E-007  4.067935174220134E-007
  9.518771886346875E-007  4.108818602408608E-007
  9.614437134240741E-007  4.150112915881349E-007
  9.711063833860089E-007  4.191822244104116E-007
  9.808661647955404E-007  4.233950758044493E-007
  9.907240336389425E-007  4.276502670588975E-007
  1.000680975711315E-006  4.319482236964281E-007
  1.010737986715162E-006  4.362893755162865E-007
  1.020896072359964E-006  4.406741566372721E-007
  1.031156248462753E-006  4.451030055411511E-007
  1.041519541049687E-006  4.495763651165045E-007
  1.051986986458663E-006  4.540946827030180E-007
  1.062559631442943E-006  4.586584101362151E-007
  1.073238533275836E-006  4.632680037926424E-007
  1.084024759856425E-006  4.679239246355071E-007
  1.094919389816357E-006  4.726266382607730E-007
  1.105923512627707E-006  4.773766149437218E-007
  1.117038228711926E-006  4.821743296859802E-007
  1.128264649549883E-006  4.870202622630206E-007
  1.139603897793020E-006  4.919148972721387E-007
  1.151057107375609E-006  4.968587241809145E-007
  1.162625423628153E-006  5.018522373761586E-007
  1.174310003391917E-006  5.068959362133519E-007
  1.186112015134616E-006  5.119903250665812E-007
  1.198032639067258E-006  5.171359133789773E-007
  1.210073067262170E-006  5.223332157136592E-007
  1.222234503772207E-006  5.275827518051916E-007
  1.234518164751152E-006  5.328850466115580E-007
  1.246925278575342E-006  5.382406303666582E-007
  1.259457085966497E-006  5.436500386333302E-007
  1.272114840115799E-006  5.491138123569087E-007
  1.284899806809213E-006  5.546324979193194E-007
  1.297813264554060E-006  5.602066471937172E-007
  1.310856504706878E-006  5.658368175996747E-007
  1.324030831602551E-006  5.715235721589244E-007
  1.337337562684746E-006  5.772674795516613E-007
  1.350778028637662E-006  5.830691141734110E-007
  1.364353573519093E-006  5.889290561924706E-007
  1.378065554894842E-006  5.948478916079253E-007
  1.391915343974472E-006  6.008262123082490E-007
  1.405904325748432E-006  6.068646161304935E-007
  1.420033899126559E-006  6.129637069200733E-007
  1.434305477077963E-006  6.191240945911498E-007
  1.448720486772334E-006  6.253463951876239E-007
  1.463280369722653E-006  6.316312309447403E-007
  1.477986581929349E-006  6.379792303513124E-007
  1.492840594025897E-006  6.443910282125706E-007
  1.507843891425886E-006  6.508672657136444E-007
  1.522997974471558E-006  6.574085904836805E-007
  1.538304358583846E-006  6.640156566606074E-007
  1.553764574413918E-006  6.706891249565484E-007
  1.569380167996239E-006  6.774296627238945E-007
  1.585152700903180E-006  6.842379440220396E-007
  1.601083750401178E-006  6.911146496847869E-007
  1.617174909608456E-006  6.980604673884333E-007
  1.633427787654345E-006  7.050760917205377E-007
  1.649844009840194E-006  7.121622242493793E-007
  1.666425217801901E-006  7.193195735941165E-007
  1.683173069674081E-006  7.265488554956479E-007
  1.700089240255878E-006  7.338507928881880E-007
  1.717175421178446E-006  7.412261159715613E-007
  1.734433321074116E-006  7.486755622842222E-007
  1.751864665747259E-006  7.561998767770097E-007
  1.769471198346869E-006  7.637998118876437E-007
  1.787254679540878E-006  7.714761276159682E-007
  1.805216887692224E-006  7.792295915999531E-007
  1.823359619036693E-006  7.870609791924579E-007
  1.841684687862537E-006  7.949710735387684E-007
  1.860193926691909E-006  8.029606656549107E-007
  1.878889186464117E-006  8.110305545067544E-007
  1.897772336720718E-006  8.191815470899098E-007
  1.916845265792473E-006  8.274144585104275E-007
  1.936109880988184E-006  8.357301120663106E-007
  1.955568108785423E-006  8.441293393298442E-007
  1.975221895023187E-006  8.526129802307541E-007
  1.995073205096477E-006  8.611818831402001E-007
  2.015124024152843E-006  8.698369049556138E-007
  2.035376357290900E-006  8.785789111863897E-007
  2.055832229760839E-006  8.874087760404357E-007
  2.076493687166953E-006  8.963273825115951E-007
  2.097362795672201E-006  9.053356224679476E-007
  2.118441642204824E-006  9.144343967409955E-007
  2.139732334667041E-006  9.236246152157487E-007
  2.161237002145842E-006  9.329071969217128E-007
  2.182957795125894E-006  9.422830701247942E-007
  2.204896885704596E-006  9.517531724201265E-007
  2.227056467809289E-006  9.613184508258311E-007
  2.249438757416649E-006  9.709798618777190E-007
  2.272045992774289E-006  9.807383717249473E-007
  2.294880434624585E-006  9.905949562266328E-007
  2.317944366430750E-006  1.000550601049439E-006
  2.341240094605185E-006  1.010606301766145E-006
  2.364769948740120E-006  1.020763063955202E-006
  2.388536281840578E-006  1.031021903301293E-006
  2.412541470559673E-006  1.041383845696902E-006
  2.436787915436282E-006  1.051849927344902E-006
  2.461278041135098E-006  1.062421194862182E-006
  2.486014296689100E-006  1.073098705384302E-006
  2.510999155744455E-006  1.083883526671211E-006
  2.536235116807892E-006  1.094776737214027E-006
  2.561724703496545E-006  1.105779426342881E-006
  2.587470464790326E-006  1.116892694335854E-006
  2.613474975286819E-006  1.128117652529008E-006
  2.639740835458743E-006  1.139455423427516E-006
  2.666270671914005E-006  1.150907140817915E-006
  2.693067137658357E-006  1.162473949881489E-006
  2.720132912360706E-006  1.174157007308782E-006
  2.747470702621075E-006  1.185957481415272E-006
  2.775083242241273E-006  1.197876552258205E-006
  2.802973292498272E-006  1.209915411754597E-006
  2.831143642420341E-006  1.222075263800431E-006
  2.859597109065945E-006  1.234357324391043E-006
  2.888336537805461E-006  1.246762821742729E-006
  2.917364802605713E-006  1.259292996415561E-006
  2.946684806317371E-006  1.271949101437448E-006
  2.976299480965240E-006  1.284732402429440E-006
  3.006211788041463E-006  1.297644177732289E-006
  3.036424718801675E-006  1.310685718534283E-006
  3.066941294564129E-006  1.323858329000372E-006
  3.097764567011833E-006  1.337163326402580E-006
  3.128897618497717E-006  1.350602041251734E-006
  3.160343562352875E-006  1.364175817430519E-006
  3.192105543197895E-006  1.377886012327862E-006
  3.224186737257333E-006  1.391733996974680E-006
  3.256590352677327E-006  1.405721156180976E-006
  3.289319629846424E-006  1.419848888674329E-006
  3.322377841719614E-006  1.434118607239760E-006
  3.355768294145633E-006  1.448531738861016E-006
  3.389494326197550E-006  1.463089724863272E-006
  3.423559310506675E-006  1.477794021057259E-006
  3.457966653599826E-006  1.492646097884851E-006
  3.492719796239985E-006  1.507647440566105E-006
  3.527822213770378E-006  1.522799549247793E-006
  3.563277416462010E-006  1.538103939153408E-006
  3.599088949864695E-006  1.553562140734696E-006
  3.635260395161617E-006  1.569175699824696E-006
  3.671795369527450E-006  1.584946177792328E-006
  3.708697526490075E-006  1.600875151698531E-006
  3.745970556295941E-006  1.616964214453970E-006
  3.783618186279089E-006  1.633214974978328E-006
  3.821644181233890E-006  1.649629058361200E-006
  3.860052343791530E-006  1.666208106024602E-006
  3.898846514800269E-006  1.682953775887118E-006
  3.938030573709538E-006  1.699867742529686E-006
  3.977608438957880E-006  1.716951697363069E-006
  4.017584068364803E-006  1.734207348796983E-006
  4.057961459526561E-006  1.751636422410955E-006
  4.098744650215917E-006  1.769240661126868E-006
  4.139937718785926E-006  1.787021825383265E-006
  4.181544784577773E-006  1.804981693311388E-006
  4.223570008332711E-006  1.823122060912997E-006
  4.266017592608136E-006  1.841444742239970E-006
  4.308891782197847E-006  1.859951569575708E-006
  4.352196864556534E-006  1.878644393618366E-006
  4.395937170228519E-006  1.897525083665928E-006
  4.440117073280820E-006  1.916595527803130E-006
  4.484740991740559E-006  1.935857633090280E-006
  4.529813388036769E-006  1.955313325753956E-006
  4.575338769446639E-006  1.974964551379639E-006
  4.621321688546249E-006  1.994813275106268E-006
  4.667766743665828E-006  2.014861481822756E-006
  4.714678579349592E-006  2.035111176366481E-006
  4.762061886820203E-006  2.055564383723772E-006
  4.809921404447894E-006  2.076223149232410E-006
  4.858261918224311E-006  2.097089538786160E-006
  4.907088262241116E-006  2.118165639041368E-006
  4.956405319173398E-006  2.139453557625621E-006
  5.006218020767949E-006  2.160955423348518E-006
  5.056531348336439E-006  2.182673386414551E-006
  5.107350333253554E-006  2.204609618638123E-006
  5.158680057460133E-006  2.226766313660737E-006
  5.210525653971372E-006  2.249145687170359E-006
  5.262892307390128E-006  2.271749977122990E-006
  5.315785254425382E-006  2.294581443966462E-006
  5.369209784415913E-006  2.317642370866485E-006
  5.423171239859242E-006  2.340935063934967E-006
  5.477675016945882E-006  2.364461852460625E-006
  5.532726566098960E-006  2.388225089141918E-006
  5.588331392519269E-006  2.412227150322315E-006
  5.644495056735788E-006  2.436470436227939E-006
  5.701223175161743E-006  2.460957371207581E-006
  5.758521420656249E-006  2.485690403975143E-006
  5.816395523091605E-006  2.510672007854516E-006
  5.874851269926282E-006  2.535904681026904E-006
  5.933894506783677E-006  2.561390946780652E-006
  5.993531138036679E-006  2.587133353763574E-006
  6.053767127398112E-006  2.613134476237820E-006
  6.114608498517106E-006  2.639396914337304E-006
  6.176061335581476E-006  2.665923294327723E-006
  6.238131783926139E-006  2.692716268869180E-006
  6.300826050647656E-006  2.719778517281457E-006
  6.364150405224943E-006  2.747112745811947E-006
  6.428111180146228E-006  2.774721687906283E-006
  6.492714771542306E-006  2.802608104481679E-006
  6.557967639826152E-006  2.830774784203033E-006
  6.623876310338971E-006  2.859224543761789E-006
  6.690447374002740E-006  2.887960228157611E-006
  6.757687487979300E-006  2.916984710982885E-006
  6.825603376336083E-006  2.946300894710080E-006
  6.894201830718521E-006  2.975911710981998E-006
  6.963489711029219E-006  3.005820120904944E-006
  7.033473946113947E-006  3.036029115344832E-006
  7.104161534454534E-006  3.066541715226281E-006
  7.175559544868721E-006  3.097360971834705E-006
  7.247675117217048E-006  3.128489967121448E-006
  7.320515463116846E-006  3.159931814011981E-006
  7.394087866663405E-006  3.191689656717193E-006
  7.468399685158392E-006  3.223766671047819E-006
  7.543458349845581E-006  3.256166064732023E-006
  7.619271366653990E-006  3.288891077736174E-006
  7.695846316948479E-006  3.321944982588841E-006
  7.773190858287890E-006  3.355331084708056E-006
  7.851312725190810E-006  3.389052722731851E-006
  7.930219729909032E-006  3.423113268852130E-006
  8.009919763208783E-006  3.457516129151888E-006
  8.090420795159810E-006  3.492264743945825E-006
  8.171730875932394E-006  3.527362588124378E-006
  8.253858136602368E-006  3.562813171501211E-006
  8.336810789964242E-006  3.598620039164205E-006
  8.420597131352476E-006  3.634786771829964E-006
  8.505225539471033E-006  3.671316986201894E-006
  8.590704477231249E-006  3.708214335331874E-006
  8.677042492598133E-006  3.745482508985564E-006
  8.764248219445169E-006  3.783125234011386E-006
  8.852330378417714E-006  3.821146274713212E-006
  8.941297777805069E-006  3.859549433226795E-006
  9.031159314421309E-006  3.898338549899990E-006
  9.121923974494983E-006  3.937517503676787E-006
  9.213600834567735E-006  3.977090212485213E-006
  9.306199062401971E-006  4.017060633629126E-006
  9.399727917897638E-006  4.057432764183948E-006
  9.494196754018227E-006  4.098210641396377E-006
  9.589615017726075E-006  4.139398343088119E-006
  9.685992250927068E-006  4.180999988063661E-006
  9.783338091424841E-006  4.223019736522172E-006
  9.881662273884565E-006  4.265461790473512E-006
  9.980974630806424E-006  4.308330394158446E-006
  1.008128509350887E-005  4.351629834473062E-006
  1.018260369312177E-005  4.395364441397479E-006
  1.028494056158950E-005  4.439538588428830E-006
  1.038830593268422E-005  4.484156693018632E-006
  1.049271014302915E-005  4.529223217014525E-006
  1.059816363313233E-005  4.574742667106462E-006
  1.070467694843066E-005  4.620719595277387E-006
  1.081226074034443E-005  4.667158599258427E-006
  1.092092576734248E-005  4.714064322988683E-006
  1.103068289601807E-005  4.761441457079613E-006
  1.114154310217553E-005  4.809294739284107E-006
  1.125351747192785E-005  4.857628954970262E-006
  1.136661720280533E-005  4.906448937599925E-006
  1.148085360487530E-005  4.955759569212043E-006
  1.159623810187317E-005  5.005565780910865E-006
  1.171278223234479E-005  5.055872553359068E-006
  1.183049765080033E-005  5.106684917275818E-006
  1.194939612887973E-005  5.158007953939852E-006
  1.206948955652988E-005  5.209846795697600E-006
  1.219078994319362E-005  5.262206626476439E-006
  1.231330941901071E-005  5.315092682303078E-006
  1.243706023603083E-005  5.368510251827170E-006
  1.256205476943880E-005  5.422464676850183E-006
  1.268830551879213E-005  5.476961352859580E-006
  1.281582510927096E-005  5.532005729568375E-006
  1.294462629294061E-005  5.587603311460105E-006
  1.307472195002678E-005  5.643759658339294E-006
  1.320612509020358E-005  5.700480385887423E-006
  1.333884885389455E-005  5.757771166224515E-006
  1.347290651358665E-005  5.815637728476342E-006
  1.360831147515758E-005  5.874085859347351E-006
  1.374507727921631E-005  5.933121403699337E-006
  1.388321760245723E-005  5.992750265135928E-006
  1.402274625902779E-005  6.052978406592958E-006
  1.416367720190991E-005  6.113811850934760E-006
  1.430602452431532E-005  6.175256681556464E-006
  1.444980246109490E-005  6.237319042992333E-006
  1.459502539016212E-005  6.300005141530227E-006
  1.474170783393093E-005  6.363321245832237E-006
  1.488986446076792E-005  6.427273687561558E-006
  1.503951008645925E-005  6.491868862015650E-006
  1.519065967569219E-005  6.557113228765790E-006
  1.534332834355163E-005  6.623013312303018E-006
  1.549753135703158E-005  6.689575702690607E-006
  1.565328413656187E-005  6.756807056223060E-006
  1.581060225755028E-005  6.824714096091755E-006
  1.596950145193998E-005  6.893303613057265E-006
  1.612999760978284E-005  6.962582466128442E-006
  1.629210678082839E-005  7.032557583248328E-006
  1.645584517612882E-005  7.103235961986940E-006
  1.662122916966012E-005  7.174624670241048E-006
  1.678827529995945E-005  7.246730846940971E-006
  1.695700027177905E-005  7.319561702764461E-006
  1.712742095775671E-005  7.393124520857792E-006
  1.729955440010305E-005  7.467426657564069E-006
  1.747341781230574E-005  7.542475543158885E-006
  1.764902858085089E-005  7.618278682593332E-006
  1.782640426696169E-005  7.694843656244526E-006
  1.800556260835458E-005  7.772178120673624E-006
  1.818652152101299E-005  7.850289809391520E-006
  1.836929910097899E-005  7.929186533632170E-006
  1.855391362616288E-005  8.008876183133746E-006
  1.874038355817104E-005  8.089366726927600E-006
  1.892872754415205E-005  8.170666214135187E-006
  1.911896441866147E-005  8.252782774772970E-006
  1.931111320554528E-005  8.335724620565442E-006
  1.950519311984229E-005  8.419500045766294E-006
  1.970122356970567E-005  8.504117427987858E-006
  1.989922415834376E-005  8.589585229038865E-006
  2.009921468598042E-005  8.675911995770641E-006
  2.030121515183509E-005  8.763106360931792E-006
  2.050524575612267E-005  8.851177044031493E-006
  2.071132690207363E-005  8.940132852211438E-006
  2.091947919797429E-005  9.029982681126575E-006
  2.112972345922771E-005  9.120735515834664E-006
  2.134208071043522E-005  9.212400431694799E-006
  2.155657218749889E-005  9.304986595274947E-006
  2.177321933974518E-005  9.398503265268613E-006
  2.199204383206985E-005  9.492959793420725E-006
  2.221306754710450E-005  9.588365625462807E-006
  2.243631258740481E-005  9.684730302057561E-006
  2.266180127766085E-005  9.782063459752946E-006
  2.288955616692955E-005  9.880374831945830E-006
  2.311960003088964E-005  9.979674249855359E-006
  2.335195587411921E-005  1.007997164350607E-005
  2.358664693239622E-005  1.018127704272089E-005
  2.382369667502208E-005  1.028360057812417E-005
  2.406312880716859E-005  1.038695248215469E-005
  2.430496727224849E-005  1.049134309008900E-005
  2.454923625430982E-005  1.059678284107486E-005
  2.479596018045435E-005  1.070328227917523E-005
  2.504516372328029E-005  1.081085205442267E-005
  2.529687180334960E-005  1.091950292388432E-005
  2.555110959168004E-005  1.102924575273768E-005
  2.580790251226231E-005  1.114009151535707E-005
  2.606727624460247E-005  1.125205129641111E-005
  2.632925672628988E-005  1.136513629197120E-005
  2.659387015559105E-005  1.147935781063113E-005
  2.686114299406941E-005  1.159472727463792E-005
  2.713110196923153E-005  1.171125622103413E-005
  2.740377407719991E-005  1.182895630281147E-005
  2.767918658541256E-005  1.194783929007621E-005
  2.795736703534981E-005  1.206791707122612E-005
  2.823834324528849E-005  1.218920165413938E-005
  2.852214331308372E-005  1.231170516737533E-005
  2.880879561897880E-005  1.243543986138737E-005
  2.909832882844318E-005  1.256041810974800E-005
  2.939077189503909E-005  1.268665241038619E-005
  2.968615406331690E-005  1.281415538683719E-005
  2.998450487173959E-005  1.294293978950489E-005
  3.028585415563662E-005  1.307301849693685E-005
  3.059023205018751E-005  1.320440451711220E-005
  3.089766899343537E-005  1.333711098874243E-005
  3.120819572933071E-005  1.347115118258528E-005
  3.152184331080590E-005  1.360653850277181E-005
  3.183864310288046E-005  1.374328648814685E-005
  3.215862678579760E-005  1.388140881362288E-005
  3.248182635819227E-005  1.402091929154753E-005
  3.280827414029103E-005  1.416183187308483E-005
  3.313800277714414E-005  1.430416064961034E-005
  3.347104524189006E-005  1.444791985412030E-005
  3.380743483905280E-005  1.459312386265494E-005
  3.414720520787241E-005  1.473978719573610E-005
  3.449039032566889E-005  1.488792451981929E-005
  3.483702451124003E-005  1.503755064876034E-005
  3.518714242829325E-005  1.518868054529680E-005
  3.554077908891202E-005  1.534132932254425E-005
  3.589796985705708E-005  1.549551224550759E-005
  3.625875045210293E-005  1.565124473260759E-005
  3.662315695240971E-005  1.580854235722270E-005
  3.699122579893114E-005  1.596742084924644E-005
  3.736299379885858E-005  1.612789609666039E-005
  3.773849812930184E-005  1.628998414712298E-005
  3.811777634100688E-005  1.645370120957431E-005
  3.850086636211095E-005  1.661906365585702E-005
  3.888780650193538E-005  1.678608802235351E-005
  3.927863545481662E-005  1.695479101163959E-005
  3.967339230397565E-005  1.712518949415473E-005
  4.007211652542635E-005  1.729730050988916E-005
  4.047484799192313E-005  1.747114127008783E-005
  4.088162697694826E-005  1.764672915897161E-005
  4.129249415873922E-005  1.782408173547565E-005
  4.170749062435658E-005  1.800321673500537E-005
  4.212665787379273E-005  1.818415207120996E-005
  4.255003782412192E-005  1.836690583777379E-005
  4.297767281369201E-005  1.855149631022575E-005
  4.340960560635832E-005  1.873794194776688E-005
  4.384587939576005E-005  1.892626139511625E-005
  4.428653780963972E-005  1.911647348437549E-005
  4.473162491420592E-005  1.930859723691199E-005
  4.518118521854002E-005  1.950265186526105E-005
  4.563526367904709E-005  1.969865677504717E-005
  4.609390570395158E-005  1.989663156692462E-005
  4.655715715783817E-005  2.009659603853750E-005
  4.702506436623831E-005  2.029857018649956E-005
  4.749767412026275E-005  2.050257420839385E-005
  4.797503368128075E-005  2.070862850479251E-005
  4.845719078564621E-005  2.091675368129682E-005
  4.894419364947136E-005  2.112697055059782E-005
  4.943609097344842E-005  2.133930013455754E-005
  4.993293194771970E-005  2.155376366631127E-005
  5.043476625679667E-005  2.177038259239082E-005
  5.094164408452843E-005  2.198917857486925E-005
  5.145361611912016E-005  2.221017349352706E-005
  5.197073355820196E-005  2.243338944804021E-005
  5.249304811394866E-005  2.265884876019008E-005
  5.302061201825112E-005  2.288657397609570E-005
  5.355347802793938E-005  2.311658786846835E-005
  5.409169943005849E-005  2.334891343888883E-005
  5.463533004719717E-005  2.358357392010774E-005
  5.518442424287016E-005  2.382059277836864E-005
  5.573903692695461E-005  2.405999371575478E-005
  5.629922356118111E-005  2.430180067255932E-005
  5.686504016467991E-005  2.454603782967933E-005
  5.743654331958286E-005  2.479272961103397E-005
  5.801379017668172E-005  2.504190068600682E-005
  5.859683846114323E-005  2.529357597191294E-005
  5.918574647828172E-005  2.554778063649053E-005
  5.978057311938966E-005  2.580454010041776E-005
  6.038137786762685E-005  2.606388003985488E-005
  6.098822080396878E-005  2.632582638901183E-005
  6.160116261321479E-005  2.659040534274169E-005
  6.222026459005659E-005  2.685764335916018E-005
  6.284558864520780E-005  2.712756716229152E-005
  6.347719731159503E-005  2.740020374474081E-005
  6.411515375061126E-005  2.767558037039336E-005
  6.475952175843203E-005  2.795372457714107E-005
  6.541036577239508E-005  2.823466417963624E-005
  6.606775087744418E-005  2.851842727207309E-005
  6.673174281263768E-005  2.880504223099718E-005
  6.740240797772241E-005  2.909453771814307E-005
  6.807981343977377E-005  2.938694268330057E-005
  6.876402693990248E-005  2.968228636720967E-005
  6.945511690002872E-005  2.998059830448472E-005
  7.015315242972443E-005  3.028190832656785E-005
  7.085820333312427E-005  3.058624656471218E-005
  7.157034011590611E-005  3.089364345299492E-005
  7.228963399234170E-005  3.120412973136087E-005
  7.301615689241808E-005  3.151773644869639E-005
  7.374998146903070E-005  3.183449496593436E-005
  7.449118110524875E-005  3.215443695919023E-005
  7.523982992165351E-005  3.247759442292972E-005
  7.599600278375051E-005  3.280399967316828E-005
  7.675977530945610E-005  3.313368535070267E-005
  7.753122387665932E-005  3.346668442437513E-005
  7.831042563085978E-005  3.380303019437030E-005
  7.909745849288223E-005  3.414275629554518E-005
  7.989240116666873E-005  3.448589670079271E-005
  8.069533314714912E-005  3.483248572443912E-005
  8.150633472819056E-005  3.518255802567527E-005
  8.232548701062700E-005  3.553614861202275E-005
  8.315287191036930E-005  3.589329284283451E-005
  8.398857216659692E-005  3.625402643283094E-005
  8.483267135003191E-005  3.661838545567134E-005
  8.568525387129605E-005  3.698640634756127E-005
  8.654640498935192E-005  3.735812591089626E-005
  8.741621082002897E-005  3.773358131794207E-005
  8.829475834463511E-005  3.811281011455190E-005
  8.918213541865493E-005  3.849585022392106E-005
  9.007843078053531E-005  3.888273995037927E-005
  9.098373406055935E-005  3.927351798322122E-005
  9.189813578980947E-005  3.966822340057540E-005
  9.282172740922061E-005  4.006689567331204E-005
  9.375460127872437E-005  4.046957466899020E-005
  9.469685068648510E-005  4.087630065584457E-005
  9.564856985822878E-005  4.128711430681228E-005
  9.660985396666569E-005  4.170205670360031E-005
  9.758079914100775E-005  4.212116934079362E-005
  9.856150247658151E-005  4.254449413000467E-005
  9.955206204453779E-005  4.297207340406461E-005
  1.005525769016588E-004  4.340394992125665E-005
  1.015631471002642E-004  4.384016686959182E-005
  1.025838736982157E-004  4.428076787112789E-005
  1.036148587690240E-004  4.472579698633160E-005
  1.046562054120551E-004  4.517529871848469E-005
  1.057080177628413E-004  4.562931801813433E-005
  1.067704010034941E-004  4.608790028758819E-005
  1.078434613732228E-004  4.655109138545469E-005
  1.089273061789587E-004  4.701893763122893E-005
  1.100220438060855E-004  4.749148580992463E-005
  1.111277837292783E-004  4.796878317675270E-005
  1.122446365234509E-004  4.845087746184683E-005
  1.133727138748133E-004  4.893781687503647E-005
  1.145121285920407E-004  4.942965011066795E-005
  1.156629946175544E-004  4.992642635247383E-005
  1.168254270389161E-004  5.042819527849144E-005
  1.179995421003365E-004  5.093500706603063E-005
  1.191854572143001E-004  5.144691239669157E-005
  1.203832909733068E-004  5.196396246143301E-005
  1.215931631617306E-004  5.248620896569131E-005
  1.228151947677985E-004  5.301370413455111E-005
  1.240495079956894E-004  5.354650071796786E-005
  1.252962262777549E-004  5.408465199604282E-005
  1.265554742868621E-004  5.462821178435119E-005
  1.278273779488612E-004  5.517723443932364E-005
  1.291120644551783E-004  5.573177486368204E-005
  1.304096622755347E-004  5.629188851192973E-005
  1.317203011707938E-004  5.685763139589709E-005
  1.330441122059372E-004  5.742906009034266E-005
  1.343812277631716E-004  5.800623173861083E-005
  1.357317815551671E-004  5.858920405834602E-005
  1.370959086384284E-004  5.917803534726465E-005
  1.384737454268004E-004  5.977278448898486E-005
  1.398654297051103E-004  6.037351095891498E-005
  1.412711006429456E-004  6.098027483020109E-005
  1.426908988085715E-004  6.159313677973442E-005
  1.441249661829877E-004  6.221215809421902E-005
  1.455734461741268E-004  6.283740067630052E-005
  1.470364836311949E-004  6.346892705075646E-005
  1.485142248591569E-004  6.410680037074880E-005
  1.500068176333671E-004  6.475108442413929E-005
  1.515144112143468E-004  6.540184363986830E-005
  1.530371563627103E-004  6.605914309439778E-005
  1.545752053542415E-004  6.672304851821893E-005
  1.561287119951212E-004  6.739362630242535E-005
  1.576978316373081E-004  6.807094350535218E-005
  1.592827211940740E-004  6.875506785928196E-005
  1.608835391556954E-004  6.944606777721796E-005
  1.625004456053024E-004  7.014401235972546E-005
  1.641336022348874E-004  7.084897140184200E-005
  1.657831723614744E-004  7.156101540005681E-005
  1.674493209434506E-004  7.228021555936053E-005
  1.691322145970627E-004  7.300664380036583E-005
  1.708320216130786E-004  7.374037276649949E-005
  1.725489119736162E-004  7.448147583126682E-005
  1.742830573691424E-004  7.523002710558901E-005
  1.760346312156419E-004  7.598610144521436E-005
  1.778038086719590E-004  7.674977445820389E-005
  1.795907666573136E-004  7.752112251249215E-005
  1.813956838689935E-004  7.830022274352419E-005
  1.832187408002238E-004  7.908715306196901E-005
  1.850601197582169E-004  7.988199216151084E-005
  1.869200048824031E-004  8.068481952671852E-005
  1.887985821628447E-004  8.149571544099392E-005
  1.906960394588353E-004  8.231476099460053E-005
  1.926125665176857E-004  8.314203809277240E-005
  1.945483549936988E-004  8.397762946390475E-005
  1.965035984673355E-004  8.482161866782699E-005
  1.984784924645725E-004  8.567409010415858E-005
  2.004732344764552E-004  8.653512902074930E-005
  2.024880239788472E-004  8.740482152220379E-005
  2.045230624523776E-004  8.828325457849237E-005
  2.065785534025897E-004  8.917051603364797E-005
  2.086547023802914E-004  9.006669461455059E-005
  2.107517170021107E-004  9.097187993980010E-005
  2.128698069712572E-004  9.188616252867815E-005
  2.150091840984929E-004  9.280963381020020E-005
  2.171700623233133E-004  9.374238613225848E-005
  2.193526577353418E-004  9.468451277085678E-005
  2.215571885959383E-004  9.563610793943823E-005
  2.237838753600260E-004  9.659726679830663E-005
  2.260329406981369E-004  9.756808546414268E-005
  2.283046095186790E-004  9.854866101961553E-005
  2.305991089904274E-004  9.953909152309131E-005
  2.329166685652415E-004  1.005394760184389E-004
  2.352575200010099E-004  1.015499145449345E-004
  2.376218973848271E-004  1.025705081472656E-004
  2.400100371564016E-004  1.036013588856355E-004
  2.424221781317008E-004  1.046425698459693E-004
  2.448585615268323E-004  1.056942451502230E-004
  2.473194309821660E-004  1.067564899667951E-004
  2.498050325866981E-004  1.078294105210443E-004
  2.523156149026604E-004  1.089131141059113E-004
  2.548514289903768E-004  1.100077090926488E-004
  2.574127284333690E-004  1.111133049416585E-004
  2.599997693637159E-004  1.122300122134372E-004
  2.626128104876664E-004  1.133579425796328E-004
  2.652521131115104E-004  1.144972088342121E-004
  2.679179411677097E-004  1.156479249047393E-004
  2.706105612412915E-004  1.168102058637699E-004
  2.733302425965069E-004  1.179841679403573E-004
  2.760772572037580E-004  1.191699285316762E-004
  2.788518797667946E-004  1.203676062147622E-004
  2.816543877501851E-004  1.215773207583697E-004
  2.844850614070635E-004  1.227991931349486E-004
  2.873441838071543E-004  1.240333455327422E-004
  2.902320408650801E-004  1.252799013680056E-004
  2.931489213689532E-004  1.265389852973474E-004
  2.960951170092547E-004  1.278107232301960E-004
  2.990709224080040E-004  1.290952423413900E-004
  3.020766351482207E-004  1.303926710838961E-004
  3.051125558036835E-004  1.317031392016545E-004
  3.081789879689881E-004  1.330267777425533E-004
  3.112762382899062E-004  1.343637190715334E-004
  3.144046164940510E-004  1.357140968838250E-004
  3.175644354218500E-004  1.370780462183175E-004
  3.207560110578290E-004  1.384557034710633E-004
  3.239796625622114E-004  1.398472064089173E-004
  3.272357123028340E-004  1.412526941833141E-004
  3.305244858873842E-004  1.426723073441830E-004
  3.338463121959611E-004  1.441061878540030E-004
  3.372015234139638E-004  1.455544791019993E-004
  3.405904550653101E-004  1.470173259184825E-004
  3.440134460459893E-004  1.484948745893314E-004
  3.474708386579519E-004  1.499872728706217E-004
  3.509629786433403E-004  1.514946700034020E-004
  3.544902152190631E-004  1.530172167286177E-004
  3.580529011117173E-004  1.545550653021855E-004
  3.616513925928612E-004  1.561083695102189E-004
  3.652860495146414E-004  1.576772846844068E-004
  3.689572353457793E-004  1.592619677175471E-004
  3.726653172079170E-004  1.608625770792359E-004
  3.764106659123311E-004  1.624792728317144E-004
  3.801936559970129E-004  1.641122166458756E-004
  3.840146657641236E-004  1.657615718174312E-004
  3.878740773178239E-004  1.674275032832415E-004
  3.917722766024855E-004  1.691101776378090E-004
  3.957096534412853E-004  1.708097631499380E-004
  3.996866015751884E-004  1.725264297795617E-004
  4.037035187023224E-004  1.742603491947383E-004
  4.077608065177472E-004  1.760116947888177E-004
  4.118588707536257E-004  1.777806416977812E-004
  4.159981212197964E-004  1.795673668177552E-004
  4.201789718447553E-004  1.813720488227005E-004
  4.244018407170490E-004  1.831948681822806E-004
  4.286671501270838E-004  1.850360071799081E-004
  4.329753266093551E-004  1.868956499309732E-004
  4.373268009851013E-004  1.887739824012559E-004
  4.417220084053862E-004  1.906711924255220E-004
  4.461613883946145E-004  1.925874697263073E-004
  4.506453848944847E-004  1.945230059328895E-004
  4.551744463083835E-004  1.964779946004514E-004
  4.597490255462263E-004  1.984526312294368E-004
  4.643695800697493E-004  2.004471132851001E-004
  4.690365719382552E-004  2.024616402172536E-004
  4.737504678548200E-004  2.044964134802118E-004
  4.785117392129637E-004  2.065516365529381E-004
  4.833208621437898E-004  2.086275149593914E-004
  4.881783175635990E-004  2.107242562890799E-004
  4.930845912219812E-004  2.128420702178191E-004
  4.980401737503908E-004  2.149811685287005E-004
  5.030455607112102E-004  2.171417651332692E-004
  5.081012526473069E-004  2.193240760929157E-004
  5.132077551320874E-004  2.215283196404816E-004
  5.183655788200556E-004  2.237547162020839E-004
  5.235752394978785E-004  2.260034884191567E-004
  5.288372581359655E-004  2.282748611707161E-004
  5.341521609405652E-004  2.305690615958482E-004
  5.395204794063872E-004  2.328863191164228E-004
  5.449427503697519E-004  2.352268654600360E-004
  5.504195160622739E-004  2.375909346831830E-004
  5.559513241650865E-004  2.399787631946634E-004
  5.615387278636101E-004  2.423905897792234E-004
  5.671822859028704E-004  2.448266556214328E-004
  5.728825626433746E-004  2.472872043298049E-004
  5.786401281175469E-004  2.497724819611568E-004
  5.844555580867326E-004  2.522827370452153E-004
  5.903294340987749E-004  2.548182206094700E-004
  5.962623435461700E-004  2.573791862042762E-004
  6.022548797248065E-004  2.599658899282099E-004
  6.083076418932963E-004  2.625785904536782E-004
  6.144212353329002E-004  2.652175490527859E-004
  6.205962714080567E-004  2.678830296234636E-004
  6.268333676275193E-004  2.705752987158571E-004
  6.331331477061076E-004  2.732946255589826E-004
  6.394962416270792E-004  2.760412820876500E-004
  6.459232857051288E-004  2.788155429696559E-004
  6.524149226500201E-004  2.816176856332511E-004
  6.589718016308573E-004  2.844479902948831E-004
  6.655945783410026E-004  2.873067399872181E-004
  6.722839150636460E-004  2.901942205874441E-004
  6.790404807380342E-004  2.931107208458590E-004
  6.858649510263652E-004  2.960565324147454E-004
  6.927580083813549E-004  2.990319498775363E-004
  6.997203421144829E-004  3.020372707782731E-004
  7.067526484649246E-004  3.050727956513605E-004
  7.138556306691753E-004  3.081388280516196E-004
  7.210299990313746E-004  3.112356745846439E-004
  7.282764709943374E-004  3.143636449374597E-004
  7.355957712112987E-004  3.175230519094946E-004
  7.429886316183797E-004  3.207142114438581E-004
  7.504557915077816E-004  3.239374426589356E-004
  7.579979976017164E-004  3.271930678803004E-004
  7.656160041270783E-004  3.304814126729461E-004
  7.733105728908685E-004  3.338028058738436E-004
  7.810824733563754E-004  3.371575796248245E-004
  7.889324827201221E-004  3.405460694057952E-004
  7.968613859895868E-004  3.439686140682856E-004
  8.048699760617038E-004  3.474255558693333E-004
  8.129590538021542E-004  3.509172405057104E-004
  8.211294281254529E-004  3.544440171484924E-004
  8.293819160758410E-004  3.580062384779754E-004
  8.377173429089906E-004  3.616042607189451E-004
  8.461365421745311E-004  3.652384436762976E-004
  8.546403557994053E-004  3.689091507710215E-004
  8.632296341720621E-004  3.726167490765393E-004
  8.719052362274964E-004  3.763616093554144E-004
  8.806680295331436E-004  3.801441060964281E-004
  8.895188903756367E-004  3.839646175520280E-004
  8.984587038484355E-004  3.878235257761532E-004
  9.074883639403372E-004  3.917212166624398E-004
  9.166087736248758E-004  3.956580799828103E-004
  9.258208449506200E-004  3.996345094264506E-004
  9.351254991323793E-004  4.036509026391787E-004
  9.445236666433257E-004  4.077076612632098E-004
  9.540162873080421E-004  4.118051909773196E-004
  9.636043103965054E-004  4.159439015374130E-004
  9.732886947190147E-004  4.201242068174987E-004
  9.830704087220726E-004  4.243465248510775E-004
  9.929504305852307E-004  4.286112778729445E-004
  1.002929748318909E-003  4.329188923614133E-004
  1.013009359863196E-003  4.372697990809631E-004
  1.023190273187647E-003  4.416644331253155E-004
  1.033473506392079E-003  4.461032339609430E-004
  1.043860087808380E-003  4.505866454710166E-004
  1.054351056103348E-003  4.551151159997930E-004
  1.064947460382556E-003  4.596890983974487E-004
  1.075650360295261E-003  4.643090500653661E-004
  1.086460826140374E-003  4.689754330018717E-004
  1.097379938973488E-003  4.736887138484370E-004
  1.108408790714985E-003  4.784493639363417E-004
  1.119548484259231E-003  4.832578593338075E-004
  1.130800133584864E-003  4.881146808936025E-004
  1.142164863866191E-003  4.930203143011291E-004
  1.153643811585712E-003  4.979752501229899E-004
  1.165238124647765E-003  5.029799838560450E-004
  1.176948962493318E-003  5.080350159769616E-004
  1.188777496215914E-003  5.131408519922602E-004
  1.200724908678782E-003  5.182980024888663E-004
  1.212792394633126E-003  5.235069831851669E-004
  1.224981160837598E-003  5.287683149825845E-004
  1.237292426178973E-003  5.340825240176635E-004
  1.249727421794048E-003  5.394501417146867E-004
  1.262287391192744E-003  5.448717048388140E-004
  1.274973590382470E-003  5.503477555497614E-004
  1.287787287993715E-003  5.558788414560146E-004
  1.300729765406920E-003  5.614655156695890E-004
  1.313802316880610E-003  5.671083368613419E-004
  1.327006249680827E-003  5.728078693168377E-004
  1.340342884211854E-003  5.785646829927764E-004
  1.353813554148259E-003  5.843793535739880E-004
  1.367419606568260E-003  5.902524625310007E-004
  1.381162402088439E-003  5.961845971781869E-004
  1.395043314999798E-003  6.021763507324943E-004
  1.409063733405198E-003  6.082283223727667E-004
  1.423225059358161E-003  6.143411172996605E-004
  1.437528709003086E-003  6.205153467961640E-004
  1.451976112716855E-003  6.267516282887257E-004
  1.466568715251880E-003  6.330505854089947E-004
  1.481307975880575E-003  6.394128480561838E-004
  1.496195368541286E-003  6.458390524600575E-004
  1.511232381985684E-003  6.523298412445548E-004
  1.526420519927645E-003  6.588858634920497E-004
  1.541761301193620E-003  6.655077748082590E-004
  1.557256259874520E-003  6.721962373878008E-004
  1.572906945479126E-003  6.789519200804139E-004
  1.588714923089039E-003  6.857754984578396E-004
  1.604681773515195E-003  6.926676548813792E-004
  1.620809093455942E-003  6.996290785701279E-004
  1.637098495656713E-003  7.066604656698958E-004
  1.653551609071303E-003  7.137625193228197E-004
  1.670170079024764E-003  7.209359497376770E-004
  1.686955567377941E-003  7.281814742609048E-004
  1.703909752693657E-003  7.354998174483319E-004
  1.721034330404571E-003  7.428917111376331E-004
  1.738331012982726E-003  7.503578945215120E-004
  1.755801530110794E-003  7.578991142216164E-004
  1.773447628855045E-003  7.655161243632003E-004
  1.791271073840059E-003  7.732096866505333E-004
  1.809273647425189E-003  7.809805704430695E-004
  1.827457149882794E-003  7.888295528323806E-004
  1.845823399578274E-003  7.967574187198633E-004
  1.864374233151902E-003  8.047649608952267E-004
  1.883111505702496E-003  8.128529801157688E-004
  1.902037090972925E-003  8.210222851864502E-004
  1.921152881537488E-003  8.292736930407712E-004
  1.940460788991171E-003  8.376080288224624E-004
  1.959962744140808E-003  8.460261259679975E-004
  1.979660697198168E-003  8.545288262899320E-004
  1.999556617974969E-003  8.631169800610829E-004
  2.019652496079871E-003  8.717914460995524E-004
  2.039950341117431E-003  8.805530918546065E-004
  2.060452182889067E-003  8.894027934934160E-004
  2.081160071596040E-003  8.983414359886703E-004
  2.102076078044479E-003  9.073699132070713E-004
  2.123202293852459E-003  9.164891279987152E-004
  2.144540831659165E-003  9.256999922873751E-004
  2.166093825336160E-003  9.350034271616875E-004
  2.187863430200773E-003  9.444003629672595E-004
  2.209851823231631E-003  9.538917393996966E-004
  2.232061203286362E-003  9.634785055985694E-004
  2.254493791321479E-003  9.731616202423221E-004
  2.277151830614479E-003  9.829420516441359E-004
  2.300037586988174E-003  9.928207778487563E-004
  2.323153349037271E-003  1.002798786730290E-003
  2.346501428357240E-003  1.012877076090991E-003
  2.370084159775469E-003  1.023056653761031E-003
  2.393903901584753E-003  1.033338537699280E-003
  2.417963035779121E-003  1.043723756095094E-003
  2.442263968292043E-003  1.054213347471132E-003
  2.466809129237021E-003  1.064808360787197E-003
  2.491600973150604E-003  1.075509855545129E-003
  2.516641979237843E-003  1.086318901894746E-003
  2.541934651620214E-003  1.097236580740855E-003
  2.567481519586034E-003  1.108263983851335E-003
  2.593285137843387E-003  1.119402213966304E-003
  2.619348086775602E-003  1.130652384908386E-003
  2.645672972699293E-003  1.142015621694090E-003
  2.672262428124988E-003  1.153493060646297E-003
  2.699119112020388E-003  1.165085849507889E-003
  2.726245710076264E-003  1.176795147556512E-003
  2.753644934975027E-003  1.188622125720496E-003
  2.781319526661998E-003  1.200567966695940E-003
  2.809272252619410E-003  1.212633865064967E-003
  2.837505908143152E-003  1.224821027415181E-003
  2.866023316622305E-003  1.237130672460307E-003
  2.894827329821480E-003  1.249564031162058E-003
  2.923920828166001E-003  1.262122346853217E-003
  2.953306721029949E-003  1.274806875361961E-003
  2.982987947027096E-003  1.287618885137433E-003
  3.012967474304777E-003  1.300559657376573E-003
  3.043248300840704E-003  1.313630486152225E-003
  3.073833454742763E-003  1.326832678542537E-003
  3.104725994551833E-003  1.340167554761648E-003
  3.135929009547639E-003  1.353636448291704E-003
  3.167445620057682E-003  1.367240706016186E-003
  3.199278977769278E-003  1.380981688354588E-003
  3.231432266044725E-003  1.394860769398440E-003
  3.263908700239646E-003  1.408879337048709E-003
  3.296711528024524E-003  1.423038793154566E-003
  3.329844029709473E-003  1.437340553653561E-003
  3.363309518572272E-003  1.451786048713192E-003
  3.397111341189696E-003  1.466376722873915E-003
  3.431252877772174E-003  1.481114035193572E-003
  3.465737542501817E-003  1.495999459393281E-003
  3.500568783873834E-003  1.511034484004791E-003
  3.535750085041388E-003  1.526220612519313E-003
  3.571284964163915E-003  1.541559363537849E-003
  3.607176974758939E-003  1.557052270923035E-003
  3.643429706057430E-003  1.572700883952501E-003
  3.680046783362728E-003  1.588506767473780E-003
  3.717031868413078E-003  1.604471502060768E-003
  3.754388659747807E-003  1.620596684171758E-003
  3.792120893077178E-003  1.636883926309064E-003
  3.830232341655968E-003  1.653334857180242E-003
  3.868726816660794E-003  1.669951121860939E-003
  3.907608167571236E-003  1.686734381959372E-003
  3.946880282554787E-003  1.703686315782459E-003
  3.986547088855670E-003  1.720808618503627E-003
  4.026612553187573E-003  1.738103002332295E-003
  4.067080682130316E-003  1.755571196685067E-003
  4.107955522530517E-003  1.773214948358641E-003
  4.149241161906279E-003  1.791036021704459E-003
  4.190941728855944E-003  1.809036198805106E-003
  4.233061393470959E-003  1.827217279652489E-003
  4.275604367752883E-003  1.845581082327794E-003
  4.318574906034598E-003  1.864129443183265E-003
  4.361977305405740E-003  1.882864217025793E-003
  4.405815906142417E-003  1.901787277302369E-003
  4.450095092141232E-003  1.920900516287381E-003
  4.494819291357688E-003  1.940205845271800E-003
  4.539992976248974E-003  1.959705194754275E-003
  4.585620664221224E-003  1.979400514634127E-003
  4.631706918081261E-003  1.999293774406304E-003
  4.678256346492874E-003  2.019386963358281E-003
  4.725273604437696E-003  2.039682090768935E-003
  4.772763393680704E-003  2.060181186109435E-003
  4.820730463240395E-003  2.080886299246128E-003
  4.869179609863700E-003  2.101799500645477E-003
  4.918115678505653E-003  2.122922881581054E-003
  4.967543562813901E-003  2.144258554342612E-003
  5.017468205618064E-003  2.165808652447253E-003
  5.067894599424026E-003  2.187575330852723E-003
  5.118827786913189E-003  2.209560766172847E-003
  5.170272861446748E-003  2.231767156895126E-003
  5.222234967575027E-003  2.254196723600519E-003
  5.274719301551940E-003  2.276851709185441E-003
  5.327731111854623E-003  2.299734379085971E-003
  5.381275699708282E-003  2.322847021504340E-003
  5.435358419616323E-003  2.346191947637662E-003
  5.489984679895806E-003  2.369771491908988E-003
  5.545159943218281E-003  2.393588012200670E-003
  5.600889727156061E-003  2.417643890090062E-003
  5.657179604733979E-003  2.441941531087601E-003
  5.714035204986703E-003  2.466483364877268E-003
  5.771462213521638E-003  2.491271845559472E-003
  5.829466373087492E-003  2.516309451896367E-003
  5.888053484148560E-003  2.541598687559634E-003
  5.947229405464770E-003  2.567142081380750E-003
  6.007000054677568E-003  2.592942187603777E-003
  6.067371408901684E-003  2.619001586140677E-003
  6.128349505322849E-003  2.645322882829201E-003
  6.189940441801521E-003  2.671908709693362E-003
  6.252150377482675E-003  2.698761725206526E-003
  6.314985533411720E-003  2.725884614557142E-003
  6.378452193156611E-003  2.753280089917142E-003
  6.442556703436212E-003  2.780950890713033E-003
  6.507305474754973E-003  2.808899783899718E-003
  6.572704982043981E-003  2.837129564237049E-003
  6.638761765308467E-003  2.865643054569184E-003
  6.705482430281803E-003  2.894443106106715E-003
  6.772873649086087E-003  2.923532598711659E-003
  6.840942160899361E-003  2.952914441185287E-003
  6.909694772629528E-003  2.982591571558860E-003
  6.979138359595057E-003  3.012566957387264E-003
  7.049279866212513E-003  3.042843596045615E-003
  7.120126306691010E-003  3.073424515028820E-003
  7.191684765733635E-003  3.104312772254161E-003
  7.263962399245923E-003  3.135511456366904E-003
  7.336966435051459E-003  3.167023687048984E-003
  7.410704173614658E-003  3.198852615330782E-003
  7.485182988770826E-003  3.231001423906037E-003
  7.560410328463545E-003  3.263473327449912E-003
  7.636393715489472E-003  3.296271572940254E-003
  7.713140748250632E-003  3.329399439982082E-003
  7.790659101514255E-003  3.362860241135327E-003
  7.868956527180266E-003  3.396657322245861E-003
  7.948040855056482E-003  3.430794062779851E-003
  8.027919993641592E-003  3.465273876161457E-003
  8.108601930916023E-003  3.500100210113941E-003
  8.190094735140737E-003  3.535276547004169E-003
  8.272406555664065E-003  3.570806404190597E-003
  8.355545623736655E-003  3.606693334374726E-003
  8.439520253334597E-003  3.642940925956099E-003
  8.524338841990829E-003  3.679552803390849E-003
  8.610009871634900E-003  3.716532627553852E-003
  8.696541909441165E-003  3.753884096104504E-003
  8.783943608685518E-003  3.791610943856173E-003
  8.872223709610716E-003  3.829716943149358E-003
  8.961391040300420E-003  3.868205904228580E-003
  9.051454517562004E-003  3.907081675623074E-003
  9.142423147818249E-003  3.946348144531273E-003
  9.234306028007988E-003  3.986009237209170E-003
  9.327112346495808E-003  4.026068919362563E-003
  9.420851383990897E-003  4.066531196543230E-003
  9.515532514475121E-003  4.107400114549097E-003
  9.611165206140429E-003  4.148679759828384E-003
  9.707759022335682E-003  4.190374259887844E-003
  9.805323622522994E-003  4.232487783705058E-003
  9.903868763243690E-003  4.275024542144889E-003
  1.000340429909396E-002  4.317988788380096E-003
  1.010394018371034E-002  4.361384818316178E-003
  1.020548647076507E-002  4.405216971020457E-003
  1.030805331497147E-002  4.449489629155481E-003
  1.041165097309945E-002  4.494207219416769E-003
  1.051628980500114E-002  4.539374212974921E-003
  1.062198027464693E-002  4.584995125922195E-003
  1.072873295117187E-002  4.631074519723524E-003
  1.083655850993256E-002  4.677617001672076E-003
  1.094546773357475E-002  4.724627225349373E-003
  1.105547151311154E-002  4.772109891090008E-003
  1.116658084901257E-002  4.820069746451041E-003
  1.127880685230402E-002  4.868511586686075E-003
  1.139216074567974E-002  4.917440255224093E-003
  1.150665386462352E-002  4.966860644153091E-003
  1.162229765854267E-002  5.016777694708549E-003
  1.173910369191296E-002  5.067196397766804E-003
  1.185708364543506E-002  5.118121794343355E-003
  1.197624931720263E-002  5.169558976096157E-003
  1.209661262388217E-002  5.221513085833970E-003
  1.221818560190464E-002  5.273989318029778E-003
  1.234098040866916E-002  5.326992919339360E-003
  1.246500932375873E-002  5.380529189125051E-003
  1.259028475016822E-002  5.434603479984744E-003
  1.271681921554466E-002  5.489221198286185E-003
  1.284462537344004E-002  5.544387804706624E-003
  1.297371600457665E-002  5.600108814777855E-003
  1.310410401812519E-002  5.656389799436721E-003
  1.323580245299567E-002  5.713236385581118E-003
  1.336882447914131E-002  5.770654256631574E-003
  1.350318339887560E-002  5.828649153098430E-003
  1.363889264820246E-002  5.887226873154705E-003
  1.377596579815993E-002  5.946393273214698E-003
  1.391441655617722E-002  6.006154268518354E-003
  1.405425876744551E-002  6.066515833721505E-003
  1.419550641630247E-002  6.127484003491980E-003
  1.433817362763069E-002  6.189064873111702E-003
  1.448227466827019E-002  6.251264599084790E-003
  1.462782394844512E-002  6.314089399751742E-003
  1.477483602320478E-002  6.377545555909764E-003
  1.492332559387917E-002  6.441639411439284E-003
  1.507330750954910E-002  6.506377373936745E-003
  1.522479676853111E-002  6.571765915353705E-003
  1.537780851987735E-002  6.637811572642332E-003
  1.553235806489046E-002  6.704520948407341E-003
  1.568846085865373E-002  6.771900711564446E-003
  1.584613251157663E-002  6.839957598005386E-003
  1.600538879095584E-002  6.908698411269596E-003
  1.616624562255202E-002  6.978130023222578E-003
  1.632871909218236E-002  7.048259374741051E-003
  1.649282544732924E-002  7.119093476404922E-003
  1.665858109876491E-002  7.190639409196198E-003
  1.682600262219266E-002  7.262904325204832E-003
  1.699510675990435E-002  7.335895448341647E-003
  1.716591042245466E-002  7.409620075058343E-003
  1.733843069035219E-002  7.484085575074704E-003
  1.751268481576749E-002  7.559299392113052E-003
  1.768869022425833E-002  7.635269044640019E-003
  1.786646451651221E-002  7.712002126615722E-003
  1.804602547010652E-002  7.789506308250409E-003
  1.822739104128624E-002  7.867789336768634E-003
  1.841057936675963E-002  7.946859037181047E-003
  1.859560876551190E-002  8.026723313063887E-003
  1.878249774063711E-002  8.107390147346238E-003
  1.897126498118852E-002  8.188867603105100E-003
  1.916192936404749E-002  8.271163824368412E-003
  1.935450995581120E-002  8.354287036926046E-003
  1.954902601469929E-002  8.438245549148887E-003
  1.974549699247977E-002  8.523047752816057E-003
  1.994394253641412E-002  8.608702123950355E-003
  2.014438249122213E-002  8.695217223662051E-003
  2.034683690106630E-002  8.782601699001023E-003
  2.055132601155633E-002  8.870864283817401E-003
  2.075787027177368E-002  8.960013799630745E-003
  2.096649033631649E-002  9.050059156507880E-003
  2.117720706736506E-002  9.141009353949441E-003
  2.139004153676810E-002  9.232873481785227E-003
  2.160501502814991E-002  9.325660721078455E-003
  2.182214903903878E-002  9.419380345038994E-003
  2.204146528301673E-002  9.514041719945646E-003
  2.226298569189094E-002  9.609654306077606E-003
  2.248673241788688E-002  9.706227658655146E-003
  2.271272783586362E-002  9.803771428789637E-003
  2.294099454555128E-002  9.902295364442992E-003
  2.317155537381105E-002  1.000180931139662E-002
  2.340443337691791E-002  1.010232321423000E-002
  2.363965184286621E-002  1.020384711730891E-002
  2.387723429369857E-002  1.030639116578349E-002
  2.411720448785807E-002  1.040996560659616E-002
  2.435958642256409E-002  1.051458078949955E-002
  2.460440433621209E-002  1.062024716808443E-002
  2.485168271079745E-002  1.072697530081792E-002
  2.510144627436369E-002  1.083477585209188E-002
  2.535372000347531E-002  1.094365959328168E-002
  2.560852912571544E-002  1.105363740381549E-002
  2.586589912220866E-002  1.116472027225407E-002
  2.612585573016910E-002  1.127691929738122E-002
  2.638842494547416E-002  1.139024568930511E-002
  2.665363302526420E-002  1.150471077057031E-002
  2.692150649056821E-002  1.162032597728093E-002
  2.719207212895593E-002  1.173710286023476E-002
  2.746535699721668E-002  1.185505308606864E-002
  2.774138842406503E-002  1.197418843841506E-002
  2.802019401287368E-002  1.209452081907023E-002
  2.830180164443387E-002  1.221606224917358E-002
  2.858623947974340E-002  1.233882487039890E-002
  2.887353596282286E-002  1.246282094615722E-002
  2.916371982355996E-002  1.258806286281144E-002
  2.945682008058260E-002  1.271456313090304E-002
  2.975286604416073E-002  1.284233438639067E-002
  3.005188731913742E-002  1.297138939190108E-002
  3.035391380788934E-002  1.310174103799214E-002
  3.065897571331706E-002  1.323340234442846E-002
  3.096710354186534E-002  1.336638646146931E-002
  3.127832810657381E-002  1.350070667116934E-002
  3.159268053015830E-002  1.363637638869192E-002
  3.191019224812314E-002  1.377340916363539E-002
  3.223089501190469E-002  1.391181868137231E-002
  3.255482089204662E-002  1.405161876440176E-002
  3.288200228140684E-002  1.419282337371484E-002
  3.321247189839698E-002  1.433544661017363E-002
  3.354626279025410E-002  1.447950271590345E-002
  3.388340833634556E-002  1.462500607569883E-002
  3.422394225150692E-002  1.477197121844313E-002
  3.456789858941348E-002  1.492041281854200E-002
  3.491531174598565E-002  1.507034569737082E-002
  3.526621646282862E-002  1.522178482473621E-002
  3.562064783070648E-002  1.537474532035175E-002
  3.597864129305139E-002  1.552924245532808E-002
  3.634023264950790E-002  1.568529165367740E-002
  3.670545805951299E-002  1.584290849383264E-002
  3.707435404591201E-002  1.600210871018135E-002
  3.744695749861103E-002  1.616290819461443E-002
  3.782330567826581E-002  1.632532299808984E-002
  3.820343622000794E-002  1.648936933221154E-002
  3.858738713720837E-002  1.665506357082355E-002
  3.897519682527879E-002  1.682242225161953E-002
  3.936690406551117E-002  1.699146207776787E-002
  3.976254802895596E-002  1.716219991955237E-002
  4.016216828033922E-002  1.733465281602884E-002
  4.056580478201910E-002  1.750883797669759E-002
  4.097349789798213E-002  1.768477278319200E-002
  4.138528839787965E-002  1.786247479098338E-002
  4.180121746110482E-002  1.804196173110210E-002
  4.222132668091057E-002  1.822325151187531E-002
  4.264565806856896E-002  1.840636222068125E-002
  4.307425405757237E-002  1.859131212572039E-002
  4.350715750787687E-002  1.877811967780354E-002
  4.394441171018824E-002  1.896680351215691E-002
  4.438606039029110E-002  1.915738245024454E-002
  4.483214771342150E-002  1.934987550160802E-002
  4.528271828868348E-002  1.954430186572373E-002
  4.573781717351005E-002  1.974068093387775E-002
  4.619748987816896E-002  1.993903229105859E-002
  4.666178237031371E-002  2.013937571786785E-002
  4.713074107958044E-002  2.034173119244901E-002
  4.760441290223089E-002  2.054611889243441E-002
  4.808284520584203E-002  2.075255919691073E-002
  4.856608583404293E-002  2.096107268840294E-002
  4.905418311129910E-002  2.117168015487693E-002
  4.954718584774503E-002  2.138440259176112E-002
  5.004514334406519E-002  2.159926120398687E-002
  5.054810539642417E-002  2.181627740804823E-002
  5.105612230144637E-002  2.203547283408086E-002
  5.156924486124562E-002  2.225686932796047E-002
  5.208752438850550E-002  2.248048895342082E-002
  5.261101271161066E-002  2.270635399419154E-002
  5.313976217982963E-002  2.293448695615574E-002
  5.367382566854987E-002  2.316491056952780E-002
  5.421325658456530E-002  2.339764779105134E-002
  5.475810887141705E-002  2.363272180621745E-002
  5.530843701478785E-002  2.387015603150358E-002
  5.586429604795065E-002  2.410997411663303E-002
  5.642574155727198E-002  2.435219994685523E-002
  5.699282968777064E-002  2.459685764524701E-002
  5.756561714873226E-002  2.484397157503501E-002
  5.814416121938026E-002  2.509356634193933E-002
  5.872851975460383E-002  2.534566679653866E-002
  5.931875119074346E-002  2.560029803665686E-002
  5.991491455143462E-002  2.585748540977139E-002
  6.051706945351018E-002  2.611725451544352E-002
  6.112527611296215E-002  2.637963120777063E-002
  6.173959535096332E-002  2.664464159786060E-002
  6.236008859994942E-002  2.691231205632858E-002
  6.298681790976243E-002  2.718266921581614E-002
  6.361984595385561E-002  2.745573997353311E-002
  6.425923603556088E-002  2.773155149382210E-002
  6.490505209441925E-002  2.801013121074600E-002
  6.555735871257479E-002  2.829150683069832E-002
  6.621622112123289E-002  2.857570633503696E-002
  6.688170520718349E-002  2.886275798274110E-002
  6.755387751938975E-002  2.915269031309158E-002
  6.823280527564303E-002  2.944553214837494E-002
  6.891855636928473E-002  2.974131259661107E-002
  6.961119937599569E-002  3.004006105430482E-002
  7.031080356065378E-002  3.034180720922149E-002
  7.101743888426046E-002  3.064658104318648E-002
  7.173117601093697E-002  3.095441283490925E-002
  7.245208631499074E-002  3.126533316283143E-002
  7.318024188805296E-002  3.157937290799970E-002
  7.391571554628772E-002  3.189656325696299E-002
  7.465858083767374E-002  3.221693570469464E-002
  7.540891204935922E-002  3.254052205753919E-002
  7.616678421509060E-002  3.286735443618427E-002
  7.693227312271603E-002  3.319746527865745E-002
  7.770545532176416E-002  3.353088734334823E-002
  7.848640813109924E-002  3.386765371205538E-002
  7.927520964665298E-002  3.420779779305955E-002
  8.007193874923428E-002  3.455135332422130E-002
  8.087667511241735E-002  3.489835437610480E-002
  8.168949921050911E-002  3.524883535512695E-002
  8.251049232659673E-002  3.560283100673237E-002
  8.333973656067598E-002  3.596037641859406E-002
  8.417731483786131E-002  3.632150702383995E-002
  8.502331091667843E-002  3.668625860430533E-002
  8.587780939744021E-002  3.705466729381128E-002
  8.674089573070681E-002  3.742676958146910E-002
  8.761265622583081E-002  3.780260231501080E-002
  8.849317805958817E-002  3.818220270414573E-002
  8.938254928489606E-002  3.856560832394337E-002
  9.028085883961814E-002  3.895285711824226E-002
  9.118819655545848E-002  3.934398740308513E-002
  9.210465316694479E-002  3.973903787018034E-002
  9.303032032050192E-002  4.013804759038940E-002
  9.396529058361662E-002  4.054105601724087E-002
  9.490965745409435E-002  4.094810299047030E-002
  9.586351536940915E-002  4.135922873958656E-002
  9.682695971614742E-002  4.177447388746425E-002
  9.780008683954670E-002  4.219387945396220E-002
  9.878299405313028E-002  4.261748685956816E-002
  9.977577964843860E-002  4.304533792906954E-002
  0.100778542904859       4.347747489524999E-002
  0.101791384099551       4.391394040261206E-002
  0.102814404517481       4.435477751112556E-002
  0.103847706461540       4.480002970000165E-002
  0.104891393262787       4.524974087149262E-002
  0.105945569290769       4.570395535471705E-002
  0.107010339963968       4.616271790951031E-002
  0.108085811760340       4.662607373030040E-002
  0.109172092227959       4.709406845000871E-002
  0.110269289995778       4.756674814397559E-002
  0.111377514784488       4.804415933391073E-002
  0.112496877417492       4.852634899186786E-002
  0.113627489831985       4.901336454424380E-002
  0.114769465090151       4.950525387580131E-002
  0.115922917390468       5.000206533371587E-002
  0.117087962079126       5.050384773164580E-002
  0.118264715661566       5.101065035382551E-002
  0.119453295814126       5.152252295918160E-002
  0.120653821395813       5.203951578547154E-002
  0.121866412460184       5.256167955344433E-002
  0.123091190267357       5.308906547102297E-002
  0.124328277296133       5.362172523750838E-002
  0.125577797256246       5.415971104780405E-002
  0.126839875100733       5.470307559666139E-002
  0.128114637038430       5.525187208294481E-002
  0.129402210546594       5.580615421391654E-002
  0.130702724383648       5.636597620954024E-002
  0.132016308602060       5.693139280680302E-002
  0.133343094561345       5.750245926405543E-002
  0.134683214941207       5.807923136536841E-002
  0.136036803754799       5.866176542490693E-002
  0.137403996362131       5.925011829131952E-002
  0.138784929483603       5.984434735214283E-002
  0.140179741213677       6.044451053822064E-002
  0.141588571034690       6.105066632813652E-002
  0.143011559830797       6.166287375265918E-002
  0.144448849902064       6.228119239919981E-002
  0.145900584978696       6.290568241628043E-002
  0.147366910235410       6.353640451801229E-002
  0.148847972305953       6.417341998858341E-002
  0.150343919297768       6.481679068675407E-002
  0.151854900806799       6.546657905035939E-002
  0.153381067932457       6.612284810081769E-002
  0.154922573292726       6.678566144764345E-002
  0.156479571039428       6.745508329296408E-002
  0.158052216873633       6.813117843603825E-002
  0.159640668061236       6.881401227777559E-002
  0.161245083448679       6.950365082525566E-002
  0.162865623478839       7.020016069624473E-002
  0.164502450207069       7.090360912370937E-002
  0.166155727317405       7.161406396032466E-002
  0.167825620138936       7.233159368297591E-002
  0.169512295662337       7.305626739725168E-002
  0.171215922556564       7.378815484192688E-002
  0.172936671185727       7.452732639343357E-002
  0.174674713626124       7.527385307031791E-002
  0.176430223683446       7.602780653768100E-002
  0.178203376910161       7.678925911160192E-002
  0.179994350623071       7.755828376354024E-002
  0.181803323921040       7.833495412471607E-002
  0.183630477702903       7.911934449046572E-002
  0.185475994685563       7.991152982456941E-002
  0.187340059422255       8.071158576354986E-002
  0.189222858321007       8.151958862093804E-002
  0.191124579663277       8.233561539150400E-002
  0.193045413622784       8.315974375544974E-002
  0.194985552284525       8.399205208256108E-002
  0.196945189663983       8.483261943631569E-002
  0.198924521726530       8.568152557794376E-002
  0.200923746407019       8.653885097043869E-002
  0.202943063629587       8.740467678251337E-002
  0.204982675327637       8.827908489249948E-002
  0.207042785464040       8.916215789218558E-002
  0.209123600051525       9.005397909059028E-002
  0.211225327173285       9.095463251766647E-002
  0.213348177003785       9.186420292793274E-002
  0.215492361829776       9.278277580402740E-002
  0.217658096071527       9.371043736018060E-002
  0.219845596304268       9.464727454560071E-002
  0.222055081279844       9.559337504776892E-002
  0.224286771948595       9.654882729563830E-002
  0.226540891481447       9.751372046273157E-002
  0.228817665292232       9.848814447013218E-002
  0.231117321060228       9.947218998936370E-002
  0.233440088752929       0.100465948445151     
  0.235786200649039       0.101469512018058     
  0.238155891361703       0.102482973646997     
  0.240549397861967       0.103506427031596     
  0.242966959502475       0.104539966634433     
  0.245408818041408       0.105583687683111     
  0.247875217666652       0.106637686172181     
  0.250366405020226       0.107702058864899     
  0.252882629222942       0.108776903294815     
  0.255424141899316       0.109862317767173     
  0.257991197202735       0.110958401360133     
  0.260584051840867       0.112065253925794     
  0.263202965101337       0.113182976091006     
  0.265848198877654       0.114311669257972     
  0.268520017695399       0.115451435604631     
  0.271218688738682       0.116602378084795     
  0.273944481876854       0.117764600428049     
  0.276697669691503       0.118938207139402     
  0.279478527503702       0.120123303498657     
  0.282287333401552       0.121319995559518     
  0.285124368267981       0.122528390148404     
  0.287989915808842       0.123748594862956     
  0.290884262581277       0.124980718070238     
  0.293807698022374       0.126224868904608     
  0.296760514478113       0.127481157265247     
  0.299743007232602       0.128749693813335     
  0.302755474537600       0.130030589968858     
  0.305798217642350       0.131323957907027     
  0.308871540823696       0.132629910554304     
  0.311975751416519       0.133948561584002     
  0.315111159844464       0.135280025411459     
  0.318278079650987       0.136624417188754     
  0.321476827530707       0.137981852798964     
  0.324707723361079       0.139352448849920     
  0.327971090234378       0.140736322667464     
  0.331267254490010       0.142133592288177     
  0.334596545747148       0.143544376451552     
  0.337959296937692       0.144968794591604     
  0.341355844339564       0.146406966827882     
  0.344786527610334       0.147859013955860     
  0.348251689821188       0.149325057436697     
  0.351751677491235       0.150805219386320     
  0.355286840622158       0.152299622563817     
  0.358857532733217       0.153808390359116     
  0.362464110896598       0.155331646779903     
  0.366106935773123       0.156869516437775     
  0.369786371648316       0.158422124533577     
  0.373502786468830       0.159989596841901     
  0.377256551879244       0.161572059694716     
  0.381048043259227       0.163169639964086     
  0.384877639761078       0.164782465043952     
  0.388745724347637       0.166410662830932     
  0.392652683830586       0.168054361704108     
  0.396598908909131       0.169713690503755     
  0.400584794209066       0.171388778508976     
  0.404610738322244       0.173079755414198     
  0.408677143846431       0.174786751304485     
  0.412784417425568       0.176509896629620     
  0.416932969790436       0.178249322176920     
  0.421123215799729       0.180005159042712     
  0.425355574481538       0.181777538602451     
  0.429630469075260       0.183566592479390     
  0.433948327073916       0.185372452511782     
  0.438309580266904       0.187195250718528     
  0.442714664783177       0.189035119263232     
  0.447164021134860       0.190892190416593     
  0.451658094261293       0.192766596517064     
  0.456197333573536       0.194658469929729     
  0.460782192999302       0.196567943003305     
  0.465413131028355       0.198495148025224     
  0.470090610758355       0.200440217174690     
  0.474815099941175       0.202403282473669     
  0.479587071029670       0.204384475735699     
  0.484407001224925       0.206383928512460     
  0.489275372523976       0.208401772037999     
  0.494192671768011       0.210438137170536     
  0.499159390691051       0.212493154331752     
  0.504176025969127       0.214566953443454     
  0.509243079269949       0.216659663861531     
  0.514361057303068       0.218771414307082     
  0.519530471870553       0.220902332794619     
  0.524751839918169       0.223052546557223     
  0.530025683587071       0.225222181968550     
  0.535352530266021       0.227411364461547     
  0.540732912644127       0.229620218443760     
  0.546167368764109       0.231848867209119     
  0.551656442076109       0.234097432846036     
  0.557200681492031       0.236366036141688     
  0.562800641440438       0.238654796482367     
  0.568456881921992       0.240963831749678     
  0.574169968565453       0.243293258212508     
  0.579940472684247       0.245643190414543     
  0.585768971333595       0.248013741057198     
  0.591656047368219       0.250405020877769     
  0.597602289500628       0.252817138522632     
  0.603608292359990       0.255250200415310     
  0.609674656551598       0.257704310619199     
  0.615801988716924       0.260179570694763     
  0.621990901594292       0.262676079550994     
  0.628242014080147       0.265193933290907     
  0.634555951290946       0.267733225050876     
  0.640933344625674       0.270294044833560     
  0.647374831828976       0.272876479334187     
  0.653881057054943       0.275480611759972     
  0.660452670931517       0.278106521642399     
  0.667090330625564       0.280754284642114     
  0.673794699908584       0.283423972346185     
  0.680566449223092       0.286115652057428     
  0.687406255749663       0.288829386575541     
  0.694314803474649       0.291565233969764     
  0.701292783258581       0.294323247342755     
  0.708340892905250       0.297103474585399     
  0.715459837231497       0.299905958122261     
  0.722650328137685       0.302730734647323     
  0.729913084678898       0.305577834849762     
  0.737248833136841       0.308447283129392     
  0.744658307092474       0.311339097301474     
  0.752142247499367       0.314253288290578     
  0.759701402757797       0.317189859813142     
  0.767336528789590       0.320148808048439     
  0.775048389113711       0.323130121297595     
  0.782837754922619       0.326133779630338     
  0.790705405159386       0.329159754519199     
  0.798652126595593       0.332208008460782     
  0.806678713910004       0.335278494583865     
  0.814785969768042       0.338371156244000     
  0.822974704902046       0.341485926604327     
  0.831245738192356       0.344622728202373     
  0.839599896749192       0.347781472502559     
  0.848038015995371       0.350962059434195     
  0.856560939749851       0.354164376914792     
  0.865169520312109       0.357388300358500     
  0.873864618547375       0.360633692169594     
  0.882647103972719       0.363900401220859     
  0.891517854844001       0.367188262316912     
  0.900477758243703       0.370497095642441     
  0.909527710169629       0.373826706195460     
  0.918668615624514       0.377176883205755     
  0.927901388706522       0.380547399538720     
  0.937226952700654       0.383938011084959     
  0.946646240171081       0.387348456136027     
  0.956160193054400       0.390778454746872     
  0.965769762753827       0.394227708085664     
  0.975475910234340       0.397695897771686     
  0.985279606118776       0.401182685202373     
  0.995181830784893       0.404687710870463     
   1.00518357446341       0.408210593672588     
   1.01528583733703       0.411750930210730     
   1.02548962964045       0.415308294088235     
   1.03579597176142       0.418882235202167     
   1.04620589434273       0.422472279034271     
   1.05672043838532       0.426077925942722     
   1.06734065535235       0.429698650457434     
   1.07806760727436       0.433333900581800     
   1.08890236685550       0.436983097104007     
   1.09984601758074       0.440645632921608     
   1.11089965382429       0.444320872383003     
   1.12206438095896       0.448008150650265     
   1.13334131546680       0.451706773087607     
   1.14473158505063       0.455416014680630     
   1.15623632874691       0.459135119491347     
   1.16785669703960       0.462863300154811     
   1.17959385197521       0.466599737423205     
   1.19144896727902       0.470343579763543     
   1.20342322847244       0.474093943015803     
   1.21551783299155       0.477849910118051     
   1.22773399030690       0.481610530905802     
   1.24007292204440       0.485374821992671     
   1.25253586210750       0.489141766739659     
   1.26512405680059       0.492910315320280     
   1.27783876495364       0.496679384888632     
   1.29068125804805       0.500447859857146     
   1.30365282034384       0.504214592290509     
   1.31675474900804       0.507978402421226     
   1.32998835424444       0.511738079291758     
   1.34335495942459       0.515492381526726     
   1.35685590122016       0.519240038237344     
   1.37049252973656       0.522979750058229     
   1.38426620864802       0.526710190314653     
   1.39817831533390       0.530430006315362     
   1.41223024101646       0.534137820762954     
   1.42642339089999       0.537832233269965     
   1.44075918431130       0.541511821964236     
   1.45523905484168       0.545175145162057     
   1.46986445049025       0.548820743081570     
   1.48463683380875       0.552447139562201     
   1.49955768204784       0.556052843748239     
   1.51462848730477       0.559636351686167     
   1.52985075667262       0.563196147775913     
   1.54522601239102       0.566730706005744     
   1.56075579199835       0.570238490889228     
   1.57644164848552       0.573717958010508     
   1.59228515045124       0.577167554071034     
   1.60828788225892       0.580585716317458     
   1.62445144419506       0.583970871215930     
   1.64077745262934       0.587321432224053     
   1.65726754017620       0.590635796497313     
   1.67392335585814       0.593912340353468     
   1.69074656527060       0.597149413305735     
   1.70773885074856       0.600345330465465     
   1.72490191153470       0.603498363107060     
   1.74223746394943       0.606606727184073     
   1.75974724156242       0.609668569587002     
   1.77743299536602       0.612681951940561     
   1.79529649395037       0.615644831754933     
   1.81333952368019       0.618555040771529     
   1.83156388887350       0.621410260382698     
   1.84997141198201       0.624207994058694     
   1.86856393377336       0.626945536786550     
   1.88734331351523       0.629619941617218     
   1.90631142916125       0.632227983532719     
   1.92547017753878       0.634766120986542     
   1.94482147453862       0.637230455641365     
   1.96436725530661       0.639616691030321     
   1.98410947443711       0.641920091104038     
   2.00405010616849       0.644135439894911     
   2.02419114458053       0.646257003833394     
   2.04453460379385       0.648278498583590     
   2.06508251817134       0.650193062622757     
   2.08583694252156       0.651993240159993     
   2.10679995230423       0.653670976358803     
   2.12797364383781       0.655217628173839     
   2.14936013450908       0.656623994403059     
   2.17096156298495       0.657880368750818     
   2.19278008942625       0.658976619739758     
   2.21481789570382       0.659902301127432     
   2.23707718561665       0.660646795985133     
   2.25956018511228       0.661199496664353     
   2.28226914250939       0.661550021365144     
   2.30520632872265       0.661688465750204     
   2.32837403748980       0.661605684799258     
   2.35177458560101       0.661293595605456     
   2.37541031313060       0.660745485762431     
   2.39928358367102       0.659956304004527     
   2.42339678456921       0.658922899408158     
   2.44775232716537       0.657644162238795     
   2.47235264703404       0.656121002868209     
   2.49720020422772       0.654356084457168     
   2.52229748352282       0.652353199608332     
   2.54764699466820       0.650116502242866     
   2.57325127263610       0.647650508155396     
   2.59911287787564       0.644959494191107     
   2.62523439656890       0.642048011027371     
   2.65161844088952       0.638920731657416     
   2.67826764926392       0.635582404847781     
   2.70518468663515       0.632037872918201     
   2.73237224472936       0.628292068442631     
   2.75983304232504       0.624350009646754     
   2.78756982552481       0.620216795880402     
   2.81558536803012       0.615897603035594     
   2.84388247141856       0.611397678897565     
   2.87246396542406       0.606722338422515     
   2.90133270821982       0.601876958934868     
   2.93049158670419       0.596866975239137     
   2.95994351678932       0.591697874640468     
   2.98969144369275       0.586375191870867     
   3.01973834223197       0.580904503917364     
   3.05008721712187       0.575291424751710     
   3.08074110327523       0.569541599960768     
   3.11170306610621       0.563660701280395     
   3.14297620183689       0.557654421035431     
   3.17456363780692       0.551528466492478     
   3.20646853278620       0.545288554132000     
   3.23869407729083       0.538940403850420     
   3.27124349390210       0.532489733103150     
   3.30412003758882       0.525942251003233     
   3.33732699603273       0.519303652390661     
   3.37086768995737       0.512579611890996     
   3.40474547346006       0.505775777982042     
   3.43896373434740       0.498897767090398     
   3.47352589447398       0.491951157724400     
   3.50843541008463       0.484941484742471     
   3.54369577215999       0.477874233633265     
   3.57931050676566       0.470754834977436     
   3.61528317540477       0.463588659044138     
   3.65161737537417       0.456381010561330     
   3.68831674012413       0.449137123682976     
   3.72538493962172       0.441862157176707     
   3.76282568071776       0.434561189852744     
   3.80064270751757       0.427239216254677     
   3.83883980175534       0.419901142629372     
   3.87742078317234       0.412551783192475     
   3.91638950989885       0.405195856702182     
   3.95574987884001       0.397837983352753     
   3.99550582606553       0.390482681995083     
   4.03566132720326       0.383134367690177     
   4.07622039783677       0.375797349597153     
   4.11718709390692       0.368475829195617     
   4.15856551211746       0.361173898838138     
   4.20035979034470       0.353895540627366     
   4.24257410805129       0.346644625606596     
   4.28521268670417       0.339424913253509     
   4.32827979019674       0.332240051264006     
   4.37177972527525       0.325093575600984     
   4.41571684196944       0.317988910802240     
   4.46009553402761       0.310929370515260     
   4.50492023935594       0.303918158239717     
   4.55019544046231       0.296958368258119     
   4.59592566490458       0.290052986719874     
   4.64211548574328       0.283204892860597     
   4.68876952199901       0.276416860326791     
   4.73589243911425       0.269691558579983     
   4.78348894942000       0.263031554353051     
   4.83156381260694       0.256439313133296     
   4.88012183620146       0.249917200646402     
   4.92916787604638       0.243467484318005     
   4.97870683678656       0.237092334689809     
   5.02874367235935       0.230793826770354     
   5.07928338649002       0.224573941301882     
   5.13033103319208       0.218434565927674     
   5.18189171727275       0.212377496246697     
   5.23397059484341       0.206404436746017     
   5.28657287383521       0.200517001603257     
   5.33970381451988       0.194716715356400     
   5.39336873003577       0.189005013439540     
   5.44757298691916       0.183383242588136     
   5.50232200564090       0.177852661119028     
   5.55762126114848       0.172414439094814     
   5.61347628341355       0.167069658383635     
   5.66989265798487       0.161819312629401     
   5.72687602654691       0.156664307148071     
   5.78443208748403       0.151605458768981     
   5.84256659645026       0.146643495641609     
   5.90128536694497       0.141779057025893     
   5.96059427089412       0.137012693092108     
   6.02049923923754       0.132344864748347     
   6.08100626252198       0.127775943518380     
   6.14212139150020       0.123306211492538     
   6.20385073773602       0.118935861368411     
   6.26620047421550       0.114664996603161     
   6.32917683596426       0.110493631693251     
   6.39278612067095       0.106421692597733     
   6.45703468931704       0.102449017318013     
   6.52192896681295       9.857535664599602E-002
   6.58747544264049       9.480037508915559E-002
   6.65368067150188       9.112365197991243E-002
   6.72055127397517       8.754468277327901E-002
   6.78809393717634       8.406288053557370E-002
   6.85631541542799       8.067757762373121E-002
   6.92522253093480       7.738802755369831E-002
   6.99482217446574       7.419340705340166E-002
   7.06512130604316       7.109281829497080E-002
   7.13612695563881       6.808529129824790E-002
   7.20784622387682       6.516978649711450E-002
   7.28028628274377       6.234519745790928E-002
   7.35345437630592       5.961035373903985E-002
   7.42735782143360       5.696402387904558E-002
   7.50200400853291       5.440491850052372E-002
   7.57740040228476       5.193169351588117E-002
   7.65355454239136       4.954295342133499E-002
   7.73047404433019       4.723725466449455E-002
   7.80816660011553       4.501310907158712E-002
   7.88663997906771       4.286898731961562E-002
   7.96590202859002       4.080332243968360E-002
   8.04596067495346       3.881451333722142E-002
   8.12682392408939       3.690092831595762E-002
   8.20849986239010       3.506090859220278E-002
   8.29099665751749       3.329277178723675E-002
   8.37432255921982       3.159481538549025E-002
   8.45848590015670       2.996532014750486E-002
   8.54349509673235       2.840255346668739E-002
   8.62935864993728       2.690477266019970E-002
   8.71608514619836       2.547022818444908E-002
   8.80368325823749       2.409716676696944E-002
   8.89216174593887       2.278383444666729E-002
   8.98152945722500       2.152847951570405E-002
   9.07179532894149       2.032935535650470E-002
   9.16296838775072       1.918472316862949E-002
   9.25505775103457       1.809285458047994E-002
   9.34807262780609       1.705203414198833E-002
   9.44202231963048       1.606056169467512E-002
   9.53691622155521       1.511675461655667E-002
   9.63276382304955       1.421894993960809E-002
   9.72957470895352       1.336550633849824E-002
   9.82735856043640       1.255480598951272E-002
   9.92612515596481       1.178525629950456E-002
   10.0258843722806       1.105529150487983E-002
   10.1266461853886       1.036337414145996E-002
   10.2284206715540       9.707996386195178E-003
   10.3312180083103       9.087681272447651E-003
   10.4350484754768       8.500983780660011E-003
   10.5399224561867       7.946491806879731E-003
   10.6458504379255       7.422827011670810E-003
   10.7528430135798       6.928645552512653E-003
   10.8609108824961       6.462638702811501E-003
   10.9700648515514       6.023533361135547E-003
   11.0803158362337       5.610092454276240E-003
   11.1916748617332       5.221115238145728E-003
   11.3041530640453       4.855437500480058E-003
   11.4177616910839       4.511931669651441E-003
   11.5325121038065       4.189506833823271E-003
   11.6484157773500       3.887108674947417E-003
   11.7654843021782       3.603719322006432E-003
   11.8837293852412       3.338357128107278E-003
   12.0031628511459       3.090076375911954E-003
   12.1237966433384       2.857966916038030E-003
   12.2456428252985       2.641153742919630E-003
   12.3687135817458       2.438796512716669E-003
   12.4930212198585       2.250089007699109E-003
   12.6185781705042       2.074258551586006E-003
   12.7453969894824       1.910565380142434E-003
   12.8734903587807       1.758301971351642E-003
   13.0028710878429       1.616792339290754E-003
   13.1335521148496       1.485391295819021E-003
   13.2655465080125       1.363483683989558E-003
   13.3988674668808       1.250483587047470E-003
   13.5335283236616       1.145833516673339E-003
   13.6695425445527       1.049003584059213E-003
   13.8069237310896       9.594906571970929E-004
   13.9456856215054       8.768175076690912E-004
   14.0858420921048       8.005319500206568E-004
   14.2274071586517       7.302059766927832E-004
   14.3703949777706       6.654348912832191E-004
   14.5148198483627       6.058364427905116E-004
   14.6606962130353       5.510499632930585E-004
   14.8080386595466       5.007355113920526E-004
   14.9568619222638       4.545730235518038E-004
   15.1071808836374       4.122614753440093E-004
   15.2590105756887       3.735180544150100E-004
   15.4123661815135       3.380773468676660E-004
   15.5672630368000       3.056905385713219E-004
   15.7237166313631       2.761246327880159E-004
   15.8817426106924       2.491616853356906E-004
   16.0413567775176       2.245980583881175E-004
   16.2025750933884       2.022436938557133E-004
   16.3654136802707       1.819214071765368E-004
   16.5298888221590       1.634662022039682E-004
   16.6960169667044       1.467246077700512E-004
   16.8638147268599       1.315540363735225E-004
   17.0332988825413       1.178221653523425E-004
   17.2044863823054       1.054063407486660E-004
   17.3773943450448       9.419300405561049E-005
   17.5520400617000       8.407714186263721E-005
   17.7284409969881       7.496175836739529E-005
   17.9066147911497       6.675737064751937E-005
   18.0865792617125       5.938152647105856E-005
   18.2683524052738       5.275834440107839E-005
   18.4519523992993       4.681807587177019E-005
   18.6373976039413       4.149668885076184E-005
   18.8247065638750       3.673547265724463E-005
   19.0138980101524       3.248066345228408E-005
   19.2049908620758       2.868308988434591E-005
   19.3980042290895       2.529783833295497E-005
   19.5929574126913       2.228393716571871E-005
   19.7898699083618       1.960405939786971E-005
   19.9887614075148       1.722424312281168E-005
   20.1896517994659       1.511362906444037E-005
   20.3925611734217       1.324421459181838E-005
   20.5975098204887       1.159062352654295E-005
   20.8045182357024       1.012989107010320E-005
   21.0136071200768       8.841263175728998E-006
   21.2247973826747       7.706009692425601E-006
   21.4381101426982       6.707250612472207E-006
   21.6535667316011       5.829794762149286E-006
   21.8711886952218       5.059990284372351E-006
   22.0909977959382       4.385586274760636E-006
   22.3130160148434       3.795604945893020E-006
   22.5372655539442       3.280223710818275E-006
   22.7637688383816       2.830666593459783E-006
   22.9925485186728       2.439104392477555E-006
   23.2236274729763       2.098563044182624E-006
   23.4570288093801       1.802839650835673E-006
   23.6927758682126       1.546425661343563E-006
   23.9308922243758       1.324436713200056E-006
   24.1714016897040       1.132548666127791E-006
   24.4143283153441       9.669393801722578E-007
   24.6596963941610       8.242358129118649E-007
   24.9075304631672       7.014660326565929E-007
   25.1578553059760       5.960157661934208E-007
   25.4106959552804       5.055891213033608E-007
   25.6660776953560       4.281731452985397E-007
   25.9240260645895       3.620059015844766E-007
   26.1845668580330       3.055477662718799E-007
   26.4477261299828       2.574556664258973E-007
   26.7135301965854       2.165600002992781E-007
   26.9820056384691       1.818439980625884E-007
   27.2531793034017       1.524252988650261E-007
   27.5270783089756       1.275395366972198E-007
   27.8037300453198       1.065257433023724E-007
   28.0831621778384       8.881339142255929E-008
   28.3654026499774       7.391091584998289E-008
   28.6504796860194       6.139556318171585E-008
   28.9384217939055       5.090443377188874E-008
   29.2292577680863       4.212659122275572E-008
   29.5230166924018       3.479612580961547E-008
   29.8197279429891       2.868606856675446E-008
   30.1194211912206       2.360306235086998E-008
   30.4221264066708       1.938270510799161E-008
   30.7278738601135       1.588548879581830E-008
   31.0366941265489       1.299326501157934E-008
   31.3486180882609       1.060617535430320E-008
   31.6636769379057       8.639990959852392E-009
   31.9819021816308       7.023811503578366E-009
   32.3033256422257       5.698079314067243E-009
   32.6279794623044       4.612869103319365E-009
   32.9558961075193       3.726418234405682E-009
   33.2871083698084       3.003866440693820E-009
   33.6216493706737       2.416177517479060E-009
   33.9595525644943       1.939218751422820E-009
   34.3008517418711       1.552976767910898E-009
   34.6455810330062       1.240891084778187E-009
   34.9937749111159       9.892889912731861E-010
   35.3454681958784       7.869074456463044E-010
   35.7006960569151       6.244895281523382E-010
   36.0594940173082       4.944446185512320E-010
   36.4218979571527       3.905629097491349E-010
   36.7879441171446       3.077761397680773E-010
   37.1576691022050       2.419575409568679E-010
   37.5311098851404       1.897549836339273E-010
   37.9083038103403       1.484521464668429E-010
   38.2892885975116       1.158532909275957E-010
   38.6741023454505       9.018786479207314E-011
   39.0627835358525       7.003172081639057E-011
   39.4553710371605       5.424222179760449E-011
   39.8519041084518       4.190492120702913E-011
   40.2524224033640       3.228986785446302E-011
   40.6569659740603       2.481589088082417E-011
   41.0655752752350       1.902148446942757E-011
   41.4782911681585       1.454113581517435E-011
   41.8951549247643       1.108613035528001E-011
   42.3162082317753       8.429029602423608E-012
   42.7414931948731       6.391153214024902E-012
   43.1710523429084       4.832511707837801E-012
   43.6049286321540       3.643732621433946E-012
   44.0431654506003       2.739603603848938E-012
   44.4858066222945       2.053923285048388E-012
   44.9328964117226       1.535406818745212E-012
   45.3844795282360       1.144439498540939E-012
   45.8406011305228       8.505103093076465E-013
   46.3013068311232       6.301889911762482E-013
   46.7666427009913       4.655362619175757E-013
   47.2366552741019       3.428582051267519E-013
   47.7113915521038       2.517332795291821E-013
   48.1908990090206       1.842546116879138E-013
   48.6752255959976       1.344417644692098E-013
   49.1644197460969       9.778550154954496E-014
   49.6585303791413       7.089658955307152E-014
   50.1576069066059       5.123572440946392E-014
   50.6616992365594       3.690651064024479E-014
   51.1708577786546       2.649728810794359E-014
   51.6851334491703       1.896067660799925E-014
   52.2045776761020       1.352214777073629E-014
   52.7292424043052       9.610861192821736E-015
   53.2591801006901       6.807519651567399E-015
   53.7944437594678       4.805189476987715E-015
   54.3350869074504       3.379963730445555E-015
   54.8811636094030       2.369071758109799E-015
   55.4327284734511       1.654602346171268E-015
   55.9898366565406       1.151443783840174E-015
   56.5525438699541       7.983802971834401E-016
   57.1209063848819       5.515424918994159E-016
   57.6949810380490       3.796069967114754E-016
   58.2748252373993       2.602910985963069E-016
   58.8604969678359       1.778025360603691E-016
   59.4520547970198       1.209911490617616E-016
   60.0495578812270       8.201430173689489E-017
   60.6530659712637       5.537695637949475E-017
   61.2626394184420       3.724389271876335E-017
   61.8783391806144       2.494884074950071E-017
   62.5002268282704       1.664553085732684E-017
   63.1283645506930       1.106061791187277E-017
   63.7628151621777       7.319440802082829E-018
   64.4036421083145       4.823644876760383E-018
   65.0509094723320       3.165582423164683E-018
   65.7046819815060       2.068686047521607E-018
   66.3650250136323       1.346107713256447E-018
   67.0320046035642       8.721490973154283E-019
   67.7056874498168       5.626114929428242E-019
   68.3861409212359       3.613386914199660E-019
   69.0734330637358       2.310410859279758E-019
   69.7676326071034       1.470664267871053E-019
   70.4688089718716       9.318970615960975E-020
   71.1770322762612       5.878042709855105E-020
   71.8923733431929       3.690524138174438E-020
   72.6149037073694       2.306289455772585E-020
   73.3446956224292       1.434464371368634E-020
   74.0818220681720       8.879641891566465E-021
   74.8263567578568       5.470288322749122E-021
   75.5783741455728       3.353615073607405E-021
   76.3379494336856       2.045895223987208E-021
   77.1051585803569       1.241936791793617E-021
   77.8800783071407       7.501361128857748E-022
   78.6627861066556       4.507995500515508E-022
   79.4533602503336       2.695304474538296E-022
   80.2518797962481       1.603212466366006E-022
   81.0584245970189       9.486607783955442E-023
   81.8730753077984       5.583993973261760E-023
   82.6959133943364       3.269417429514319E-023
   83.5270211411274       1.903988574302812E-023
   84.3664816596386       1.102817670132183E-023
   85.2143788966213       6.352799905041728E-024
   86.0707976425060       3.639361294412512E-024
   86.9358235398808       2.073289468066629E-024
   87.8095430920563       1.174479681083167E-024
   88.6920436717159       6.615423620217327E-025
   89.5834135296530       3.704861689144120E-025
   90.4837418035961       2.062832135633010E-025
   91.3931185271229       1.141848028504690E-025
   92.3116346386637       6.283196595323288E-026
   93.2393819905949       3.436797058567400E-026
   94.1764533584250       1.868522537893669E-026
   95.1229424500715       1.009756634969517E-026
   96.0789439152324       5.421845451144173E-027
   97.0445533548509       2.890888994350359E-027
   98.0198673306756       1.532847659377512E-027
   99.0049833749169       8.068107785569745E-028
   100.000000000000       4.235258878569502E-028
