  0.0000000000E+00  0.0000000000E+00
  3.0000000000E-04 -1.7347857052E-09
  1.2000000000E-03 -6.9369844698E-09
  2.7000000000E-03 -1.5600124043E-08
  4.8000000000E-03 -2.7713426674E-08
  7.5000000000E-03 -4.3261823109E-08
  1.0800000000E-02 -6.2225972143E-08
  1.4700000000E-02 -8.4582285725E-08
  1.9200000000E-02 -1.1030295957E-07
  2.4300000000E-02 -1.3935600922E-07
  3.0000000000E-02 -1.7170531156E-07
  3.6300000000E-02 -2.0731065161E-07
  4.3200000000E-02 -2.4612777472E-07
  5.0700000000E-02 -2.8810844388E-07
  5.8800000000E-02 -3.3320050224E-07
  6.7500000000E-02 -3.8134794065E-07
  7.6800000000E-02 -4.3249097015E-07
  8.6700000000E-02 -4.8656609936E-07
  9.7200000000E-02 -5.4350621660E-07
  1.0830000000E-01 -6.0324067659E-07
  1.2000000000E-01 -6.6569539181E-07
  1.3230000000E-01 -7.3079292808E-07
  1.4520000000E-01 -7.9845260453E-07
  1.5870000000E-01 -8.6859059762E-07
  1.7280000000E-01 -9.4112004917E-07
  1.8750000000E-01 -1.0159511782E-06
  2.0280000000E-01 -1.0929913965E-06
  2.1870000000E-01 -1.1721454275E-06
  2.3520000000E-01 -1.2533154289E-06
  2.5230000000E-01 -1.3364011180E-06
  2.7000000000E-01 -1.4212999005E-06
  2.8830000000E-01 -1.5079070017E-06
  3.0720000000E-01 -1.5961156007E-06
  3.2670000000E-01 -1.6858169668E-06
  3.4680000000E-01 -1.7769005984E-06
  3.6750000000E-01 -1.8692543640E-06
  3.8880000000E-01 -1.9627646446E-06
  4.1070000000E-01 -2.0573164788E-06
  4.3320000000E-01 -2.1527937082E-06
  4.5630000000E-01 -2.2490791252E-06
  4.8000000000E-01 -2.3460546209E-06
  5.0430000000E-01 -2.4436013351E-06
  5.2920000000E-01 -2.5415998056E-06
  5.5470000000E-01 -2.6399301193E-06
  5.8080000000E-01 -2.7384720627E-06
  6.0750000000E-01 -2.8371052728E-06
  6.3480000000E-01 -2.9357093880E-06
  6.6270000000E-01 -3.0341641988E-06
  6.9120000000E-01 -3.1323497973E-06
  7.2030000000E-01 -3.2301467268E-06
  7.5000000000E-01 -3.3274361298E-06
  7.8030000000E-01 -3.4240998958E-06
  8.1120000000E-01 -3.5200208064E-06
  8.4270000000E-01 -3.6150826806E-06
  8.7480000000E-01 -3.7091705168E-06
  9.0750000000E-01 -3.8021706337E-06
  9.4080000000E-01 -3.8939708096E-06
  9.7470000000E-01 -3.9844604182E-06
  1.0092000000E+00 -4.0735305632E-06
  1.0443000000E+00 -4.1610742094E-06
  1.0800000000E+00 -4.2469863118E-06
  1.1163000000E+00 -4.3311639408E-06
  1.1532000000E+00 -4.4135064055E-06
  1.1907000000E+00 -4.4939153725E-06
  1.2288000000E+00 -4.5722949823E-06
  1.2675000000E+00 -4.6485519614E-06
  1.3068000000E+00 -4.7225957314E-06
  1.3467000000E+00 -4.7943385135E-06
  1.3872000000E+00 -4.8636954298E-06
  1.4283000000E+00 -4.9305845996E-06
  1.4700000000E+00 -4.9949272326E-06
  1.5123000000E+00 -5.0566477170E-06
  1.5552000000E+00 -5.1156737033E-06
  1.5987000000E+00 -5.1719361834E-06
  1.6428000000E+00 -5.2253695661E-06
  1.6875000000E+00 -5.2759117464E-06
  1.7328000000E+00 -5.3235041709E-06
  1.7787000000E+00 -5.3680918985E-06
  1.8252000000E+00 -5.4096236557E-06
  1.8723000000E+00 -5.4480518869E-06
  1.9200000000E+00 -5.4833328003E-06
  1.9683000000E+00 -5.5154264079E-06
  2.0172000000E+00 -5.5442965609E-06
  2.0667000000E+00 -5.5699109802E-06
  2.1168000000E+00 -5.5922412808E-06
  2.1675000000E+00 -5.6112629923E-06
  2.2188000000E+00 -5.6269555729E-06
  2.2707000000E+00 -5.6393024193E-06
  2.3232000000E+00 -5.6482908710E-06
  2.3763000000E+00 -5.6539122093E-06
  2.4300000000E+00 -5.6561616512E-06
  2.4843000000E+00 -5.6550383387E-06
  2.5392000000E+00 -5.6505453224E-06
  2.5947000000E+00 -5.6426895400E-06
  2.6508000000E+00 -5.6314817909E-06
  2.7075000000E+00 -5.6169367045E-06
  2.7648000000E+00 -5.5990727045E-06
  2.8227000000E+00 -5.5779119680E-06
  2.8812000000E+00 -5.5534803805E-06
  2.9403000000E+00 -5.5258074854E-06
  3.0000000000E+00 -5.4949264296E-06
  3.0603000000E+00 -5.4608739045E-06
  3.1212000000E+00 -5.4236900826E-06
  3.1827000000E+00 -5.3834185499E-06
  3.2448000000E+00 -5.3401062340E-06
  3.3075000000E+00 -5.2938033290E-06
  3.3708000000E+00 -5.2445632148E-06
  3.4347000000E+00 -5.1924423750E-06
  3.4992000000E+00 -5.1375003089E-06
  3.5643000000E+00 -5.0797994415E-06
  3.6300000000E+00 -5.0194050298E-06
  3.6963000000E+00 -4.9563850653E-06
  3.7632000000E+00 -4.8908101746E-06
  3.8307000000E+00 -4.8227535157E-06
  3.8988000000E+00 -4.7522906731E-06
  3.9675000000E+00 -4.6794995486E-06
  4.0368000000E+00 -4.6044602517E-06
  4.1067000000E+00 -4.5272549854E-06
  4.1772000000E+00 -4.4479679323E-06
  4.2483000000E+00 -4.3666851370E-06
  4.3200000000E+00 -4.2834943872E-06
  4.3923000000E+00 -4.1984850941E-06
  4.4652000000E+00 -4.1117481701E-06
  4.5387000000E+00 -4.0233759062E-06
  4.6128000000E+00 -3.9334618477E-06
  4.6875000000E+00 -3.8421006699E-06
  4.7628000000E+00 -3.7493880518E-06
  4.8387000000E+00 -3.6554205507E-06
  4.9152000000E+00 -3.5602954754E-06
  4.9923000000E+00 -3.4641107598E-06
  5.0700000000E+00 -3.3669648361E-06
  5.1483000000E+00 -3.2689565086E-06
  5.2272000000E+00 -3.1701848275E-06
  5.3067000000E+00 -3.0707489636E-06
  5.3868000000E+00 -2.9707480831E-06
  5.4675000000E+00 -2.8702812239E-06
  5.5488000000E+00 -2.7694471727E-06
  5.6307000000E+00 -2.6683443429E-06
  5.7132000000E+00 -2.5670706547E-06
  5.7963000000E+00 -2.4657234157E-06
  5.8800000000E+00 -2.3643992039E-06
  5.9643000000E+00 -2.2631937525E-06
  6.0492000000E+00 -2.1622018361E-06
  6.1347000000E+00 -2.0615171594E-06
  6.2208000000E+00 -1.9612322484E-06
  6.3075000000E+00 -1.8614383434E-06
  6.3948000000E+00 -1.7622252947E-06
  6.4827000000E+00 -1.6636814615E-06
  6.5712000000E+00 -1.5658936127E-06
  6.6603000000E+00 -1.4689468312E-06
  6.7500000000E+00 -1.3729244207E-06
  6.8403000000E+00 -1.2779078164E-06
  6.9312000000E+00 -1.1839764980E-06
  7.0227000000E+00 -1.0912079064E-06
  7.1148000000E+00 -9.9967736418E-07
  7.2075000000E+00 -9.0945799865E-07
  7.3008000000E+00 -8.2062066947E-07
  7.3947000000E+00 -7.3323389921E-07
  7.4892000000E+00 -6.4736380788E-07
  7.5843000000E+00 -5.6307405126E-07
  7.6800000000E+00 -4.8042576297E-07
  7.7763000000E+00 -3.9947750048E-07
  7.8732000000E+00 -3.2028519501E-07
  7.9707000000E+00 -2.4290210547E-07
  8.0688000000E+00 -1.6737877631E-07
  8.1675000000E+00 -9.3762999478E-08
  8.2668000000E+00 -2.2099780378E-08
  8.3667000000E+00  4.7568692050E-08
  8.4672000000E+00  1.1520307122E-07
  8.5683000000E+00  1.8076687468E-07
  8.6700000000E+00  2.4422650181E-07
  8.7723000000E+00  3.0555124748E-07
  8.8752000000E+00  3.6471331162E-07
  8.9787000000E+00  4.2168780471E-07
  9.0828000000E+00  4.7645274937E-07
  9.1875000000E+00  5.2898907788E-07
  9.2928000000E+00  5.7928062577E-07
  9.3987000000E+00  6.2731412150E-07
  9.5052000000E+00  6.7307917235E-07
  9.6123000000E+00  7.1656824641E-07
  9.7200000000E+00  7.5777665089E-07
  9.8283000000E+00  7.9670250676E-07
  9.9372000000E+00  8.3334671972E-07
  1.0046700000E+01  8.6771294767E-07
  1.0156800000E+01  8.9980756473E-07
  1.0267500000E+01  9.2963962185E-07
  1.0378800000E+01  9.5722080411E-07
  1.0490700000E+01  9.8256538489E-07
  1.0603200000E+01  1.0056901769E-06
  1.0716300000E+01  1.0266144800E-06
  1.0830000000E+01  1.0453600267E-06
  1.0944300000E+01  1.0619509240E-06
  1.1059200000E+01  1.0764135932E-06
  1.1174700000E+01  1.0887767071E-06
  1.1290800000E+01  1.0990711239E-06
  1.1407500000E+01  1.1073298205E-06
  1.1524800000E+01  1.1135878212E-06
  1.1642700000E+01  1.1178821264E-06
  1.1761200000E+01  1.1202516384E-06
  1.1880300000E+01  1.1207370851E-06
  1.2000000000E+01  1.1193809422E-06
  1.2120300000E+01  1.1162273546E-06
  1.2241200000E+01  1.1113220547E-06
  1.2362700000E+01  1.1047122809E-06
  1.2484800000E+01  1.0964466939E-06
  1.2607500000E+01  1.0865752925E-06
  1.2730800000E+01  1.0751493283E-06
  1.2854700000E+01  1.0622212191E-06
  1.2979200000E+01  1.0478444628E-06
  1.3104300000E+01  1.0320735492E-06
  1.3230000000E+01  1.0149638730E-06
  1.3356300000E+01  9.9657164508E-07
  1.3483200000E+01  9.7695380474E-07
  1.3610700000E+01  9.5616793134E-07
  1.3738800000E+01  9.3427215622E-07
  1.3867500000E+01  9.1132507488E-07
  1.3996800000E+01  8.8738565946E-07
  1.4126700000E+01  8.6251317185E-07
  1.4257200000E+01  8.3676707726E-07
  1.4388300000E+01  8.1020695868E-07
  1.4520000000E+01  7.8289243207E-07
  1.4652300000E+01  7.5488306267E-07
  1.4785200000E+01  7.2623828225E-07
  1.4918700000E+01  6.9701730767E-07
  1.5052800000E+01  6.6727906071E-07
  1.5187500000E+01  6.3708208932E-07
  1.5322800000E+01  6.0648449037E-07
  1.5458700000E+01  5.7554383407E-07
  1.5595200000E+01  5.4431709002E-07
  1.5732300000E+01  5.1286055510E-07
  1.5870000000E+01  4.8122978332E-07
  1.6008300000E+01  4.4947951750E-07
  1.6147200000E+01  4.1766362313E-07
  1.6286700000E+01  3.8583502429E-07
  1.6426800000E+01  3.5404564181E-07
  1.6567500000E+01  3.2234633370E-07
  1.6708800000E+01  2.9078683789E-07
  1.6850700000E+01  2.5941571737E-07
  1.6993200000E+01  2.2828030782E-07
  1.7136300000E+01  1.9742666771E-07
  1.7280000000E+01  1.6689953094E-07
  1.7424300000E+01  1.3674226208E-07
  1.7569200000E+01  1.0699681428E-07
  1.7714700000E+01  7.7703689789E-08
  1.7860800000E+01  4.8901903187E-08
  1.8007500000E+01  2.0628947340E-08
  1.8154800000E+01 -7.0792379142E-09
  1.8302700000E+01 -3.4188294324E-08
  1.8451200000E+01 -6.0665471020E-08
  1.8600300000E+01 -8.6479647538E-08
  1.8750000000E+01 -1.1160135407E-07
  1.8900300000E+01 -1.3600278894E-07
  1.9051200000E+01 -1.5965783334E-07
  1.9202700000E+01 -1.8254206323E-07
  1.9354800000E+01 -2.0463275862E-07
  1.9507500000E+01 -2.2590891005E-07
  1.9660800000E+01 -2.4635122236E-07
  1.9814700000E+01 -2.6594211584E-07
  1.9969200000E+01 -2.8466572471E-07
  2.0124300000E+01 -3.0250789302E-07
  2.0280000000E+01 -3.1945616791E-07
  2.0436300000E+01 -3.3549979045E-07
  2.0593200000E+01 -3.5062968391E-07
  2.0750700000E+01 -3.6483843965E-07
  2.0908800000E+01 -3.7812030060E-07
  2.1067500000E+01 -3.9047114244E-07
  2.1226800000E+01 -4.0188845250E-07
  2.1386700000E+01 -4.1237130646E-07
  2.1547200000E+01 -4.2192034290E-07
  2.1708300000E+01 -4.3053773579E-07
  2.1870000000E+01 -4.3822716501E-07
  2.2032300000E+01 -4.4499378482E-07
  2.2195200000E+01 -4.5084419062E-07
  2.2358700000E+01 -4.5578638384E-07
  2.2522800000E+01 -4.5982973516E-07
  2.2687500000E+01 -4.6298494605E-07
  2.2852800000E+01 -4.6526400888E-07
  2.3018700000E+01 -4.6668016545E-07
  2.3185200000E+01 -4.6724786424E-07
  2.3352300000E+01 -4.6698271631E-07
  2.3520000000E+01 -4.6590145002E-07
  2.3688300000E+01 -4.6402186469E-07
  2.3857200000E+01 -4.6136278312E-07
  2.4026700000E+01 -4.5794400329E-07
  2.4196800000E+01 -4.5378624916E-07
  2.4367500000E+01 -4.4891112071E-07
  2.4538800000E+01 -4.4334104335E-07
  2.4710700000E+01 -4.3709921673E-07
  2.4883200000E+01 -4.3020956306E-07
  2.5056300000E+01 -4.2269667507E-07
  2.5230000000E+01 -4.1458576365E-07
  2.5404300000E+01 -4.0590260522E-07
  2.5579200000E+01 -3.9667348910E-07
  2.5754700000E+01 -3.8692516469E-07
  2.5930800000E+01 -3.7668478883E-07
  2.6107500000E+01 -3.6597987319E-07
  2.6284800000E+01 -3.5483823193E-07
  2.6462700000E+01 -3.4328792967E-07
  2.6641200000E+01 -3.3135722979E-07
  2.6820300000E+01 -3.1907454323E-07
  2.7000000000E+01 -3.0646837780E-07
  2.7180300000E+01 -2.9356728815E-07
  2.7361200000E+01 -2.8039982637E-07
  2.7542700000E+01 -2.6699449339E-07
  2.7724800000E+01 -2.5337969118E-07
  2.7907500000E+01 -2.3958367589E-07
  2.8090800000E+01 -2.2563451191E-07
  2.8274700000E+01 -2.1156002699E-07
  2.8459200000E+01 -1.9738776840E-07
  2.8644300000E+01 -1.8314496032E-07
  2.8830000000E+01 -1.6885846230E-07
  2.9016300000E+01 -1.5455472914E-07
  2.9203200000E+01 -1.4025977189E-07
  2.9390700000E+01 -1.2599912038E-07
  2.9578800000E+01 -1.1179778698E-07
  2.9767500000E+01 -9.7680231931E-08
  2.9956800000E+01 -8.3670330054E-08
  3.0146700000E+01 -6.9791339028E-08
  3.0337200000E+01 -5.6065869180E-08
  3.0528300000E+01 -4.2515854861E-08
  3.0720000000E+01 -2.9162527415E-08
  3.0912300000E+01 -1.6026389772E-08
  3.1105200000E+01 -3.1271926819E-09
  3.1298700000E+01  9.5160873873E-09
  3.1492800000E+01  2.1885268681E-08
  3.1687500000E+01  3.3962982902E-08
  3.1882800000E+01  4.5732692259E-08
  3.2078700000E+01  5.7178704818E-08
  3.2275200000E+01  6.8286188146E-08
  3.2472300000E+01  7.9041181260E-08
  3.2670000000E+01  8.9430604876E-08
  3.2868300000E+01  9.9442269956E-08
  3.3067200000E+01  1.0906488459E-07
  3.3266700000E+01  1.1828805918E-07
  3.3466800000E+01  1.2710231002E-07
  3.3667500000E+01  1.3549906115E-07
  3.3868800000E+01  1.4347064467E-07
  3.4070700000E+01  1.5101029943E-07
  3.4273200000E+01  1.5811216813E-07
  3.4476300000E+01  1.6477129289E-07
  3.4680000000E+01  1.7098360933E-07
  3.4884300000E+01  1.7674593907E-07
  3.5089200000E+01  1.8205598094E-07
  3.5294700000E+01  1.8691230059E-07
  3.5500800000E+01  1.9131431890E-07
  3.5707500000E+01  1.9526229889E-07
  3.5914800000E+01  1.9875733148E-07
  3.6122700000E+01  2.0180131990E-07
  3.6331200000E+01  2.0439696294E-07
  3.6540300000E+01  2.0654773700E-07
  3.6750000000E+01  2.0825787708E-07
  3.6960300000E+01  2.0953235668E-07
  3.7171200000E+01  2.1037686666E-07
  3.7382700000E+01  2.1079779322E-07
  3.7594800000E+01  2.1080219485E-07
  3.7807500000E+01  2.1039777856E-07
  3.8020800000E+01  2.0959287519E-07
  3.8234700000E+01  2.0839641406E-07
  3.8449200000E+01  2.0681789691E-07
  3.8664300000E+01  2.0486737115E-07
  3.8880000000E+01  2.0255540261E-07
  3.9096300000E+01  1.9989304775E-07
  3.9313200000E+01  1.9689182535E-07
  3.9530700000E+01  1.9356368788E-07
  3.9748800000E+01  1.8992099245E-07
  3.9967500000E+01  1.8597647154E-07
  4.0186800000E+01  1.8174320337E-07
  4.0406700000E+01  1.7723458228E-07
  4.0627200000E+01  1.7246428876E-07
  4.0848300000E+01  1.6744625965E-07
  4.1070000000E+01  1.6219465809E-07
  4.1292300000E+01  1.5672384374E-07
  4.1515200000E+01  1.5104834289E-07
  4.1738700000E+01  1.4518281886E-07
  4.1962800000E+01  1.3914204254E-07
  4.2187500000E+01  1.3294086317E-07
  4.2412800000E+01  1.2659417948E-07
  4.2638700000E+01  1.2011691106E-07
  4.2865200000E+01  1.1352397026E-07
  4.3092300000E+01  1.0683023443E-07
  4.3320000000E+01  1.0005051869E-07
  4.3548300000E+01  9.3199549214E-08
  4.3777200000E+01  8.6291937069E-08
  4.4006700000E+01  7.9342152691E-08
  4.4236800000E+01  7.2364500975E-08
  4.4467500000E+01  6.5373097067E-08
  4.4698800000E+01  5.8381842864E-08
  4.4930700000E+01  5.1404404261E-08
  4.5163200000E+01  4.4454189190E-08
  4.5396300000E+01  3.7544326453E-08
  4.5630000000E+01  3.0687645405E-08
  4.5864300000E+01  2.3896656494E-08
  4.6099200000E+01  1.7183532689E-08
  4.6334700000E+01  1.0560091815E-08
  4.6570800000E+01  4.0377798181E-09
  4.6807500000E+01 -2.3723450269E-09
  4.7044800000E+01 -8.6596269418E-09
  4.7282700000E+01 -1.4813826499E-08
  4.7521200000E+01 -2.0825133488E-08
  4.7760300000E+01 -2.6684178780E-08
  4.8000000000E+01 -3.2382045191E-08
  4.8240300000E+01 -3.7910277333E-08
  4.8481200000E+01 -4.3260890446E-08
  4.8722700000E+01 -4.8426378216E-08
  4.8964800000E+01 -5.3399719574E-08
  4.9207500000E+01 -5.8174384475E-08
  4.9450800000E+01 -6.2744338669E-08
  4.9694700000E+01 -6.7104047460E-08
  4.9939200000E+01 -7.1248478465E-08
  5.0184300000E+01 -7.5173103384E-08
  5.0430000000E+01 -7.8873898784E-08
  5.0676300000E+01 -8.2347345919E-08
  5.0923200000E+01 -8.5590429588E-08
  5.1170700000E+01 -8.8600636062E-08
  5.1418800000E+01 -9.1375950080E-08
  5.1667500000E+01 -9.3914850945E-08
  5.1916800000E+01 -9.6216307735E-08
  5.2166700000E+01 -9.8279773654E-08
  5.2417200000E+01 -1.0010517953E-07
  5.2668300000E+01 -1.0169292653E-07
  5.2920000000E+01 -1.0304387803E-07
  5.3172300000E+01 -1.0415935077E-07
  5.3425200000E+01 -1.0504110523E-07
  5.3678700000E+01 -1.0569133538E-07
  5.3932800000E+01 -1.0611265761E-07
  5.4187500000E+01 -1.0630809913E-07
  5.4442800000E+01 -1.0628108572E-07
  5.4698700000E+01 -1.0603542888E-07
  5.4955200000E+01 -1.0557531241E-07
  5.5212300000E+01 -1.0490527853E-07
  5.5470000000E+01 -1.0403021343E-07
  5.5728300000E+01 -1.0295533246E-07
  5.5987200000E+01 -1.0168616481E-07
  5.6246700000E+01 -1.0022853789E-07
  5.6506800000E+01 -9.8588561275E-08
  5.6767500000E+01 -9.6772610437E-08
  5.7028800000E+01 -9.4787310112E-08
  5.7290700000E+01 -9.2639517477E-08
  5.7553200000E+01 -9.0336305099E-08
  5.7816300000E+01 -8.7884943724E-08
  5.8080000000E+01 -8.5292884926E-08
  5.8344300000E+01 -8.2567743659E-08
  5.8609200000E+01 -7.9717280740E-08
  5.8874700000E+01 -7.6749385306E-08
  5.9140800000E+01 -7.3672057272E-08
  5.9407500000E+01 -7.0493389833E-08
  5.9674800000E+01 -6.7221552023E-08
  5.9942700000E+01 -6.3864771395E-08
  6.0211200000E+01 -6.0431316821E-08
  6.0480300000E+01 -5.6929481472E-08
  6.0750000000E+01 -5.3367565983E-08
  6.1020300000E+01 -4.9753861859E-08
  6.1291200000E+01 -4.6096635124E-08
  6.1562700000E+01 -4.2404110264E-08
  6.1834800000E+01 -3.8684454478E-08
  6.2107500000E+01 -3.4945762269E-08
  6.2380800000E+01 -3.1196040398E-08
  6.2654700000E+01 -2.7443193224E-08
  6.2929200000E+01 -2.3695008457E-08
  6.3204300000E+01 -1.9959143345E-08
  6.3480000000E+01 -1.6243111313E-08
  6.3756300000E+01 -1.2554269077E-08
  6.4033200000E+01 -8.8998042512E-09
  6.4310700000E+01 -5.2867234674E-09
  6.4588800000E+01 -1.7218410156E-09
  6.4867500000E+01  1.7882319682E-09
  6.5146800000E+01  5.2370977614E-09
  6.5426700000E+01  8.6185817453E-09
  6.5707200000E+01  1.1926741517E-08
  6.5988300000E+01  1.5155875409E-08
  6.6270000000E+01  1.8300530417E-08
  6.6552300000E+01  2.1355509514E-08
  6.6835200000E+01  2.4315878358E-08
  6.7118700000E+01  2.7176971379E-08
  6.7402800000E+01  2.9934397253E-08
  6.7687500000E+01  3.2584043740E-08
  6.7972800000E+01  3.5122081910E-08
  6.8258700000E+01  3.7544969742E-08
  6.8545200000E+01  3.9849455092E-08
  6.8832300000E+01  4.2032578054E-08
  6.9120000000E+01  4.4091672691E-08
  6.9408300000E+01  4.6024368166E-08
  6.9697200000E+01  4.7828589257E-08
  6.9986700000E+01  4.9502556279E-08
  7.0276800000E+01  5.1044784414E-08
  7.0567500000E+01  5.2454082459E-08
  7.0858800000E+01  5.3729551001E-08
  7.1150700000E+01  5.4870580037E-08
  7.1443200000E+01  5.5876846037E-08
  7.1736300000E+01  5.6748308483E-08
  7.2030000000E+01  5.7485205879E-08
  7.2324300000E+01  5.8088051258E-08
  7.2619200000E+01  5.8557627196E-08
  7.2914700000E+01  5.8894980359E-08
  7.3210800000E+01  5.9101415583E-08
  7.3507500000E+01  5.9178489525E-08
  7.3804800000E+01  5.9128003882E-08
  7.4102700000E+01  5.8951998221E-08
  7.4401200000E+01  5.8652742419E-08
  7.4700300000E+01  5.8232728740E-08
  7.5000000000E+01  5.7694663579E-08
  7.5300300000E+01  5.7041458877E-08
  7.5601200000E+01  5.6276223240E-08
  7.5902700000E+01  5.5402252785E-08
  7.6204800000E+01  5.4423021726E-08
  7.6507500000E+01  5.3342172728E-08
  7.6810800000E+01  5.2163507048E-08
  7.7114700000E+01  5.0890974497E-08
  7.7419200000E+01  4.9528663224E-08
  7.7724300000E+01  4.8080789370E-08
  7.8030000000E+01  4.6551686588E-08
  7.8336300000E+01  4.4945795479E-08
  7.8643200000E+01  4.3267652944E-08
  7.8950700000E+01  4.1521881489E-08
  7.9258800000E+01  3.9713178494E-08
  7.9567500000E+01  3.7846305480E-08
  7.9876800000E+01  3.5926077385E-08
  8.0186700000E+01  3.3957351877E-08
  8.0497200000E+01  3.1945018724E-08
  8.0808300000E+01  2.9893989235E-08
  8.1120000000E+01  2.7809185810E-08
  8.1432300000E+01  2.5695531593E-08
  8.1745200000E+01  2.3557940270E-08
  8.2058700000E+01  2.1401306027E-08
  8.2372800000E+01  1.9230493664E-08
  8.2687500000E+01  1.7050328924E-08
  8.3002800000E+01  1.4865589011E-08
  8.3318700000E+01  1.2680993344E-08
  8.3635200000E+01  1.0501194549E-08
  8.3952300000E+01  8.3307697100E-09
  8.4270000000E+01  6.1742118846E-09
  8.4588300000E+01  4.0359219123E-09
  8.4907200000E+01  1.9202005146E-09
  8.5226700000E+01 -1.6875929182E-10
  8.5546800000E+01 -2.2268794615E-09
  8.5867500000E+01 -4.2502038542E-09
  8.6188800000E+01 -6.2349048262E-09
  8.6510700000E+01 -8.1772894711E-09
  8.6833200000E+01 -1.0073805501E-08
  8.7156300000E+01 -1.1921046758E-08
  8.7480000000E+01 -1.3715758359E-08
  8.7804300000E+01 -1.5454841451E-08
  8.8129200000E+01 -1.7135357592E-08
  8.8454700000E+01 -1.8754532734E-08
  8.8780800000E+01 -2.0309760824E-08
  8.9107500000E+01 -2.1798607002E-08
  8.9434800000E+01 -2.3218810411E-08
  8.9762700000E+01 -2.4568286601E-08
  9.0091200000E+01 -2.5845129547E-08
  9.0420300000E+01 -2.7047613261E-08
  9.0750000000E+01 -2.8174193020E-08
  9.1080300000E+01 -2.9223506195E-08
  9.1411200000E+01 -3.0194372693E-08
  9.1742700000E+01 -3.1085795015E-08
  9.2074800000E+01 -3.1896957937E-08
  9.2407500000E+01 -3.2627227810E-08
  9.2740800000E+01 -3.3276151499E-08
  9.3074700000E+01 -3.3843454952E-08
  9.3409200000E+01 -3.4329041425E-08
  9.3744300000E+01 -3.4732989348E-08
  9.4080000000E+01 -3.5055549868E-08
  9.4416300000E+01 -3.5297144052E-08
  9.4753200000E+01 -3.5458359774E-08
  9.5090700000E+01 -3.5539948302E-08
  9.5428800000E+01 -3.5542820575E-08
  9.5767500000E+01 -3.5468043204E-08
  9.6106800000E+01 -3.5316834192E-08
  9.6446700000E+01 -3.5090558401E-08
  9.6787200000E+01 -3.4790722757E-08
  9.7128300000E+01 -3.4418971233E-08
  9.7470000000E+01 -3.3977079592E-08
  9.7812300000E+01 -3.3466949942E-08
  9.8155200000E+01 -3.2890605071E-08
  9.8498700000E+01 -3.2250182621E-08
  9.8842800000E+01 -3.1547929085E-08
  9.9187500000E+01 -3.0786193651E-08
  9.9532800000E+01 -2.9967421911E-08
  9.9878700000E+01 -2.9094149443E-08
  1.0022520000E+02 -2.8168995291E-08
  1.0057230000E+02 -2.7194655344E-08
  1.0092000000E+02 -2.6173895638E-08
  1.0126830000E+02 -2.5109545601E-08
  1.0161720000E+02 -2.4004491236E-08
  1.0196670000E+02 -2.2861668282E-08
  1.0231680000E+02 -2.1684055347E-08
  1.0266750000E+02 -2.0474667042E-08
  1.0301880000E+02 -1.9236547120E-08
  1.0337070000E+02 -1.7972761637E-08
  1.0372320000E+02 -1.6686392159E-08
  1.0407630000E+02 -1.5380529009E-08
  1.0443000000E+02 -1.4058264585E-08
  1.0478430000E+02 -1.2722686757E-08
  1.0513920000E+02 -1.1376872349E-08
  1.0549470000E+02 -1.0023880730E-08
  1.0585080000E+02 -8.6667475139E-09
  1.0620750000E+02 -7.3084783955E-09
  1.0656480000E+02 -5.9520431157E-09
  1.0692270000E+02 -4.6003695819E-09
  1.0728120000E+02 -3.2563381463E-09
  1.0764030000E+02 -1.9227760551E-09
  1.0800000000E+02 -6.0245207669E-10
  1.0836030000E+02  7.0192868081E-10
  1.0872120000E+02  1.9877297547E-09
  1.0908270000E+02  3.2523881073E-09
  1.0944480000E+02  4.4934186924E-09
  1.0980750000E+02  5.7084188014E-09
  1.1017080000E+02  6.8950721828E-09
  1.1053470000E+02  8.0511529284E-09
  1.1089920000E+02  9.1745291221E-09
  1.1126430000E+02  1.0263166245E-08
  1.1163000000E+02  1.1315130334E-08
  1.1199630000E+02  1.2328590887E-08
  1.1236320000E+02  1.3301823517E-08
  1.1273070000E+02  1.4233212347E-08
  1.1309880000E+02  1.5121252146E-08
  1.1346750000E+02  1.5964550207E-08
  1.1383680000E+02  1.6761827960E-08
  1.1420670000E+02  1.7511922324E-08
  1.1457720000E+02  1.8213786802E-08
  1.1494830000E+02  1.8866492309E-08
  1.1532000000E+02  1.9469227741E-08
  1.1569230000E+02  2.0021300294E-08
  1.1606520000E+02  2.0522135516E-08
  1.1643870000E+02  2.0971277116E-08
  1.1681280000E+02  2.1368386519E-08
  1.1718750000E+02  2.1713242172E-08
  1.1756280000E+02  2.2005738621E-08
  1.1793870000E+02  2.2245885337E-08
  1.1831520000E+02  2.2433805320E-08
  1.1869230000E+02  2.2569733476E-08
  1.1907000000E+02  2.2654014768E-08
  1.1944830000E+02  2.2687102163E-08
  1.1982720000E+02  2.2669554368E-08
  1.2020670000E+02  2.2602033365E-08
  1.2058680000E+02  2.2485301755E-08
  1.2096750000E+02  2.2320219922E-08
  1.2134880000E+02  2.2107743015E-08
  1.2173070000E+02  2.1848917770E-08
  1.2211320000E+02  2.1544879162E-08
  1.2249630000E+02  2.1196846917E-08
  1.2288000000E+02  2.0806121882E-08
  1.2326430000E+02  2.0374082255E-08
  1.2364920000E+02  1.9902179706E-08
  1.2403470000E+02  1.9391935372E-08
  1.2442080000E+02  1.8844935758E-08
  1.2480750000E+02  1.8262828546E-08
  1.2519480000E+02  1.7647318312E-08
  1.2558270000E+02  1.7000162180E-08
  1.2597120000E+02  1.6323165409E-08
  1.2636030000E+02  1.5618176925E-08
  1.2675000000E+02  1.4887084816E-08
  1.2714030000E+02  1.4131811788E-08
  1.2753120000E+02  1.3354310605E-08
  1.2792270000E+02  1.2556559510E-08
  1.2831480000E+02  1.1740557650E-08
  1.2870750000E+02  1.0908320501E-08
  1.2910080000E+02  1.0061875316E-08
  1.2949470000E+02  9.2032565959E-09
  1.2988920000E+02  8.3345015965E-09
  1.3028430000E+02  7.4576458818E-09
  1.3068000000E+02  6.5747189291E-09
  1.3107630000E+02  5.6877397986E-09
  1.3147320000E+02  4.7987128727E-09
  1.3187070000E+02  3.9096236761E-09
  1.3226880000E+02  3.0224347825E-09
  1.3266750000E+02  2.1390818172E-09
  1.3306680000E+02  1.2614695624E-09
  1.3346670000E+02  3.9146817236E-10
  1.3386720000E+02 -4.6909049390E-10
  1.3426830000E+02 -1.3184164172E-09
  1.3467000000E+02 -2.1547648327E-09
  1.3507230000E+02 -2.9764395082E-09
  1.3547520000E+02 -3.7817958825E-09
  1.3587870000E+02 -4.5692440563E-09
  1.3628280000E+02 -5.3372516323E-09
  1.3668750000E+02 -6.0843464000E-09
  1.3709280000E+02 -6.8091188603E-09
  1.3749870000E+02 -7.5102245873E-09
  1.3790520000E+02 -8.1863864229E-09
  1.3831230000E+02 -8.8363965021E-09
  1.3872000000E+02 -9.4591181066E-09
  1.3912830000E+02 -1.0053487343E-08
  1.3953720000E+02 -1.0618514648E-08
  1.3994670000E+02 -1.1153286111E-08
  1.4035680000E+02 -1.1656964625E-08
  1.4076750000E+02 -1.2128790854E-08
  1.4117880000E+02 -1.2568084023E-08
  1.4159070000E+02 -1.2974242530E-08
  1.4200320000E+02 -1.3346744381E-08
  1.4241630000E+02 -1.3685147441E-08
  1.4283000000E+02 -1.3989089521E-08
  1.4324430000E+02 -1.4258288280E-08
  1.4365920000E+02 -1.4492540961E-08
  1.4407470000E+02 -1.4691723956E-08
  1.4449080000E+02 -1.4855792203E-08
  1.4490750000E+02 -1.4984778422E-08
  1.4532480000E+02 -1.5078792186E-08
  1.4574270000E+02 -1.5138018841E-08
  1.4616120000E+02 -1.5162718269E-08
  1.4658030000E+02 -1.5153223503E-08
  1.4700000000E+02 -1.5109939202E-08
  1.4742030000E+02 -1.5033339979E-08
  1.4784120000E+02 -1.4923968606E-08
  1.4826270000E+02 -1.4782434080E-08
  1.4868480000E+02 -1.4609409571E-08
  1.4910750000E+02 -1.4405630251E-08
  1.4953080000E+02 -1.4171891016E-08
  1.4995470000E+02 -1.3909044092E-08
  1.5037920000E+02 -1.3617996553E-08
  1.5080430000E+02 -1.3299707741E-08
  1.5123000000E+02 -1.2955186599E-08
  1.5165630000E+02 -1.2585488926E-08
  1.5208320000E+02 -1.2191714559E-08
  1.5251070000E+02 -1.1775004490E-08
  1.5293880000E+02 -1.1336537921E-08
  1.5336750000E+02 -1.0877529271E-08
  1.5379680000E+02 -1.0399225131E-08
  1.5422670000E+02 -9.9029011925E-09
  1.5465720000E+02 -9.3898591330E-09
  1.5508830000E+02 -8.8614234844E-09
  1.5552000000E+02 -8.3189384831E-09
  1.5595230000E+02 -7.7637649097E-09
  1.5638520000E+02 -7.1972769263E-09
  1.5681870000E+02 -6.6208589173E-09
  1.5725280000E+02 -6.0359023410E-09
  1.5768750000E+02 -5.4438025991E-09
  1.5812280000E+02 -4.8459559299E-09
  1.5855870000E+02 -4.2437563320E-09
  1.5899520000E+02 -3.6385925250E-09
  1.5943230000E+02 -3.0318449533E-09
  1.5987000000E+02 -2.4248828394E-09
  1.6030830000E+02 -1.8190612914E-09
  1.6074720000E+02 -1.2157184727E-09
  1.6118670000E+02 -6.1617283627E-10
  1.6162680000E+02 -2.1720432127E-11
  1.6206750000E+02  5.6636770935E-10
  1.6250880000E+02  1.1468481121E-09
  1.6295070000E+02  1.7185073029E-09
  1.6339320000E+02  2.2801641688E-09
  1.6383630000E+02  2.8306722200E-09
  1.6428000000E+02  3.3689217532E-09
  1.6472430000E+02  3.8938419129E-09
  1.6516920000E+02  4.4044026462E-09
  1.6561470000E+02  4.8996165485E-09
  1.6606080000E+02  5.3785405967E-09
  1.6650750000E+02  5.8402777682E-09
  1.6695480000E+02  6.2839785417E-09
  1.6740270000E+02  6.7088422799E-09
  1.6785120000E+02  7.1141184897E-09
  1.6830030000E+02  7.4991079611E-09
  1.6875000000E+02  7.8631637812E-09
  1.6920030000E+02  8.2056922240E-09
  1.6965120000E+02  8.5261535138E-09
  1.7010270000E+02  8.8240624635E-09
  1.7055480000E+02  9.0989889863E-09
  1.7100750000E+02  9.3505584815E-09
  1.7146080000E+02  9.5784520946E-09
  1.7191470000E+02  9.7824068526E-09
  1.7236920000E+02  9.9622156757E-09
  1.7282430000E+02  1.0117727265E-08
  1.7328000000E+02  1.0248845872E-08
  1.7373630000E+02  1.0355530942E-08
  1.7419320000E+02  1.0437796649E-08
  1.7465070000E+02  1.0495711308E-08
  1.7510880000E+02  1.0529396674E-08
  1.7556750000E+02  1.0539027140E-08
  1.7602680000E+02  1.0524828811E-08
  1.7648670000E+02  1.0487078494E-08
  1.7694720000E+02  1.0426102564E-08
  1.7740830000E+02  1.0342275754E-08
  1.7787000000E+02  1.0236019835E-08
  1.7833230000E+02  1.0107802214E-08
  1.7879520000E+02  9.9581344404E-09
  1.7925870000E+02  9.7875706347E-09
  1.7972280000E+02  9.5967058365E-09
  1.8018750000E+02  9.3861742785E-09
  1.8065280000E+02  9.1566475929E-09
  1.8111870000E+02  8.9088329513E-09
  1.8158520000E+02  8.6434711464E-09
  1.8205230000E+02  8.3613346171E-09
  1.8252000000E+02  8.0632254241E-09
  1.8298830000E+02  7.7499731801E-09
  1.8345720000E+02  7.4224329389E-09
  1.8392670000E+02  7.0814830501E-09
  1.8439680000E+02  6.7280229822E-09
  1.8486750000E+02  6.3629711218E-09
  1.8533880000E+02  5.9872625513E-09
  1.8581070000E+02  5.6018468120E-09
  1.8628320000E+02  5.2076856572E-09
  1.8675630000E+02  4.8057507995E-09
  1.8723000000E+02  4.3970216593E-09
  1.8770430000E+02  3.9824831162E-09
  1.8817920000E+02  3.5631232719E-09
  1.8865470000E+02  3.1399312268E-09
  1.8913080000E+02  2.7138948756E-09
  1.8960750000E+02  2.2859987272E-09
  1.9008480000E+02  1.8572217532E-09
  1.9056270000E+02  1.4285352691E-09
  1.9104120000E+02  1.0009008524E-09
  1.9152030000E+02  5.7526830301E-10
  1.9200000000E+02  1.5257364823E-10
  1.9248030000E+02 -2.6626280178E-10
  1.9296120000E+02 -6.8033834601E-10
  1.9344270000E+02 -1.0887697272E-09
  1.9392480000E+02 -1.4906949060E-09
  1.9440750000E+02 -1.8852747718E-09
  1.9489080000E+02 -2.2716947859E-09
  1.9537470000E+02 -2.6491665553E-09
  1.9585920000E+02 -3.0169293332E-09
  1.9634430000E+02 -3.3742514450E-09
  1.9683000000E+02 -3.7204316359E-09
  1.9731630000E+02 -4.0548003382E-09
  1.9780320000E+02 -4.3767208572E-09
  1.9829070000E+02 -4.6855904730E-09
  1.9877880000E+02 -4.9808414566E-09
  1.9926750000E+02 -5.2619419989E-09
  1.9975680000E+02 -5.5283970518E-09
  2.0024670000E+02 -5.7797490798E-09
  2.0073720000E+02 -6.0155787219E-09
  2.0122830000E+02 -6.2355053621E-09
  2.0172000000E+02 -6.4391876094E-09
  2.0221230000E+02 -6.6263236862E-09
  2.0270520000E+02 -6.7966517253E-09
  2.0319870000E+02 -6.9499499761E-09
  2.0369280000E+02 -7.0860369195E-09
  2.0418750000E+02 -7.2047712929E-09
  2.0468280000E+02 -7.3060520260E-09
  2.0517870000E+02 -7.3898180876E-09
  2.0567520000E+02 -7.4560482455E-09
  2.0617230000E+02 -7.5047607404E-09
  2.0667000000E+02 -7.5360128752E-09
  2.0716830000E+02 -7.5499005216E-09
  2.0766720000E+02 -7.5465575459E-09
  2.0816670000E+02 -7.5261551552E-09
  2.0866680000E+02 -7.4889011680E-09
  2.0916750000E+02 -7.4350392091E-09
  2.0966880000E+02 -7.3648478335E-09
  2.1017070000E+02 -7.2786395801E-09
  2.1067320000E+02 -7.1767599591E-09
  2.1117630000E+02 -7.0595863760E-09
  2.1168000000E+02 -6.9275269931E-09
  2.1218430000E+02 -6.7810195355E-09
  2.1268920000E+02 -6.6205300401E-09
  2.1319470000E+02 -6.4465515550E-09
  2.1370080000E+02 -6.2596027898E-09
  2.1420750000E+02 -6.0602267211E-09
  2.1471480000E+02 -5.8489891580E-09
  2.1522270000E+02 -5.6264772686E-09
  2.1573120000E+02 -5.3932980733E-09
  2.1624030000E+02 -5.1500769072E-09
  2.1675000000E+02 -4.8974558563E-09
  2.1726030000E+02 -4.6360921700E-09
  2.1777120000E+02 -4.3666566550E-09
  2.1828270000E+02 -4.0898320530E-09
  2.1879480000E+02 -3.8063114069E-09
  2.1930750000E+02 -3.5167964185E-09
  2.1982080000E+02 -3.2219958021E-09
  2.2033470000E+02 -2.9226236376E-09
  2.2084920000E+02 -2.6193977256E-09
  2.2136430000E+02 -2.3130379494E-09
  2.2188000000E+02 -2.0042646481E-09
  2.2239630000E+02 -1.6937970015E-09
  2.2291320000E+02 -1.3823514330E-09
  2.2343070000E+02 -1.0706400337E-09
  2.2394880000E+02 -7.5936900844E-10
  2.2446750000E+02 -4.4923715021E-10
  2.2498680000E+02 -1.4093434432E-10
  2.2550670000E+02  1.6485989445E-10
  2.2602720000E+02  4.6747784855E-10
  2.2654830000E+02  7.6626498515E-10
  2.2707000000E+02  1.0605813023E-09
  2.2759230000E+02  1.3498026304E-09
  2.2811520000E+02  1.6333218873E-09
  2.2863870000E+02  1.9105502840E-09
  2.2916280000E+02  2.1809184786E-09
  2.2968750000E+02  2.4438776773E-09
  2.3021280000E+02  2.6989006798E-09
  2.3073870000E+02  2.9454828669E-09
  2.3126520000E+02  3.1831431295E-09
  2.3179230000E+02  3.4114247372E-09
  2.3232000000E+02  3.6298961440E-09
  2.3284830000E+02  3.8381517320E-09
  2.3337720000E+02  4.0358124900E-09
  2.3390670000E+02  4.2225266271E-09
  2.3443680000E+02  4.3979701199E-09
  2.3496750000E+02  4.5618471933E-09
  2.3549880000E+02  4.7138907345E-09
  2.3603070000E+02  4.8538626384E-09
  2.3656320000E+02  4.9815540861E-09
  2.3709630000E+02  5.0967857554E-09
  2.3763000000E+02  5.1994079638E-09
  2.3816430000E+02  5.2893007438E-09
  2.3869920000E+02  5.3663738516E-09
  2.3923470000E+02  5.4305667088E-09
  2.3977080000E+02  5.4818482796E-09
  2.4030750000E+02  5.5202168813E-09
  2.4084480000E+02  5.5456999329E-09
  2.4138270000E+02  5.5583536391E-09
  2.4192120000E+02  5.5582626142E-09
  2.4246030000E+02  5.5455394449E-09
  2.4300000000E+02  5.5203241947E-09
  2.4354030000E+02  5.4827838511E-09
  2.4408120000E+02  5.4331117178E-09
  2.4462270000E+02  5.3715267524E-09
  2.4516480000E+02  5.2982728538E-09
  2.4570750000E+02  5.2136180988E-09
  2.4625080000E+02  5.1178539319E-09
  2.4679470000E+02  5.0112943092E-09
  2.4733920000E+02  4.8942748002E-09
  2.4788430000E+02  4.7671516481E-09
  2.4843000000E+02  4.6303007922E-09
  2.4897630000E+02  4.4841168551E-09
  2.4952320000E+02  4.3290120954E-09
  2.5007070000E+02  4.1654153318E-09
  2.5061880000E+02  3.9937708372E-09
  2.5116750000E+02  3.8145372096E-09
  2.5171680000E+02  3.6281862191E-09
  2.5226670000E+02  3.4352016355E-09
  2.5281720000E+02  3.2360780397E-09
  2.5336830000E+02  3.0313196201E-09
  2.5392000000E+02  2.8214389581E-09
  2.5447230000E+02  2.6069558049E-09
  2.5502520000E+02  2.3883958526E-09
  2.5557870000E+02  2.1662895025E-09
  2.5613280000E+02  1.9411706326E-09
  2.5668750000E+02  1.7135753689E-09
  2.5724280000E+02  1.4840408606E-09
  2.5779870000E+02  1.2531040642E-09
  2.5835520000E+02  1.0213005376E-09
  2.5891230000E+02  7.8916324827E-10
  2.5947000000E+02  5.5722139597E-10
  2.6002830000E+02  3.2599925489E-10
  2.6058720000E+02  9.6015035824E-11
  2.6114670000E+02 -1.3222022848E-10
  2.6170680000E+02 -3.5820377247E-10
  2.6226750000E+02 -5.8144215947E-10
  2.6282880000E+02 -8.0145231370E-10
  2.6339070000E+02 -1.0177625203E-09
  2.6395320000E+02 -1.2299133919E-09
  2.6451630000E+02 -1.4374587993E-09
  2.6508000000E+02 -1.6399667648E-09
  2.6564430000E+02 -1.8370203165E-09
  2.6620920000E+02 -2.0282183021E-09
  2.6677470000E+02 -2.2131761597E-09
  2.6734080000E+02 -2.3915266465E-09
  2.6790750000E+02 -2.5629205209E-09
  2.6847480000E+02 -2.7270271802E-09
  2.6904270000E+02 -2.8835352504E-09
  2.6961120000E+02 -3.0321531279E-09
  2.7018030000E+02 -3.1726094734E-09
  2.7075000000E+02 -3.3046536551E-09
  2.7132030000E+02 -3.4280561426E-09
  2.7189120000E+02 -3.5426088499E-09
  2.7246270000E+02 -3.6481254276E-09
  2.7303480000E+02 -3.7444415041E-09
  2.7360750000E+02 -3.8314148752E-09
  2.7418080000E+02 -3.9089256425E-09
  2.7475470000E+02 -3.9768763007E-09
  2.7532920000E+02 -4.0351917741E-09
  2.7590430000E+02 -4.0838194019E-09
  2.7648000000E+02 -4.1227288739E-09
  2.7705630000E+02 -4.1519121164E-09
  2.7763320000E+02 -4.1713831286E-09
  2.7821070000E+02 -4.1811777715E-09
  2.7878880000E+02 -4.1813535089E-09
  2.7936750000E+02 -4.1719891023E-09
  2.7994680000E+02 -4.1531842600E-09
  2.8052670000E+02 -4.1250592428E-09
  2.8110720000E+02 -4.0877544253E-09
  2.8168830000E+02 -4.0414298174E-09
  2.8227000000E+02 -3.9862645436E-09
  2.8285230000E+02 -3.9224562853E-09
  2.8343520000E+02 -3.8502206844E-09
  2.8401870000E+02 -3.7697907125E-09
  2.8460280000E+02 -3.6814160051E-09
  2.8518750000E+02 -3.5853621650E-09
  2.8577280000E+02 -3.4819100337E-09
  2.8635870000E+02 -3.3713549362E-09
  2.8694520000E+02 -3.2540058976E-09
  2.8753230000E+02 -3.1301848366E-09
  2.8812000000E+02 -3.0002257350E-09
  2.8870830000E+02 -2.8644737879E-09
  2.8929720000E+02 -2.7232845348E-09
  2.8988670000E+02 -2.5770229744E-09
  2.9047680000E+02 -2.4260626654E-09
  2.9106750000E+02 -2.2707848147E-09
  2.9165880000E+02 -2.1115773563E-09
  2.9225070000E+02 -1.9488340213E-09
  2.9284320000E+02 -1.7829534037E-09
  2.9343630000E+02 -1.6143380210E-09
  2.9403000000E+02 -1.4433933748E-09
  2.9462430000E+02 -1.2705270109E-09
  2.9521920000E+02 -1.0961475831E-09
  2.9581470000E+02 -9.2066392123E-10
  2.9641080000E+02 -7.4448410676E-10
  2.9700750000E+02 -5.6801455656E-10
  2.9760480000E+02 -3.9165911819E-10
  2.9820270000E+02 -2.1581817785E-10
  2.9880120000E+02 -4.0887783039E-11
  2.9940030000E+02  1.3274121808E-10
  3.0000000000E+02  3.0468401878E-10
