  2.061153622439000E-007  3.931089385639254E-015
  2.081868560730650E-007  4.010501747373733E-015
  2.102791687613270E-007  4.091519949319671E-015
  2.123925095416982E-007  4.174173920938515E-015
  2.145270897500181E-007  4.258497763468887E-015
  2.166831228460860E-007  4.344524788509367E-015
  2.188608244350085E-007  4.432291305678328E-015
  2.210604122887591E-007  4.521829024597524E-015
  2.232821063679562E-007  4.613175205798990E-015
  2.255261288438591E-007  4.706366340734945E-015
  2.277927041205855E-007  4.801443313445846E-015
  2.300820588575518E-007  4.898437164043660E-015
  2.323944219921395E-007  4.997393726060894E-015
  2.347300247625892E-007  5.098347657762115E-015
  2.370891007311241E-007  5.201340678697322E-015
  2.394718858073070E-007  5.306413760627464E-015
  2.418786182716312E-007  5.413609773692413E-015
  2.443095387993488E-007  5.522970839387821E-015
  2.467648904845383E-007  5.634541003380449E-015
  2.492449188644143E-007  5.748367632294596E-015
  2.517498719438816E-007  5.864494670345693E-015
  2.542800002203354E-007  5.982962544118886E-015
  2.568355567087120E-007  6.103825970665296E-015
  2.594167969667899E-007  6.227126624149964E-015
  2.620239791207458E-007  6.352926185022500E-015
  2.646573638909678E-007  6.481264890415568E-015
  2.673172146181275E-007  6.612194706683482E-015
  2.700037972895140E-007  6.745771143086982E-015
  2.727173805656335E-007  6.882047653405796E-015
  2.754582358070747E-007  7.021072720653591E-015
  2.782266371016460E-007  7.162906924007259E-015
  2.810228612917836E-007  7.307608825932358E-015
  2.838471880022370E-007  7.455232013657324E-015
  2.866998996680307E-007  7.605839514533358E-015
  2.895812815627086E-007  7.759489397764727E-015
  2.924916218268613E-007  7.916240516710654E-015
  2.954312114969406E-007  8.076158425890025E-015
  2.984003445343630E-007  8.239309599279295E-015
  3.013993178549066E-007  8.405752488317238E-015
  3.044284313584026E-007  8.575561299350004E-015
  3.074879879587257E-007  8.748799251448750E-015
  3.105782936140856E-007  8.925539489764679E-015
  3.136996573576229E-007  9.105844012161003E-015
  3.168523913283132E-007  9.289797030257695E-015
  3.200368108021809E-007  9.477465541028417E-015
  3.232532342238271E-007  9.668917419919695E-015
  3.265019832382742E-007  9.864243170576329E-015
  3.297833827231311E-007  1.006351590146355E-014
  3.330977608210807E-007  1.026681283034429E-014
  3.364454489726948E-007  1.047421537320458E-014
  3.398267819495783E-007  1.068581240298064E-014
  3.432420978878466E-007  1.090167812961299E-014
  3.466917383219398E-007  1.112191011921467E-014
  3.501760482187759E-007  1.134659126851975E-014
  3.536953760122483E-007  1.157580558012497E-014
  3.572500736380690E-007  1.180965116917504E-014
  3.608404965689629E-007  1.204822101077109E-014
  3.644670038502152E-007  1.229161263569183E-014
  3.681299581355759E-007  1.253991833285073E-014
  3.718297257235262E-007  1.279324157049147E-014
  3.755666765939080E-007  1.305168060364656E-014
  3.793411844449224E-007  1.331534506131920E-014
  3.831536267305001E-007  1.358433602569836E-014
  3.870043846980465E-007  1.385875594005168E-014
  3.908938434265675E-007  1.413872221632185E-014
  3.948223918651771E-007  1.442434026803600E-014
  3.987904228719929E-007  1.471572721307916E-014
  4.027983332534224E-007  1.501301214671237E-014
  4.068465238038437E-007  1.531629134866787E-014
  4.109353993456852E-007  1.562569015201695E-014
  4.150653687699086E-007  1.594135665016233E-014
  4.192368450768980E-007  1.626339889478116E-014
  4.234502454177603E-007  1.659193337923243E-014
  4.277059911360407E-007  1.692712077678449E-014
  4.320045078098576E-007  1.726907414064223E-014
  4.363462252944604E-007  1.761793666630630E-014
  4.407315777652157E-007  1.797383912513191E-014
  4.451610037610251E-007  1.833692853643157E-014
  4.496349462281793E-007  1.870736126016768E-014
  4.541538525646534E-007  1.908526657253176E-014
  4.587181746648468E-007  1.947082694446982E-014
  4.633283689647730E-007  1.986416095845086E-014
  4.679848964877040E-007  2.026544065526013E-014
  4.726882228902725E-007  2.067483306153216E-014
  4.774388185090382E-007  2.109249251815488E-014
  4.822371584075218E-007  2.151858297615291E-014
  4.870837224237117E-007  2.195328579460362E-014
  4.919789952180485E-007  2.239676202064190E-014
  4.969234663218909E-007  2.284921314878866E-014
  5.019176301864698E-007  2.331079738742202E-014
  5.069619862323334E-007  2.378169819384518E-014
  5.120570388992901E-007  2.426212487731266E-014
  5.172032976968522E-007  2.475225066796266E-014
  5.224012772551882E-007  2.525228248394011E-014
  5.276514973765856E-007  2.576242226051338E-014
  5.329544830874317E-007  2.628285884794390E-014
  5.383107646907167E-007  2.681379157124364E-014
  5.437208778190647E-007  2.735547855122050E-014
  5.491853634882967E-007  2.790810924390137E-014
  5.547047681515337E-007  2.847189172626834E-014
  5.602796437538412E-007  2.904706126423136E-014
  5.659105477874254E-007  2.963385642077202E-014
  5.715980433473820E-007  3.023249443572026E-014
  5.773426991880067E-007  3.084324498321501E-014
  5.831450897796707E-007  3.146631522583669E-014
  5.890057953662685E-007  3.210197333711207E-014
  5.949254020232427E-007  3.275047452935899E-014
  6.009045017161921E-007  3.341207752868531E-014
  6.069436923600686E-007  3.408705308192259E-014
  6.130435778789690E-007  3.477565016132364E-014
  6.192047682665288E-007  3.547818946071311E-014
  6.254278796469210E-007  3.619488460831091E-014
  6.317135343364694E-007  3.692606406036244E-014
  6.380623609058812E-007  3.767201763961665E-014
  6.444749942431040E-007  3.843303913490177E-014
  6.509520756168154E-007  3.920944388514092E-014
  6.574942527405504E-007  4.000151637424464E-014
  6.641021798374731E-007  4.080961570112906E-014
  6.707765177057999E-007  4.163401713736128E-014
  6.775179337848795E-007  4.247507101471685E-014
  6.843271022219378E-007  4.333313261341432E-014
  6.912047039394927E-007  4.420850798955292E-014
  6.981514267034474E-007  4.510159799994265E-014
  7.051679651918673E-007  4.601269979065409E-014
  7.122550210644483E-007  4.694222430106820E-014
  7.194133030326836E-007  4.789053309450004E-014
  7.266435269307352E-007  4.885797410374295E-014
  7.339464157870182E-007  4.984495572323133E-014
  7.413226998965040E-007  5.085191081901214E-014
  7.487731168937503E-007  5.187918438130681E-014
  7.562984118266657E-007  5.292720140287889E-014
  7.638993372310146E-007  5.399643081500127E-014
  7.715766532056714E-007  5.508721462642581E-014
  7.793311274886315E-007  5.620009093345809E-014
  7.871635355337853E-007  5.733539369271583E-014
  7.950746605884642E-007  5.849365460341186E-014
  8.030652937717663E-007  5.967529627025701E-014
  8.111362341536690E-007  6.088082517074273E-014
  8.192882888349362E-007  6.211069592237445E-014
  8.275222730278293E-007  6.336544832630215E-014
  8.358390101376295E-007  6.464551064510732E-014
  8.442393318449782E-007  6.595143641771473E-014
  8.527240781890465E-007  6.728374690549367E-014
  8.612940976515395E-007  6.864299070437166E-014
  8.699502472415452E-007  7.002966321372912E-014
  8.786933925812359E-007  7.144434785555787E-014
  8.875244079924318E-007  7.288761577454796E-014
  8.964441765840330E-007  7.436004599922256E-014
  9.054535903403319E-007  7.586222552714429E-014
  9.145535502102119E-007  7.739472861907305E-014
  9.237449661972436E-007  7.895822084495124E-014
  9.330287574506850E-007  8.055327225391492E-014
  9.424058523573979E-007  8.218056590741923E-014
  9.518771886346875E-007  8.384073090793366E-014
  9.614437134240741E-007  8.553440486458275E-014
  9.711063833860089E-007  8.726229825923495E-014
  9.808661647955404E-007  8.902508848701029E-014
  9.907240336389425E-007  9.082350544722863E-014
  1.000680975711315E-006  9.265828922943492E-014
  1.010737986715162E-006  9.453012465059267E-014
  1.020896072359964E-006  9.643974956054866E-014
  1.031156248462753E-006  9.838795603951850E-014
  1.041519541049687E-006  1.003755028602205E-013
  1.051986986458663E-006  1.024032482925688E-013
  1.062559631442943E-006  1.044719731600043E-013
  1.073238533275836E-006  1.065824237736016E-013
  1.084024759856425E-006  1.087356278255909E-013
  1.094919389816357E-006  1.109321733028776E-013
  1.105923512627707E-006  1.131731575400440E-013
  1.117038228711926E-006  1.154594186145120E-013
  1.128264649549883E-006  1.177918519333171E-013
  1.139603897793020E-006  1.201714115087463E-013
  1.151057107375609E-006  1.225990646008407E-013
  1.162625423628153E-006  1.250756980900823E-013
  1.174310003391917E-006  1.276023989950744E-013
  1.186112015134616E-006  1.301801278224233E-013
  1.198032639067258E-006  1.328099531475438E-013
  1.210073067262170E-006  1.354929106395989E-013
  1.222234503772207E-006  1.382300500973614E-013
  1.234518164751152E-006  1.410224839143412E-013
  1.246925278575342E-006  1.438712913318104E-013
  1.259457085966497E-006  1.467776637853094E-013
  1.272114840115799E-006  1.497427603762837E-013
  1.284899806809213E-006  1.527678054036447E-013
  1.297813264554060E-006  1.558538916249200E-013
  1.310856504706878E-006  1.590024247794144E-013
  1.324030831602551E-006  1.622144807791848E-013
  1.337337562684746E-006  1.654914005778497E-013
  1.350778028637662E-006  1.688345944638858E-013
  1.364353573519093E-006  1.722452387894709E-013
  1.378065554894842E-006  1.757247802752031E-013
  1.391915343974472E-006  1.792747373608317E-013
  1.405904325748432E-006  1.828962892500188E-013
  1.420033899126559E-006  1.865910961664597E-013
  1.434305477077963E-006  1.903604779725317E-013
  1.448720486772334E-006  1.942059286734954E-013
  1.463280369722653E-006  1.981291731313013E-013
  1.477986581929349E-006  2.021317496522108E-013
  1.492840594025897E-006  2.062150049623413E-013
  1.507843891425886E-006  2.103807832345787E-013
  1.522997974471558E-006  2.146307406978530E-013
  1.538304358583846E-006  2.189665562775064E-013
  1.553764574413918E-006  2.233898776382200E-013
  1.569380167996239E-006  2.279026469110551E-013
  1.585152700903180E-006  2.325065055468990E-013
  1.601083750401178E-006  2.372037217401143E-013
  1.617174909608456E-006  2.419953810423035E-013
  1.633427787654345E-006  2.468840237847992E-013
  1.649844009840194E-006  2.518714472849460E-013
  1.666425217801901E-006  2.569595848043006E-013
  1.683173069674081E-006  2.621503957850222E-013
  1.700089240255878E-006  2.674462063074050E-013
  1.717175421178446E-006  2.728490341333016E-013
  1.734433321074116E-006  2.783609241046847E-013
  1.751864665747259E-006  2.839841786443757E-013
  1.769471198346869E-006  2.897211324505323E-013
  1.787254679540878E-006  2.955740365852056E-013
  1.805216887692224E-006  3.015449390695457E-013
  1.823359619036693E-006  3.076366188075294E-013
  1.841684687862537E-006  3.138513052970109E-013
  1.860193926691909E-006  3.201914945747133E-013
  1.878889186464117E-006  3.266597170579860E-013
  1.897772336720718E-006  3.332586577197145E-013
  1.916845265792473E-006  3.399910390612686E-013
  1.936109880988184E-006  3.468593795051110E-013
  1.955568108785423E-006  3.538664741985941E-013
  1.975221895023187E-006  3.610149125691688E-013
  1.995073205096477E-006  3.683080553099239E-013
  2.015124024152843E-006  3.757483248807812E-013
  2.035376357290900E-006  3.833389183021071E-013
  2.055832229760839E-006  3.910828285751906E-013
  2.076493687166953E-006  3.989832148832891E-013
  2.097362795672201E-006  4.070434061715803E-013
  2.118441642204824E-006  4.152660187357941E-013
  2.139732334667041E-006  4.236549730905930E-013
  2.161237002145842E-006  4.322134805826557E-013
  2.182957795125894E-006  4.409449242458392E-013
  2.204896885704596E-006  4.498524750784199E-013
  2.227056467809289E-006  4.589401243220247E-013
  2.249438757416649E-006  4.682113990907206E-013
  2.272045992774289E-006  4.776698742762322E-013
  2.294880434624585E-006  4.873194365457555E-013
  2.317944366430750E-006  4.971640266544437E-013
  2.341240094605185E-006  5.072073738978366E-013
  2.364769948740120E-006  5.174536587057164E-013
  2.388536281840578E-006  5.279069856098565E-013
  2.412541470559673E-006  5.385715155905926E-013
  2.436787915436282E-006  5.494511951749076E-013
  2.461278041135098E-006  5.605511146052003E-013
  2.486014296689100E-006  5.718753418302618E-013
  2.510999155744455E-006  5.834275848794707E-013
  2.536235116807892E-006  5.952136750264423E-013
  2.561724703496545E-006  6.072374435580359E-013
  2.587470464790326E-006  6.195047272414203E-013
  2.613474975286819E-006  6.320194813361648E-013
  2.639740835458743E-006  6.447871223331383E-013
  2.666270671914005E-006  6.578128598061892E-013
  2.693067137658357E-006  6.711016901402221E-013
  2.720132912360706E-006  6.846586770223810E-013
  2.747470702621075E-006  6.984898170606126E-013
  2.775083242241273E-006  7.126003237136218E-013
  2.802973292498272E-006  7.269957712446932E-013
  2.831143642420341E-006  7.416818101018665E-013
  2.859597109065945E-006  7.566647559854826E-013
  2.888336537805461E-006  7.719510142210014E-013
  2.917364802605713E-006  7.875455953402873E-013
  2.946684806317371E-006  8.034550645379716E-013
  2.976299480965240E-006  8.196851791863986E-013
  3.006211788041463E-006  8.362441845521143E-013
  3.036424718801675E-006  8.531374195834405E-013
  3.066941294564129E-006  8.703721159678335E-013
  3.097764567011833E-006  8.879543833167606E-013
  3.128897618497717E-006  9.058922562187252E-013
  3.160343562352875E-006  9.241920308774772E-013
  3.192105543197895E-006  9.428625704689128E-013
  3.224186737257333E-006  9.619091220531117E-013
  3.256590352677327E-006  9.813410710520357E-013
  3.289319629846424E-006  1.001165735049507E-012
  3.322377841719614E-006  1.021390529247795E-012
  3.355768294145633E-006  1.042023923366628E-012
  3.389494326197550E-006  1.063074505991297E-012
  3.423559310506675E-006  1.084549698575678E-012
  3.457966653599826E-006  1.106459282285782E-012
  3.492719796239985E-006  1.128811229991718E-012
  3.527822213770378E-006  1.151614925829658E-012
  3.563277416462010E-006  1.174879229105032E-012
  3.599088949864695E-006  1.198612789242607E-012
  3.635260395161617E-006  1.222827023419099E-012
  3.671795369527450E-006  1.247529851827837E-012
  3.708697526490075E-006  1.272731301956300E-012
  3.745970556295941E-006  1.298442213400805E-012
  3.783618186279089E-006  1.324672564626623E-012
  3.821644181233890E-006  1.351432809292949E-012
  3.860052343791530E-006  1.378733886221401E-012
  3.898846514800269E-006  1.406585512323773E-012
  3.938030573709538E-006  1.435000291713161E-012
  3.977608438957880E-006  1.463989623567742E-012
  4.017584068364803E-006  1.493564715257072E-012
  4.057961459526561E-006  1.523735874547837E-012
  4.098744650215917E-006  1.554518471099763E-012
  4.139937718785926E-006  1.585921736730230E-012
  4.181544784577773E-006  1.617959989809852E-012
  4.223570008332711E-006  1.650645612057739E-012
  4.266017592608136E-006  1.683990434072124E-012
  4.308891782197847E-006  1.718009329560460E-012
  4.352196864556534E-006  1.752714483681554E-012
  4.395937170228519E-006  1.788121886779237E-012
  4.440117073280820E-006  1.824244097411545E-012
  4.484740991740559E-006  1.861096783176962E-012
  4.529813388036769E-006  1.898692873304796E-012
  4.575338769446639E-006  1.937049183606657E-012
  4.621321688546249E-006  1.976179781155303E-012
  4.667766743665828E-006  2.016101924463955E-012
  4.714678579349592E-006  2.056829342849675E-012
  4.762061886820203E-006  2.098380494737683E-012
  4.809921404447894E-006  2.140771054445039E-012
  4.858261918224311E-006  2.184016905624880E-012
  4.907088262241116E-006  2.228135684658836E-012
  4.956405319173398E-006  2.273148370420713E-012
  5.006218020767949E-006  2.319068467961529E-012
  5.056531348336439E-006  2.365916679271163E-012
  5.107350333253554E-006  2.413710861285918E-012
  5.158680057460133E-006  2.462470690941710E-012
  5.210525653971372E-006  2.512215325175799E-012
  5.262892307390128E-006  2.562965778098522E-012
  5.315785254425382E-006  2.614740953635436E-012
  5.369209784415913E-006  2.667564036877135E-012
  5.423171239859242E-006  2.721451256440033E-012
  5.477675016945882E-006  2.776427988507301E-012
  5.532726566098960E-006  2.832515073187250E-012
  5.588331392519269E-006  2.889736096658691E-012
  5.644495056735788E-006  2.948110844303953E-012
  5.701223175161743E-006  3.007667659769842E-012
  5.758521420656249E-006  3.068426960465394E-012
  5.816395523091605E-006  3.130412778347792E-012
  5.874851269926282E-006  3.193651160388641E-012
  5.933894506783677E-006  3.258166824853078E-012
  5.993531138036679E-006  3.323985677699524E-012
  6.053767127398112E-006  3.391135693423697E-012
  6.114608498517106E-006  3.459640940505854E-012
  6.176061335581476E-006  3.529531851913583E-012
  6.238131783926139E-006  3.600830609908017E-012
  6.300826050647656E-006  3.673572762782991E-012
  6.364150405224943E-006  3.747782106479091E-012
  6.428111180146228E-006  3.823493313689234E-012
  6.492714771542306E-006  3.900732701655343E-012
  6.557967639826152E-006  3.979530487242530E-012
  6.623876310338971E-006  4.059924460895953E-012
  6.690447374002740E-006  4.141940375420419E-012
  6.757687487979300E-006  4.225613339463186E-012
  6.825603376336083E-006  4.310977141435197E-012
  6.894201830718521E-006  4.398066036157843E-012
  6.963489711029219E-006  4.486912913992229E-012
  7.033473946113947E-006  4.577556640370703E-012
  7.104161534454534E-006  4.670029218660576E-012
  7.175559544868721E-006  4.764372383291400E-012
  7.247675117217048E-006  4.860619107601310E-012
  7.320515463116846E-006  4.958808434910226E-012
  7.394087866663405E-006  5.058983732619727E-012
  7.468399685158392E-006  5.161181385052861E-012
  7.543458349845581E-006  5.265443985557748E-012
  7.619271366653990E-006  5.371814723942748E-012
  7.695846316948479E-006  5.480331602847590E-012
  7.773190858287890E-006  5.591042816903385E-012
  7.851312725190810E-006  5.703989456021961E-012
  7.930219729909032E-006  5.819215113656056E-012
  8.009919763208783E-006  5.936773817779561E-012
  8.090420795159810E-006  6.056702579333506E-012
  8.171730875932394E-006  6.179056753439202E-012
  8.253858136602368E-006  6.303884508196634E-012
  8.336810789964242E-006  6.431228642090317E-012
  8.420597131352476E-006  6.561150666522781E-012
  8.505225539471033E-006  6.693690686881436E-012
  8.590704477231249E-006  6.828911715051108E-012
  8.677042492598133E-006  6.966863347316725E-012
  8.764248219445169E-006  7.107606131134616E-012
  8.852330378417714E-006  7.251189060284786E-012
  8.941297777805069E-006  7.397670076730354E-012
  9.031159314421309E-006  7.547112104097325E-012
  9.121923974494983E-006  7.699572654782752E-012
  9.213600834567735E-006  7.855116352550785E-012
  9.306199062401971E-006  8.013800242896262E-012
  9.399727917897638E-006  8.175686388379761E-012
  9.494196754018227E-006  8.340846270894674E-012
  9.589615017726075E-006  8.509345934399308E-012
  9.685992250927068E-006  8.681243668963406E-012
  9.783338091424841E-006  8.856615916858424E-012
  9.881662273884565E-006  9.035531472290919E-012
  9.980974630806424E-006  9.218064462201415E-012
  1.008128509350887E-005  9.404276794470322E-012
  1.018260369312177E-005  9.594260018420504E-012
  1.028494056158950E-005  9.788071351270398E-012
  1.038830593268422E-005  9.985809039941652E-012
  1.049271014302915E-005  1.018753675584891E-011
  1.059816363313233E-005  1.039334612578260E-011
  1.070467694843066E-005  1.060329823771100E-011
  1.081226074034443E-005  1.081749606278394E-011
  1.092092576734248E-005  1.103602111791424E-011
  1.103068289601807E-005  1.125896987766081E-011
  1.114154310217553E-005  1.148641233264951E-011
  1.125351747192785E-005  1.171845665561476E-011
  1.136661720280533E-005  1.195518446887824E-011
  1.148085360487530E-005  1.219669730388183E-011
  1.159623810187317E-005  1.244307917799182E-011
  1.171278223234479E-005  1.269444851832099E-011
  1.183049765080033E-005  1.295089200477911E-011
  1.194939612887973E-005  1.321251665959465E-011
  1.206948955652988E-005  1.347942617057025E-011
  1.219078994319362E-005  1.375172564455881E-011
  1.231330941901071E-005  1.402952162273254E-011
  1.243706023603083E-005  1.431294172449532E-011
  1.256205476943880E-005  1.460208090602846E-011
  1.268830551879213E-005  1.489706009302118E-011
  1.281582510927096E-005  1.519800190748972E-011
  1.294462629294061E-005  1.550501566749320E-011
  1.307472195002678E-005  1.581824231152996E-011
  1.320612509020358E-005  1.613779449134944E-011
  1.333884885389455E-005  1.646380665350443E-011
  1.347290651358665E-005  1.679638959768324E-011
  1.360831147515758E-005  1.713570685215416E-011
  1.374507727921631E-005  1.748187280023525E-011
  1.388321760245723E-005  1.783502918346511E-011
  1.402274625902779E-005  1.819531971318953E-011
  1.416367720190991E-005  1.856289009192437E-011
  1.430602452431532E-005  1.893788277198466E-011
  1.444980246109490E-005  1.932045271328166E-011
  1.459502539016212E-005  1.971075172161495E-011
  1.474170783393093E-005  2.010894436634684E-011
  1.488986446076792E-005  2.051517068581304E-011
  1.503951008645925E-005  2.092959950138922E-011
  1.519065967569219E-005  2.135240741960473E-011
  1.534332834355163E-005  2.178375174178325E-011
  1.549753135703158E-005  2.222381376667552E-011
  1.565328413656187E-005  2.267277183581558E-011
  1.581060225755028E-005  2.313079015779869E-011
  1.596950145193998E-005  2.359806846346437E-011
  1.612999760978284E-005  2.407478139269032E-011
  1.629210678082839E-005  2.456111714012776E-011
  1.645584517612882E-005  2.505728905040436E-011
  1.662122916966012E-005  2.556347948333150E-011
  1.678827529995945E-005  2.607989600709383E-011
  1.695700027177905E-005  2.660673761608222E-011
  1.712742095775671E-005  2.714422902637962E-011
  1.729955440010305E-005  2.769257498233568E-011
  1.747341781230574E-005  2.825200624265998E-011
  1.764902858085089E-005  2.882273342804148E-011
  1.782640426696169E-005  2.940499346968318E-011
  1.800556260835458E-005  2.999902661073337E-011
  1.818652152101299E-005  3.060504083867266E-011
  1.836929910097899E-005  3.122328259355593E-011
  1.855391362616288E-005  3.185403769255695E-011
  1.874038355817104E-005  3.249753589033695E-011
  1.892872754415205E-005  3.315404627675013E-011
  1.911896441866147E-005  3.382379304065322E-011
  1.931111320554528E-005  3.450707658421439E-011
  1.950519311984229E-005  3.520416477566126E-011
  1.970122356970567E-005  3.591534148198477E-011
  1.989922415834376E-005  3.664088208938201E-011
  2.009921468598042E-005  3.738106571107712E-011
  2.030121515183509E-005  3.813621284387947E-011
  2.050524575612267E-005  3.890662334245385E-011
  2.071132690207363E-005  3.969258850262809E-011
  2.091947919797429E-005  4.049442897336374E-011
  2.112972345922771E-005  4.131245705959427E-011
  2.134208071043522E-005  4.214704073141607E-011
  2.155657218749889E-005  4.299846282998313E-011
  2.177321933974518E-005  4.386708767134681E-011
  2.199204383206985E-005  4.475325863081406E-011
  2.221306754710450E-005  4.565733689338948E-011
  2.243631258740481E-005  4.657967546941129E-011
  2.266180127766085E-005  4.752064541412236E-011
  2.288955616692955E-005  4.848062289686336E-011
  2.311960003088964E-005  4.946000263729808E-011
  2.335195587411921E-005  5.045917140037899E-011
  2.358664693239622E-005  5.147850771892239E-011
  2.382369667502208E-005  5.251842236134173E-011
  2.406312880716859E-005  5.357937271774291E-011
  2.430496727224849E-005  5.466174040993978E-011
  2.454923625430982E-005  5.576599476254096E-011
  2.479596018045435E-005  5.689252863701770E-011
  2.504516372328029E-005  5.804182354623109E-011
  2.529687180334960E-005  5.921436782050679E-011
  2.555110959168004E-005  6.041060041404476E-011
  2.580790251226231E-005  6.163096612028049E-011
  2.606727624460247E-005  6.287597246749915E-011
  2.632925672628988E-005  6.414610552778868E-011
  2.659387015559105E-005  6.544200149331436E-011
  2.686114299406941E-005  6.676398880272102E-011
  2.713110196923153E-005  6.811271809634336E-011
  2.740377407719991E-005  6.948867492148680E-011
  2.767918658541256E-005  7.089246828310369E-011
  2.795736703534981E-005  7.232459821318437E-011
  2.823834324528849E-005  7.378568952944837E-011
  2.852214331308372E-005  7.527622734463314E-011
  2.880879561897880E-005  7.679694179934262E-011
  2.909832882844318E-005  7.834833373627788E-011
  2.939077189503909E-005  7.993106106549739E-011
  2.968615406331690E-005  8.154579098207648E-011
  2.998450487173959E-005  8.319310863563550E-011
  3.028585415563662E-005  8.487379061200642E-011
  3.059023205018751E-005  8.658834786537576E-011
  3.089766899343537E-005  8.833754484662192E-011
  3.120819572933071E-005  9.012209483530769E-011
  3.152184331080590E-005  9.194268975159753E-011
  3.183864310288046E-005  9.380006229118244E-011
  3.215862678579760E-005  9.569492368683023E-011
  3.248182635819227E-005  9.762808991089731E-011
  3.280827414029103E-005  9.960032476192038E-011
  3.313800277714414E-005  1.016124024734754E-010
  3.347104524189006E-005  1.036650756258340E-010
  3.380743483905280E-005  1.057592362617948E-010
  3.414720520787241E-005  1.078957566164332E-010
  3.449039032566889E-005  1.100753576929438E-010
  3.483702451124003E-005  1.122989995115157E-010
  3.518714242829325E-005  1.145675568088021E-010
  3.554077908891202E-005  1.168819826130057E-010
  3.589796985705708E-005  1.192431432977343E-010
  3.625875045210293E-005  1.216520508232143E-010
  3.662315695240971E-005  1.241095630745566E-010
  3.699122579893114E-005  1.266167521641598E-010
  3.736299379885858E-005  1.291746034478639E-010
  3.773849812930184E-005  1.317841157102970E-010
  3.811777634100688E-005  1.344463356721315E-010
  3.850086636211095E-005  1.371623244614974E-010
  3.888780650193538E-005  1.399331577694678E-010
  3.927863545481662E-005  1.427600306542152E-010
  3.967339230397565E-005  1.456439798640503E-010
  4.007211652542635E-005  1.485861614942994E-010
  4.047484799192313E-005  1.515877475514598E-010
  4.088162697694826E-005  1.546501396473932E-010
  4.129249415873922E-005  1.577743307457256E-010
  4.170749062435658E-005  1.609615416391651E-010
  4.212665787379273E-005  1.642132264775815E-010
  4.255003782412192E-005  1.675304974826481E-010
  4.297767281369201E-005  1.709148458423220E-010
  4.340960560635832E-005  1.743676376087412E-010
  4.384587939576005E-005  1.778901839695413E-010
  4.428653780963972E-005  1.814838136829449E-010
  4.473162491420592E-005  1.851499477148892E-010
  4.518118521854002E-005  1.888902509403096E-010
  4.563526367904709E-005  1.927061115893102E-010
  4.609390570395158E-005  1.965989362772605E-010
  4.655715715783817E-005  2.005706059240950E-010
  4.702506436623831E-005  2.046223423490587E-010
  4.749767412026275E-005  2.087559188448596E-010
  4.797503368128075E-005  2.129730569632607E-010
  4.845719078564621E-005  2.172754248616940E-010
  4.894419364947136E-005  2.216647135003688E-010
  4.943609097344842E-005  2.261426368874763E-010
  4.993293194771970E-005  2.307110109862770E-010
  5.043476625679667E-005  2.353715978284759E-010
  5.094164408452843E-005  2.401265010555380E-010
  5.145361611912016E-005  2.449773756540539E-010
  5.197073355820196E-005  2.499262990202551E-010
  5.249304811394866E-005  2.549751360285383E-010
  5.302061201825112E-005  2.601260196207083E-010
  5.355347802793938E-005  2.653808683961348E-010
  5.409169943005849E-005  2.707418720334995E-010
  5.463533004719717E-005  2.762111685954731E-010
  5.518442424287016E-005  2.817910081855618E-010
  5.573903692695461E-005  2.874835060156418E-010
  5.629922356118111E-005  2.932909726747971E-010
  5.686504016467991E-005  2.992158346750210E-010
  5.743654331958286E-005  3.052603838119052E-010
  5.801379017668172E-005  3.114270276642001E-010
  5.859683846114323E-005  3.177183772611926E-010
  5.918574647828172E-005  3.241367378813632E-010
  5.978057311938966E-005  3.306847894077031E-010
  6.038137786762685E-005  3.373650762831739E-010
  6.098822080396878E-005  3.441803513132594E-010
  6.160116261321479E-005  3.511330561844393E-010
  6.222026459005659E-005  3.582265424060277E-010
  6.284558864520780E-005  3.654630639881321E-010
  6.347719731159503E-005  3.728459664577328E-010
  6.411515375061126E-005  3.803780202776529E-010
  6.475952175843203E-005  3.880622119704598E-010
  6.541036577239508E-005  3.959015689423961E-010
  6.606775087744418E-005  4.038993408835417E-010
  6.673174281263768E-005  4.120584591454223E-010
  6.740240797772241E-005  4.203826247916989E-010
  6.807981343977377E-005  4.288746740731748E-010
  6.876402693990248E-005  4.375387713925603E-010
  6.945511690002872E-005  4.463776589439238E-010
  7.015315242972443E-005  4.553950443347906E-010
  7.085820333312427E-005  4.645944998485111E-010
  7.157034011590611E-005  4.739802116965333E-010
  7.228963399234170E-005  4.835551018117902E-010
  7.301615689241808E-005  4.933236488862764E-010
  7.374998146903070E-005  5.032894413670602E-010
  7.449118110524875E-005  5.134566914303721E-010
  7.523982992165351E-005  5.238292843609511E-010
  7.599600278375051E-005  5.344113517639269E-010
  7.675977530945610E-005  5.452068868776435E-010
  7.753122387665932E-005  5.562209164868503E-010
  7.831042563085978E-005  5.674573588965478E-010
  7.909745849288223E-005  5.789205791405791E-010
  7.989240116666873E-005  5.906157974250675E-010
  8.069533314714912E-005  6.025469098002848E-010
  8.150633472819056E-005  6.147190668413829E-010
  8.232548701062700E-005  6.271374923576094E-010
  8.315287191036930E-005  6.398062661090767E-010
  8.398857216659692E-005  6.527315586018819E-010
  8.483267135003191E-005  6.659171715315589E-010
  8.568525387129605E-005  6.793694231245723E-010
  8.654640498935192E-005  6.930936895739348E-010
  8.741621082002897E-005  7.070952127460515E-010
  8.829475834463511E-005  7.213795141538884E-010
  8.918213541865493E-005  7.359524009508316E-010
  9.007843078053531E-005  7.508197607106861E-010
  9.098373406055935E-005  7.659871375807887E-010
  9.189813578980947E-005  7.814612164785786E-010
  9.282172740922061E-005  7.972474911935443E-010
  9.375460127872437E-005  8.133534667101929E-010
  9.469685068648510E-005  8.297839423033093E-010
  9.564856985822878E-005  8.465468210221031E-010
  9.660985396666569E-005  8.636481536295129E-010
  9.758079914100775E-005  8.810949495515529E-010
  9.856150247658151E-005  8.988943156518815E-010
  9.955206204453779E-005  9.170536794218350E-010
  1.005525769016588E-004  9.355787863948170E-010
  1.015631471002642E-004  9.544783681960626E-010
  1.025838736982157E-004  9.737603830035160E-010
  1.036148587690240E-004  9.934319943755246E-010
  1.046562054120551E-004  1.013500460778110E-009
  1.057080177628413E-004  1.033974509977451E-009
  1.067704010034941E-004  1.054862074018621E-009
  1.078434613732228E-004  1.076172579516595E-009
  1.089273061789587E-004  1.097912336422067E-009
  1.100220438060855E-004  1.120092397754691E-009
  1.111277837292783E-004  1.142719289652817E-009
  1.122446365234509E-004  1.165803858644005E-009
  1.133727138748133E-004  1.189353793129570E-009
  1.145121285920407E-004  1.213380212714595E-009
  1.156629946175544E-004  1.237892485235574E-009
  1.168254270389161E-004  1.262900105651425E-009
  1.179995421003365E-004  1.288411730044577E-009
  1.191854572143001E-004  1.314439041589094E-009
  1.203832909733068E-004  1.340992427920244E-009
  1.215931631617306E-004  1.368082419259911E-009
  1.228151947677985E-004  1.395719196501863E-009
  1.240495079956894E-004  1.423915060019220E-009
  1.252962262777549E-004  1.452679995126899E-009
  1.265554742868621E-004  1.482027121574903E-009
  1.278273779488612E-004  1.511966225761573E-009
  1.291120644551783E-004  1.542509239901070E-009
  1.304096622755347E-004  1.573669785512012E-009
  1.317203011707938E-004  1.605460147247789E-009
  1.330441122059372E-004  1.637892263818476E-009
  1.343812277631716E-004  1.670979781575491E-009
  1.357317815551671E-004  1.704736020005128E-009
  1.370959086384284E-004  1.739173960820636E-009
  1.384737454268004E-004  1.774308332736949E-009
  1.398654297051103E-004  1.810151440007994E-009
  1.412711006429456E-004  1.846718391025935E-009
  1.426908988085715E-004  1.884025038748998E-009
  1.441249661829877E-004  1.922084789056715E-009
  1.455734461741268E-004  1.960912834071837E-009
  1.470364836311949E-004  2.000526734303611E-009
  1.485142248591569E-004  2.040939420859552E-009
  1.500068176333671E-004  2.082168892126970E-009
  1.515144112143468E-004  2.124231213335262E-009
  1.530371563627103E-004  2.167144320273255E-009
  1.545752053542415E-004  2.210923080731814E-009
  1.561287119951212E-004  2.255585890408486E-009
  1.576978316373081E-004  2.301150844460470E-009
  1.592827211940740E-004  2.347637974137317E-009
  1.608835391556954E-004  2.395063079234828E-009
  1.625004456053024E-004  2.443446132075141E-009
  1.641336022348874E-004  2.492807385991208E-009
  1.657831723614744E-004  2.543166231776079E-009
  1.674493209434506E-004  2.594541172040873E-009
  1.691322145970627E-004  2.646955585874455E-009
  1.708320216130786E-004  2.700426208058031E-009
  1.725489119736162E-004  2.754979334723237E-009
  1.742830573691424E-004  2.810633425273861E-009
  1.760346312156419E-004  2.867411897450052E-009
  1.778038086719590E-004  2.925337310864658E-009
  1.795907666573136E-004  2.984433727658749E-009
  1.813956838689935E-004  3.044723147558861E-009
  1.832187408002238E-004  3.106231478444144E-009
  1.850601197582169E-004  3.168981361381815E-009
  1.869200048824031E-004  3.232998171168918E-009
  1.887985821628447E-004  3.298308856889304E-009
  1.906960394588353E-004  3.364938287103644E-009
  1.926125665176857E-004  3.432912900104257E-009
  1.945483549936988E-004  3.502263222677254E-009
  1.965035984673355E-004  3.573012732316555E-009
  1.984784924645725E-004  3.645192729564634E-009
  2.004732344764552E-004  3.718832442605353E-009
  2.024880239788472E-004  3.793956434598793E-009
  2.045230624523776E-004  3.870599763729394E-009
  2.065785534025897E-004  3.948790322476279E-009
  2.086547023802914E-004  4.028561514456953E-009
  2.107517170021107E-004  4.109944630386393E-009
  2.128698069712572E-004  4.192970087735732E-009
  2.150091840984929E-004  4.277675237542731E-009
  2.171700623233133E-004  4.364090096530738E-009
  2.193526577353418E-004  4.452250344969806E-009
  2.215571885959383E-004  4.542190835269585E-009
  2.237838753600260E-004  4.633950892882333E-009
  2.260329406981369E-004  4.727562371879693E-009
  2.283046095186790E-004  4.823064261044024E-009
  2.305991089904274E-004  4.920496095138347E-009
  2.329166685652415E-004  5.019896601759353E-009
  2.352575200010099E-004  5.121305039177990E-009
  2.376218973848271E-004  5.224763947553506E-009
  2.400100371564016E-004  5.330312325353987E-009
  2.424221781317008E-004  5.437992464867213E-009
  2.448585615268323E-004  5.547845846742200E-009
  2.473194309821660E-004  5.659921514231748E-009
  2.498050325866981E-004  5.774260772160612E-009
  2.523156149026604E-004  5.890906884968367E-009
  2.548514289903768E-004  6.009910804502152E-009
  2.574127284333690E-004  6.131322781688493E-009
  2.599997693637159E-004  6.255176543442933E-009
  2.626128104876664E-004  6.381543707566226E-009
  2.652521131115104E-004  6.510456406810789E-009
  2.679179411677097E-004  6.641976250540748E-009
  2.706105612412915E-004  6.776151109931643E-009
  2.733302425965069E-004  6.913038317575172E-009
  2.760772572037580E-004  7.052690098819556E-009
  2.788518797667946E-004  7.195162354807847E-009
  2.816543877501851E-004  7.340517733567620E-009
  2.844850614070635E-004  7.488801755684606E-009
  2.873441838071543E-004  7.640084640029131E-009
  2.902320408650801E-004  7.794422469313736E-009
  2.931489213689532E-004  7.951884266520682E-009
  2.960951170092547E-004  8.112521661042034E-009
  2.990709224080040E-004  8.276405400048662E-009
  3.020766351482207E-004  8.443597958244370E-009
  3.051125558036835E-004  8.614171982644410E-009
  3.081789879689881E-004  8.788188648854021E-009
  3.112762382899062E-004  8.965722497596445E-009
  3.144046164940510E-004  9.146839651524693E-009
  3.175644354218500E-004  9.331616632780100E-009
  3.207560110578290E-004  9.520131041475826E-009
  3.239796625622114E-004  9.712451950051623E-009
  3.272357123028340E-004  9.908655783488989E-009
  3.305244858873842E-004  1.010882649038298E-008
  3.338463121959611E-004  1.031303944525586E-008
  3.372015234139638E-004  1.052137756972359E-008
  3.405904550653101E-004  1.073392493319367E-008
  3.440134460459893E-004  1.095076346185124E-008
  3.474708386579519E-004  1.117198282838967E-008
  3.509629786433403E-004  1.139767395697684E-008
  3.544902152190631E-004  1.162792568349489E-008
  3.580529011117173E-004  1.186282805539456E-008
  3.616513925928612E-004  1.210247234470810E-008
  3.652860495146414E-004  1.234695446522360E-008
  3.689572353457793E-004  1.259638191326148E-008
  3.726653172079170E-004  1.285084309486012E-008
  3.764106659123311E-004  1.311044138055577E-008
  3.801936559970129E-004  1.337529199090699E-008
  3.840146657641236E-004  1.364549435138671E-008
  3.878740773178239E-004  1.392115271953133E-008
  3.917722766024855E-004  1.420237981219203E-008
  3.957096534412853E-004  1.448928636840946E-008
  3.996866015751884E-004  1.478198819902885E-008
  4.037035187023224E-004  1.508060987074554E-008
  4.077608065177472E-004  1.538526332371400E-008
  4.118588707536257E-004  1.569606198837535E-008
  4.159981212197964E-004  1.601314259717980E-008
  4.201789718447553E-004  1.633662923817607E-008
  4.244018407170490E-004  1.666664034890483E-008
  4.286671501270838E-004  1.700334017633747E-008
  4.329753266093551E-004  1.734682872120563E-008
  4.373268009851013E-004  1.769725928146142E-008
  4.417220084053862E-004  1.805475741810361E-008
  4.461613883946145E-004  1.841948794589273E-008
  4.506453848944847E-004  1.879159539884235E-008
  4.551744463083835E-004  1.917121108808329E-008
  4.597490255462263E-004  1.955849093121944E-008
  4.643695800697493E-004  1.995360836814258E-008
  4.690365719382552E-004  2.035668533823884E-008
  4.737504678548200E-004  2.076792275962559E-008
  4.785117392129637E-004  2.118746222882167E-008
  4.833208621437898E-004  2.161547846625729E-008
  4.881783175635990E-004  2.205213289746103E-008
  4.930845912219812E-004  2.249762074435769E-008
  4.980401737503908E-004  2.295209234603601E-008
  5.030455607112102E-004  2.341576384543514E-008
  5.081012526473069E-004  2.388879034011326E-008
  5.132077551320874E-004  2.437137728310637E-008
  5.183655788200556E-004  2.486370872530011E-008
  5.235752394978785E-004  2.536598749157873E-008
  5.288372581359655E-004  2.587841923250778E-008
  5.341521609405652E-004  2.640119598967550E-008
  5.395204794063872E-004  2.693454545762100E-008
  5.449427503697519E-004  2.747864868631250E-008
  5.504195160622739E-004  2.803375586568075E-008
  5.559513241650865E-004  2.860007043895752E-008
  5.615387278636101E-004  2.917783229098379E-008
  5.671822859028704E-004  2.976726772228332E-008
  5.728825626433746E-004  3.036860611261450E-008
  5.786401281175469E-004  3.098208852265577E-008
  5.844555580867326E-004  3.160796794209610E-008
  5.903294340987749E-004  3.224649223172429E-008
  5.962623435461700E-004  3.289791264296247E-008
  6.022548797248065E-004  3.356249259609175E-008
  6.083076418932963E-004  3.424049915058630E-008
  6.144212353329002E-004  3.493219421485486E-008
  6.205962714080567E-004  3.563788760785423E-008
  6.268333676275193E-004  3.635782227046566E-008
  6.331331477061076E-004  3.709228904636005E-008
  6.394962416270792E-004  3.784160982112801E-008
  6.459232857051288E-004  3.860605676484897E-008
  6.524149226500201E-004  3.938595110495173E-008
  6.589718016308573E-004  4.018160029503513E-008
  6.655945783410026E-004  4.099333436555285E-008
  6.722839150636460E-004  4.182145101347174E-008
  6.790404807380342E-004  4.266630754959708E-008
  6.858649510263652E-004  4.352821038966392E-008
  6.927580083813549E-004  4.440754496558645E-008
  6.997203421144829E-004  4.530462688590398E-008
  7.067526484649246E-004  4.621981374582619E-008
  7.138556306691753E-004  4.715350611959880E-008
  7.210299990313746E-004  4.810609117754261E-008
  7.282764709943374E-004  4.907788459191841E-008
  7.355957712112987E-004  5.006934121311671E-008
  7.429886316183797E-004  5.108080605106148E-008
  7.504557915077816E-004  5.211270659386883E-008
  7.579979976017164E-004  5.316547635302445E-008
  7.656160041270783E-004  5.423947607878883E-008
  7.733105728908685E-004  5.533517015301949E-008
  7.810824733563754E-004  5.645302956545629E-008
  7.889324827201221E-004  5.759345194419028E-008
  7.968613859895868E-004  5.875692050930405E-008
  8.048699760617038E-004  5.994390508465365E-008
  8.129590538021542E-004  6.115482103991426E-008
  8.211294281254529E-004  6.239023198087531E-008
  8.293819160758410E-004  6.365060718143432E-008
  8.377173429089906E-004  6.493642220397309E-008
  8.461365421745311E-004  6.624822113611186E-008
  8.546403557994053E-004  6.758653490775663E-008
  8.632296341720621E-004  6.895185992133511E-008
  8.719052362274964E-004  7.034480433721936E-008
  8.806680295331436E-004  7.176585821831410E-008
  8.895188903756367E-004  7.321564542212884E-008
  8.984587038484355E-004  7.469469196320780E-008
  9.074883639403372E-004  7.620359512689977E-008
  9.166087736248758E-004  7.774302515535132E-008
  9.258208449506200E-004  7.931353186427584E-008
  9.351254991323793E-004  8.091575934736470E-008
  9.445236666433257E-004  8.255038254995610E-008
  9.540162873080421E-004  8.421801989600538E-008
  9.636043103965054E-004  8.591932019730656E-008
  9.732886947190147E-004  8.765498552158943E-008
  9.830704087220726E-004  8.942572772632183E-008
  9.929504305852307E-004  9.123222366654058E-008
  1.002929748318909E-003  9.307527210943501E-008
  1.013009359863196E-003  9.495550188525770E-008
  1.023190273187647E-003  9.687370929535213E-008
  1.033473506392079E-003  9.883065606714233E-008
  1.043860087808380E-003  1.008271143639773E-007
  1.054351056103348E-003  1.028640056951395E-007
  1.064947460382556E-003  1.049419860277272E-007
  1.075650360295261E-003  1.070619997142100E-007
  1.086460826140374E-003  1.092247699840912E-007
  1.097379938973488E-003  1.114312652155328E-007
  1.108408790714985E-003  1.136822780104080E-007
  1.119548484259231E-003  1.159788496670865E-007
  1.130800133584864E-003  1.183217492103689E-007
  1.142164863866191E-003  1.207120442037952E-007
  1.153643811585712E-003  1.231505757397591E-007
  1.165238124647765E-003  1.256383416506778E-007
  1.176948962493318E-003  1.281764025150676E-007
  1.188777496215914E-003  1.307657356525726E-007
  1.200724908678782E-003  1.334074303177241E-007
  1.212792394633126E-003  1.361024918334845E-007
  1.224981160837598E-003  1.388519390095121E-007
  1.237292426178973E-003  1.416568544049932E-007
  1.249727421794048E-003  1.445185872115119E-007
  1.262287391192744E-003  1.474380003798453E-007
  1.274973590382470E-003  1.504164756899198E-007
  1.287787287993715E-003  1.534550573612686E-007
  1.300729765406920E-003  1.565550599658793E-007
  1.313802316880610E-003  1.597176618424527E-007
  1.327006249680827E-003  1.629441609408506E-007
  1.340342884211854E-003  1.662358210981221E-007
  1.353813554148259E-003  1.695940282053191E-007
  1.367419606568260E-003  1.730200822643194E-007
  1.381162402088439E-003  1.765153538184164E-007
  1.395043314999798E-003  1.800811790307067E-007
  1.409063733405198E-003  1.837190724942265E-007
  1.423225059358161E-003  1.874305164318936E-007
  1.437528709003086E-003  1.912168515375956E-007
  1.451976112716855E-003  1.950796531913872E-007
  1.466568715251880E-003  1.990205188235361E-007
  1.481307975880575E-003  2.030411229937019E-007
  1.496195368541286E-003  2.071427229810426E-007
  1.511232381985684E-003  2.113273111887978E-007
  1.526420519927645E-003  2.155964086458746E-007
  1.541761301193620E-003  2.199517241463561E-007
  1.557256259874520E-003  2.243951024379972E-007
  1.572906945479126E-003  2.289281882384402E-007
  1.588714923089039E-003  2.335528751944834E-007
  1.604681773515195E-003  2.382708551878391E-007
  1.620809093455942E-003  2.430842438986237E-007
  1.637098495656713E-003  2.479947839917298E-007
  1.653551609071303E-003  2.530046464976000E-007
  1.670170079024764E-003  2.581155677626945E-007
  1.686955567377941E-003  2.633300085600792E-007
  1.703909752693657E-003  2.686496427174040E-007
  1.721034330404571E-003  2.740767555346998E-007
  1.738331012982726E-003  2.796135459250922E-007
  1.755801530110794E-003  2.852620043836732E-007
  1.773447628855045E-003  2.910246273743356E-007
  1.791271073840059E-003  2.969037059797506E-007
  1.809273647425189E-003  3.029015626774187E-007
  1.827457149882794E-003  3.090206734986122E-007
  1.845823399578274E-003  3.152633041280519E-007
  1.864374233151902E-003  3.216319963228526E-007
  1.883111505702496E-003  3.281294507350707E-007
  1.902037090972925E-003  3.347582818288888E-007
  1.921152881537488E-003  3.415208902771876E-007
  1.940460788991171E-003  3.484198336822823E-007
  1.959962744140808E-003  3.554584608524634E-007
  1.979660697198168E-003  3.626391560424062E-007
  1.999556617974969E-003  3.699649706538556E-007
  2.019652496079871E-003  3.774387430446086E-007
  2.039950341117431E-003  3.850634787064364E-007
  2.060452182889067E-003  3.928422245480769E-007
  2.081160071596040E-003  4.007780693424757E-007
  2.102076078044479E-003  4.088742748320961E-007
  2.123202293852459E-003  4.171341481501792E-007
  2.144540831659165E-003  4.255607783793091E-007
  2.166093825336160E-003  4.341576935762563E-007
  2.187863430200773E-003  4.429282047129585E-007
  2.209851823231631E-003  4.518759353803932E-007
  2.232061203286362E-003  4.610044250821214E-007
  2.254493791321479E-003  4.703172617170192E-007
  2.277151830614479E-003  4.798183540717866E-007
  2.300037586988174E-003  4.895113924919845E-007
  2.323153349037271E-003  4.994002546881055E-007
  2.346501428357240E-003  5.094888716721917E-007
  2.370084159775469E-003  5.197812283326598E-007
  2.393903901584753E-003  5.302815034429636E-007
  2.417963035779121E-003  5.409940737415506E-007
  2.442263968292043E-003  5.519228139207978E-007
  2.466809129237021E-003  5.630723569971117E-007
  2.491600973150604E-003  5.744472591078890E-007
  2.516641979237843E-003  5.860521396189440E-007
  2.541934651620214E-003  5.978909634359974E-007
  2.567481519586034E-003  6.099691896157297E-007
  2.593285137843387E-003  6.222913410544871E-007
  2.619348086775602E-003  6.348625842211103E-007
  2.645672972699293E-003  6.476872786444471E-007
  2.672262428124988E-003  6.607716072762314E-007
  2.699119112020388E-003  6.741200681651544E-007
  2.726245710076264E-003  6.877378116351908E-007
  2.753644934975027E-003  7.016309548681297E-007
  2.781319526661998E-003  7.158048016814629E-007
  2.809272252619410E-003  7.302650292343539E-007
  2.837505908143152E-003  7.450176963579419E-007
  2.866023316622305E-003  7.600674212973147E-007
  2.894827329821480E-003  7.754216374689838E-007
  2.923920828166001E-003  7.910866567801196E-007
  2.953306721029949E-003  8.070676399827976E-007
  2.982987947027096E-003  8.233713681134048E-007
  3.012967474304777E-003  8.400047179384121E-007
  3.043248300840704E-003  8.569740341799455E-007
  3.073833454742763E-003  8.742863787577447E-007
  3.104725994551833E-003  8.919482772548794E-007
  3.135929009547639E-003  9.099666615610385E-007
  3.167445620057682E-003  9.283491995591040E-007
  3.199278977769278E-003  9.471033451084044E-007
  3.231432266044725E-003  9.662356831788263E-007
  3.263908700239646E-003  9.857551627022783E-007
  3.296711528024524E-003  1.005668245951723E-006
  3.329844029709473E-003  1.025984435385718E-006
  3.363309518572272E-003  1.046710399099223E-006
  3.397111341189696E-003  1.067855877209612E-006
  3.431252877772174E-003  1.089427748277464E-006
  3.465737542501817E-003  1.111435324011163E-006
  3.500568783873834E-003  1.133887711323788E-006
  3.535750085041388E-003  1.156793805334385E-006
  3.571284964163915E-003  1.180162282255735E-006
  3.607176974758939E-003  1.204003645991220E-006
  3.643429706057430E-003  1.228326488047810E-006
  3.680046783362728E-003  1.253140203434573E-006
  3.717031868413078E-003  1.278455009167336E-006
  3.754388659747807E-003  1.304281264606665E-006
  3.792120893077178E-003  1.330629823973037E-006
  3.830232341655968E-003  1.357510283059614E-006
  3.868726816660794E-003  1.384933781507924E-006
  3.907608167571236E-003  1.412910902027938E-006
  3.946880282554787E-003  1.441453802588988E-006
  3.986547088855670E-003  1.470573375009814E-006
  4.026612553187573E-003  1.500280657418079E-006
  4.067080682130316E-003  1.530587562751050E-006
  4.107955522530517E-003  1.561508359719077E-006
  4.149241161906279E-003  1.593052387030321E-006
  4.190941728855944E-003  1.625234995834628E-006
  4.233061393470959E-003  1.658066574342042E-006
  4.275604367752883E-003  1.691561364406597E-006
  4.318574906034598E-003  1.725733061725451E-006
  4.361977305405740E-003  1.760595552128470E-006
  4.405815906142417E-003  1.796162157030287E-006
  4.450095092141232E-003  1.832447137350475E-006
  4.494819291357688E-003  1.869464186054634E-006
  4.539992976248974E-003  1.907229483293167E-006
  4.585620664221224E-003  1.945758668520810E-006
  4.631706918081261E-003  1.985066047930712E-006
  4.678256346492874E-003  2.025166896894314E-006
  4.725273604437696E-003  2.066078265064783E-006
  4.772763393680704E-003  2.107814292951819E-006
  4.820730463240395E-003  2.150395632815703E-006
  4.869179609863700E-003  2.193836087399206E-006
  4.918115678505653E-003  2.238155224195314E-006
  4.967543562813901E-003  2.283369680054155E-006
  5.017468205618064E-003  2.329497120881076E-006
  5.067894599424026E-003  2.376554641285338E-006
  5.118827786913189E-003  2.424564455574727E-006
  5.170272861446748E-003  2.473544187292728E-006
  5.222234967575027E-003  2.523512515744304E-006
  5.274719301551940E-003  2.574490854810098E-006
  5.327731111854623E-003  2.626500089819824E-006
  5.381275699708282E-003  2.679558051476943E-006
  5.435358419616323E-003  2.733689519658034E-006
  5.489984679895806E-003  2.788913725454641E-006
  5.545159943218281E-003  2.845253544058003E-006
  5.600889727156061E-003  2.902731317080187E-006
  5.657179604733979E-003  2.961369691997696E-006
  5.714035204986703E-003  3.021192487090796E-006
  5.771462213521638E-003  3.082224716360799E-006
  5.829466373087492E-003  3.144489133573463E-006
  5.888053484148560E-003  3.208012293330846E-006
  5.947229405464770E-003  3.272818488578481E-006
  6.007000054677568E-003  3.338933222460547E-006
  6.067371408901684E-003  3.406385009722811E-006
  6.128349505322849E-003  3.475199200833914E-006
  6.189940441801521E-003  3.545402381030173E-006
  6.252150377482675E-003  3.617023297685669E-006
  6.314985533411720E-003  3.690092909334900E-006
  6.378452193156611E-003  3.764637152484527E-006
  6.442556703436212E-003  3.840686873763086E-006
  6.507305474754973E-003  3.918276109044373E-006
  6.572704982043981E-003  3.997428295403960E-006
  6.638761765308467E-003  4.078182003783429E-006
  6.705482430281803E-003  4.160565178578120E-006
  6.772873649086087E-003  4.244613625162301E-006
  6.840942160899361E-003  4.330358002566732E-006
  6.909694772629528E-003  4.417838847606670E-006
  6.979138359595057E-003  4.507087771233855E-006
  7.049279866212513E-003  4.598136796941462E-006
  7.120126306691010E-003  4.691026059797611E-006
  7.191684765733635E-003  4.785790470426680E-006
  7.263962399245923E-003  4.882471234046226E-006
  7.336966435051459E-003  4.981104285002864E-006
  7.410704173614658E-003  5.081729959088226E-006
  7.485182988770826E-003  5.184387179826781E-006
  7.560410328463545E-003  5.289117379637705E-006
  7.636393715489472E-003  5.395964555148295E-006
  7.713140748250632E-003  5.504971318939492E-006
  7.790659101514255E-003  5.616178856106550E-006
  7.868956527180266E-003  5.729632947045084E-006
  7.948040855056482E-003  5.845377977344961E-006
  8.027919993641592E-003  5.963463021665715E-006
  8.108601930916023E-003  6.083933741124739E-006
  8.190094735140737E-003  6.206832287959741E-006
  8.272406555664065E-003  6.332222090721918E-006
  8.355545623736655E-003  6.460140450011105E-006
  8.439520253334597E-003  6.590643945873235E-006
  8.524338841990829E-003  6.723779446664381E-006
  8.610009871634900E-003  6.859609238900331E-006
  8.696541909441165E-003  6.998181640890379E-006
  8.783943608685518E-003  7.139556279708747E-006
  8.872223709610716E-003  7.283782891894241E-006
  8.961391040300420E-003  7.430922644850687E-006
  9.051454517562004E-003  7.581037569254073E-006
  9.142423147818249E-003  7.734184029053761E-006
  9.234306028007988E-003  7.890425711526085E-006
  9.327112346495808E-003  8.049822791366205E-006
  9.420851383990897E-003  8.212438468284388E-006
  9.515532514475121E-003  8.378341254986792E-006
  9.611165206140429E-003  8.547596157985238E-006
  9.707759022335682E-003  8.720266822280594E-006
  9.805323622522994E-003  8.896429029291756E-006
  9.903868763243690E-003  9.076146032277226E-006
  1.000340429909396E-002  9.259495588820430E-006
  1.010394018371034E-002  9.446545105034100E-006
  1.020548647076507E-002  9.637381300305992E-006
  1.030805331497147E-002  9.832064386374045E-006
  1.041165097309945E-002  1.003068554042872E-005
  1.051628980500114E-002  1.023331857509340E-005
  1.062198027464693E-002  1.044004298042712E-005
  1.072873295117187E-002  1.065094877476858E-005
  1.083655850993256E-002  1.086610827471405E-005
  1.094546773357475E-002  1.108561379488808E-005
  1.105547151311154E-002  1.130955416513463E-005
  1.116658084901257E-002  1.153802426096561E-005
  1.127880685230402E-002  1.177110576847418E-005
  1.139216074567974E-002  1.200889116761779E-005
  1.150665386462352E-002  1.225149376913918E-005
  1.162229765854267E-002  1.249898431753730E-005
  1.173910369191296E-002  1.275147882279359E-005
  1.185708364543506E-002  1.300907513921681E-005
  1.197624931720263E-002  1.327187743543673E-005
  1.209661262388217E-002  1.353998128935213E-005
  1.221818560190464E-002  1.381350873159302E-005
  1.234098040866916E-002  1.409255823867682E-005
  1.246500932375873E-002  1.437723975174467E-005
  1.259028475016822E-002  1.466768006124290E-005
  1.271681921554466E-002  1.496398207405076E-005
  1.284462537344004E-002  1.526627586411301E-005
  1.297371600457665E-002  1.557467778678932E-005
  1.310410401812519E-002  1.588930576710782E-005
  1.323580245299567E-002  1.621028980768410E-005
  1.336882447914131E-002  1.653775118108652E-005
  1.350318339887560E-002  1.687183927337119E-005
  1.363889264820246E-002  1.721266836700998E-005
  1.377596579815993E-002  1.756039165240768E-005
  1.391441655617722E-002  1.791512688449599E-005
  1.405425876744551E-002  1.827703654357446E-005
  1.419550641630247E-002  1.864625288037953E-005
  1.433817362763069E-002  1.902292626230629E-005
  1.448227466827019E-002  1.940721462816006E-005
  1.462782394844512E-002  1.979926710467739E-005
  1.477483602320478E-002  2.019922375427397E-005
  1.492332559387917E-002  2.060727101832780E-005
  1.507330750954910E-002  2.102355888499866E-005
  1.522479676853111E-002  2.144826182273136E-005
  1.537780851987735E-002  2.188153978622048E-005
  1.553235806489046E-002  2.232357191277890E-005
  1.568846085865373E-002  2.277453983941255E-005
  1.584613251157663E-002  2.323461625083221E-005
  1.600538879095584E-002  2.370398769256031E-005
  1.616624562255202E-002  2.418283169581718E-005
  1.632871909218236E-002  2.467136312540266E-005
  1.649282544732924E-002  2.516975895928223E-005
  1.665858109876491E-002  2.567819260482988E-005
  1.682600262219266E-002  2.619693431997782E-005
  1.699510675990435E-002  2.672613962325276E-005
  1.716591042245466E-002  2.726603752337970E-005
  1.733843069035219E-002  2.781683627340379E-005
  1.751268481576749E-002  2.837875900768891E-005
  1.768869022425833E-002  2.895205620262886E-005
  1.786646451651221E-002  2.953692099506163E-005
  1.804602547010652E-002  3.013358569527428E-005
  1.822739104128624E-002  3.074232273290482E-005
  1.841057936675963E-002  3.136333425813746E-005
  1.859560876551190E-002  3.199689954759826E-005
  1.878249774063711E-002  3.264326442201354E-005
  1.897126498118852E-002  3.330267803176540E-005
  1.916192936404749E-002  3.397543076198449E-005
  1.935450995581120E-002  3.466176641263235E-005
  1.954902601469929E-002  3.536197022261447E-005
  1.974549699247977E-002  3.607630579227645E-005
  1.994394253641412E-002  3.680509175345184E-005
  2.014438249122213E-002  3.754857367077497E-005
  2.034683690106630E-002  3.830709124467401E-005
  2.055132601155633E-002  3.908094989715646E-005
  2.075787027177368E-002  3.987040670536016E-005
  2.096649033631649E-002  4.067582757990848E-005
  2.117720706736506E-002  4.149753070074449E-005
  2.139004153676810E-002  4.233581192001022E-005
  2.160501502814991E-002  4.319102456259785E-005
  2.182214903903878E-002  4.406352692667630E-005
  2.204146528301673E-002  4.495364172266963E-005
  2.226298569189094E-002  4.586173674789978E-005
  2.248673241788688E-002  4.678818493121384E-005
  2.271272783586362E-002  4.773333690266305E-005
  2.294099454555128E-002  4.869760323248755E-005
  2.317155537381105E-002  4.968130317288553E-005
  2.340443337691791E-002  5.068491340031234E-005
  2.363965184286621E-002  5.170880550923831E-005
  2.387723429369857E-002  5.275335600792669E-005
  2.411720448785807E-002  5.381903133982610E-005
  2.435958642256409E-002  5.490620504216627E-005
  2.460440433621209E-002  5.601535557792413E-005
  2.485168271079745E-002  5.714689638789667E-005
  2.510144627436369E-002  5.830130419370479E-005
  2.535372000347531E-002  5.947903338382112E-005
  2.560852912571544E-002  6.068057373039373E-005
  2.586589912220866E-002  6.190637785723445E-005
  2.612585573016910E-002  6.315691916973606E-005
  2.638842494547416E-002  6.443272191525926E-005
  2.665363302526420E-002  6.573431770239441E-005
  2.692150649056821E-002  6.706221565664249E-005
  2.719207212895593E-002  6.841690175142496E-005
  2.746535699721668E-002  6.979892880451710E-005
  2.774138842406503E-002  7.120891806045979E-005
  2.802019401287368E-002  7.264740815094265E-005
  2.830180164443387E-002  7.411491426281661E-005
  2.858623947974340E-002  7.561205078987290E-005
  2.887353596282286E-002  7.713947174050287E-005
  2.916371982355996E-002  7.869774702514759E-005
  2.945682008058260E-002  8.028748542490802E-005
  2.975286604416073E-002  8.190933545620230E-005
  3.005188731913742E-002  8.356395463143201E-005
  3.035391380788934E-002  8.525200955645342E-005
  3.065897571331706E-002  8.697417602895369E-005
  3.096710354186534E-002  8.873107494904984E-005
  3.127832810657381E-002  9.052346434207304E-005
  3.159268053015830E-002  9.235211300958311E-005
  3.191019224812314E-002  9.421767033001334E-005
  3.223089501190469E-002  9.612092505342814E-005
  3.255482089204662E-002  9.806261123076638E-005
  3.288200228140684E-002  1.000434397575235E-004
  3.321247189839698E-002  1.020643967886883E-004
  3.354626279025410E-002  1.041261158228799E-004
  3.388340833634556E-002  1.062294729479782E-004
  3.422394225150692E-002  1.083753228876126E-004
  3.456789858941348E-002  1.105645661088298E-004
  3.491531174598565E-002  1.127979794053032E-004
  3.526621646282862E-002  1.150765551164155E-004
  3.562064783070648E-002  1.174010933250661E-004
  3.597864129305139E-002  1.197726119667839E-004
  3.634023264950790E-002  1.221920392323369E-004
  3.670545805951299E-002  1.246603508804303E-004
  3.707435404591201E-002  1.271785010152515E-004
  3.744695749861103E-002  1.297474919374735E-004
  3.782330567826581E-002  1.323683751667696E-004
  3.820343622000794E-002  1.350421811838421E-004
  3.858738713720837E-002  1.377700261740491E-004
  3.897519682527879E-002  1.405529699509491E-004
  3.936690406551117E-002  1.433921590669126E-004
  3.976254802895596E-002  1.462886833101483E-004
  4.016216828033922E-002  1.492435740551784E-004
  4.056580478201910E-002  1.522582801185736E-004
  4.097349789798213E-002  1.553339027627269E-004
  4.138528839787965E-002  1.584716319140323E-004
  4.180121746110482E-002  1.616726363098805E-004
  4.222132668091057E-002  1.649383250628314E-004
  4.264565806856896E-002  1.682700521558827E-004
  4.307425405757237E-002  1.716691147770117E-004
  4.350715750787687E-002  1.751368277105790E-004
  4.394441171018824E-002  1.786744470612558E-004
  4.438606039029110E-002  1.822836296147064E-004
  4.483214771342150E-002  1.859656703102070E-004
  4.528271828868348E-002  1.897220361742291E-004
  4.573781717351005E-002  1.935542923783309E-004
  4.619748987816896E-002  1.974639476107791E-004
  4.666178237031371E-002  2.014525311434616E-004
  4.713074107958044E-002  2.055217514293697E-004
  4.760441290223089E-002  2.096731023695354E-004
  4.808284520584203E-002  2.139084174824505E-004
  4.856608583404293E-002  2.182291546654171E-004
  4.905418311129910E-002  2.226371135020248E-004
  4.954718584774503E-002  2.271341999741800E-004
  5.004514334406519E-002  2.317220207723620E-004
  5.054810539642417E-002  2.364025314833086E-004
  5.105612230144637E-002  2.411776329300577E-004
  5.156924486124562E-002  2.460491694088595E-004
  5.208752438850550E-002  2.510190101460958E-004
  5.261101271161066E-002  2.560893842269023E-004
  5.313976217982963E-002  2.612619643177235E-004
  5.367382566854987E-002  2.665391198658253E-004
  5.421325658456530E-002  2.719227452343103E-004
  5.475810887141705E-002  2.774151862259549E-004
  5.530843701478785E-002  2.830185647694488E-004
  5.586429604795065E-002  2.887350314779593E-004
  5.642574155727198E-002  2.945671991841321E-004
  5.699282968777064E-002  3.005168479076831E-004
  5.756561714873226E-002  3.065868288144491E-004
  5.814416121938026E-002  3.127792436852819E-004
  5.872851975460383E-002  3.190968398850359E-004
  5.931875119074346E-002  3.255420489179525E-004
  5.991491455143462E-002  3.321172458103375E-004
  6.051706945351018E-002  3.388253753469642E-004
  6.112527611296215E-002  3.456689738965403E-004
  6.173959535096332E-002  3.526506117491391E-004
  6.236008859994942E-002  3.597732578291255E-004
  6.298681790976243E-002  3.670398314673259E-004
  6.361984595385561E-002  3.744532005654504E-004
  6.425923603556088E-002  3.820162721950051E-004
  6.490505209441925E-002  3.897319000901278E-004
  6.555735871257479E-002  3.976034431074369E-004
  6.621622112123289E-002  4.056336509894204E-004
  6.688170520718349E-002  4.138262520784728E-004
  6.755387751938975E-002  4.221844604380973E-004
  6.823280527564303E-002  4.307113433258965E-004
  6.891855636928473E-002  4.394103914367569E-004
  6.961119937599569E-002  4.482849514990440E-004
  7.031080356065378E-002  4.573389957420113E-004
  7.101743888426046E-002  4.665757760462187E-004
  7.173117601093697E-002  4.759989773992484E-004
  7.245208631499074E-002  4.856121390384403E-004
  7.318024188805296E-002  4.954198341696827E-004
  7.391571554628772E-002  5.054253151394729E-004
  7.465858083767374E-002  5.156328713824877E-004
  7.540891204935922E-002  5.260466528228563E-004
  7.616678421509060E-002  5.366706655196015E-004
  7.693227312271603E-002  5.475091719328212E-004
  7.770545532176416E-002  5.585662898537987E-004
  7.848640813109924E-002  5.698470098348460E-004
  7.927520964665298E-002  5.813553676390674E-004
  8.007193874923428E-002  5.930960707609630E-004
  8.087667511241735E-002  6.050736846266184E-004
  8.168949921050911E-002  6.172932536251713E-004
  8.251049232659673E-002  6.297592644614933E-004
  8.333973656067598E-002  6.424771053949567E-004
  8.417731483786131E-002  6.554518180251291E-004
  8.502331091667843E-002  6.686883002429331E-004
  8.587780939744021E-002  6.821919429991359E-004
  8.674089573070681E-002  6.959682120018078E-004
  8.761265622583081E-002  7.100226485261939E-004
  8.849317805958817E-002  7.243608702321058E-004
  8.938254928489606E-002  7.389885719888940E-004
  9.028085883961814E-002  7.539115267080654E-004
  9.118819655545848E-002  7.691355861836095E-004
  9.210465316694479E-002  7.846673461422149E-004
  9.303032032050192E-002  8.005121611515142E-004
  9.396529058361662E-002  8.166770193263062E-004
  9.490965745409435E-002  8.331683347985188E-004
  9.586351536940915E-002  8.499926095434780E-004
  9.682695971614742E-002  8.671559803144726E-004
  9.780008683954670E-002  8.846660333652324E-004
  9.878299405313028E-002  9.025293174498960E-004
  9.977577964843860E-002  9.207533902172431E-004
  0.100778542904859       9.393449895055073E-004
  0.101791384099551       9.583118733065388E-004
  0.102814404517481       9.776619083660526E-004
  0.103847706461540       9.974014257287404E-004
  0.104891393262787       1.017540142354895E-003
  0.105945569290769       1.038085545917601E-003
  0.107010339963968       1.059045700653783E-003
  0.108085811760340       1.080427821333510E-003
  0.109172092227959       1.102242107079367E-003
  0.110269289995778       1.124495516285180E-003
  0.111377514784488       1.147198987258273E-003
  0.112496877417492       1.170360196129664E-003
  0.113627489831985       1.193988391076993E-003
  0.114769465090151       1.218094430295502E-003
  0.115922917390468       1.242685852862613E-003
  0.117087962079126       1.267773782943425E-003
  0.118264715661566       1.293368502441451E-003
  0.119453295814126       1.319477914808914E-003
  0.120653821395813       1.346115085442270E-003
  0.121866412460184       1.373289710802578E-003
  0.123091190267357       1.401012126437531E-003
  0.124328277296133       1.429293835610546E-003
  0.125577797256246       1.458145985445117E-003
  0.126839875100733       1.487580914613970E-003
  0.128114637038430       1.517609569838178E-003
  0.129402210546594       1.548243043098654E-003
  0.130702724383648       1.579494683115773E-003
  0.132016308602060       1.611376969004465E-003
  0.133343094561345       1.643902551371015E-003
  0.134683214941207       1.677083183247438E-003
  0.136036803754799       1.710932923966435E-003
  0.137403996362131       1.745465490530520E-003
  0.138784929483603       1.780694789777124E-003
  0.140179741213677       1.816634374158672E-003
  0.141588571034690       1.853297979137648E-003
  0.143011559830797       1.890701732200224E-003
  0.144448849902064       1.928859219372008E-003
  0.145900584978696       1.967785319443377E-003
  0.147366910235410       2.007497353984944E-003
  0.148847972305953       2.048009516559543E-003
  0.150343919297768       2.089338448152833E-003
  0.151854900806799       2.131499884409370E-003
  0.153381067932457       2.174512058159210E-003
  0.154922573292726       2.218390590415139E-003
  0.156479571039428       2.263153615706822E-003
  0.158052216873633       2.308819521879790E-003
  0.159640668061236       2.355405786926632E-003
  0.161245083448679       2.402930710197260E-003
  0.162865623478839       2.451412840775187E-003
  0.164502450207069       2.500872163704805E-003
  0.166155727317405       2.551327158670972E-003
  0.167825620138936       2.602800137786882E-003
  0.169512295662337       2.655308928070374E-003
  0.171215922556564       2.708876414160380E-003
  0.172936671185727       2.763522167187124E-003
  0.174674713626124       2.819269674656630E-003
  0.176430223683446       2.876140306356586E-003
  0.178203376910161       2.934155720267399E-003
  0.179994350623071       2.993340341679356E-003
  0.181803323921040       3.053716451452040E-003
  0.183630477702903       3.115307878790302E-003
  0.185475994685563       3.178138779019952E-003
  0.187340059422255       3.242234900126684E-003
  0.189222858321007       3.307623617952653E-003
  0.191124579663277       3.374328869008716E-003
  0.193045413622784       3.442376187273954E-003
  0.194985552284525       3.511794028198411E-003
  0.196945189663983       3.582608656955761E-003
  0.198924521726530       3.654847992373629E-003
  0.200923746407019       3.728539027264496E-003
  0.202943063629587       3.803717001777325E-003
  0.204982675327637       3.880405787434743E-003
  0.207042785464040       3.958637511760894E-003
  0.209123600051525       4.038444754199687E-003
  0.211225327173285       4.119853845391168E-003
  0.213348177003785       4.202902226182493E-003
  0.215492361829776       4.287623820507071E-003
  0.217658096071527       4.374044855413614E-003
  0.219845596304268       4.462204184813650E-003
  0.222055081279844       4.552138475311308E-003
  0.224286771948595       4.643879379558639E-003
  0.226540891481447       4.737465903425598E-003
  0.228817665292232       4.832934813263801E-003
  0.231117321060228       4.930319169123138E-003
  0.233440088752929       5.029663733488568E-003
  0.235786200649039       5.131004003966599E-003
  0.238155891361703       5.234381636643559E-003
  0.240549397861967       5.339836006490564E-003
  0.242966959502475       5.447405580316001E-003
  0.245408818041408       5.557138005460369E-003
  0.247875217666652       5.669074351396254E-003
  0.250366405020226       5.783259156031334E-003
  0.252882629222942       5.899734634994637E-003
  0.255424141899316       6.018550938196442E-003
  0.257991197202735       6.139751518781440E-003
  0.260584051840867       6.263383382491448E-003
  0.263202965101337       6.389498665458818E-003
  0.265848198877654       6.518144221568750E-003
  0.268520017695399       6.649373576639332E-003
  0.271218688738682       6.783228850215983E-003
  0.273944481876854       6.919774060057466E-003
  0.276697669691503       7.059055753929884E-003
  0.279478527503702       7.201127241277588E-003
  0.282287333401552       7.346051854780442E-003
  0.285124368267981       7.493878260454150E-003
  0.287989915808842       7.644671396894417E-003
  0.290884262581277       7.798487692740928E-003
  0.293807698022374       7.955381167182212E-003
  0.296760514478113       8.115419255174408E-003
  0.299743007232602       8.278660766816772E-003
  0.302755474537600       8.445171713914330E-003
  0.305798217642350       8.615015797143659E-003
  0.308871540823696       8.788260822147237E-003
  0.311975751416519       8.964975530255059E-003
  0.315111159844464       9.145223056353013E-003
  0.318278079650987       9.329077237592255E-003
  0.321476827530707       9.516612942459843E-003
  0.324707723361079       9.707896105090798E-003
  0.327971090234378       9.903003540366270E-003
  0.331267254490010       1.010201312695946E-002
  0.334596545747148       1.030499031527430E-002
  0.337959296937692       1.051202851443663E-002
  0.341355844339564       1.072319863354804E-002
  0.344786527610334       1.093859304860349E-002
  0.348251689821188       1.115828479808623E-002
  0.351751677491235       1.138236169325419E-002
  0.355286840622158       1.161091275989466E-002
  0.358857532733217       1.184402125918015E-002
  0.362464110896598       1.208177858035938E-002
  0.366106935773123       1.232427383467068E-002
  0.369786371648316       1.257161152524556E-002
  0.373502786468830       1.282386911439403E-002
  0.377256551879244       1.308115726391574E-002
  0.381048043259227       1.334356301120574E-002
  0.384877639761078       1.361120346494044E-002
  0.388745724347637       1.388416104362638E-002
  0.392652683830586       1.416255572369141E-002
  0.396598908909131       1.444648715957012E-002
  0.400584794209066       1.473606370067096E-002
  0.404610738322244       1.503139887795259E-002
  0.408677143846431       1.533260031987933E-002
  0.412784417425568       1.563977333186465E-002
  0.416932969790436       1.595306227020449E-002
  0.421123215799729       1.627256817964634E-002
  0.425355574481538       1.659841619183373E-002
  0.429630469075260       1.693071785647843E-002
  0.433948327073916       1.726959384380262E-002
  0.438309580266904       1.761520506281249E-002
  0.442714664783177       1.796766044973393E-002
  0.447164021134860       1.832709368565744E-002
  0.451658094261293       1.869364026342220E-002
  0.456197333573536       1.906742962323759E-002
  0.460782192999302       1.944862459117115E-002
  0.465413131028355       1.983733459808310E-002
  0.470090610758355       2.023375035831500E-002
  0.474815099941175       2.063796894060339E-002
  0.479587071029670       2.105016921540469E-002
  0.484407001224925       2.147050827879350E-002
  0.489275372523976       2.189912903503579E-002
  0.494192671768011       2.233618442684820E-002
  0.499159390691051       2.278185415340666E-002
  0.504176025969127       2.323628729573556E-002
  0.509243079269949       2.369966814980589E-002
  0.514361057303068       2.417215848218545E-002
  0.519530471870553       2.465393058178237E-002
  0.524751839918169       2.514515903740465E-002
  0.530025683587071       2.564602925999977E-002
  0.535352530266021       2.615670355869959E-002
  0.540732912644127       2.667740635778119E-002
  0.546167368764109       2.720828770363191E-002
  0.551656442076109       2.774956873609281E-002
  0.557200681492031       2.830143888853563E-002
  0.562800641440438       2.886406380551163E-002
  0.568456881921992       2.943769911685044E-002
  0.574169968565453       3.002250692631914E-002
  0.579940472684247       3.061873119404993E-002
  0.585768971333595       3.122655682361173E-002
  0.591656047368219       3.184620689396755E-002
  0.597602289500628       3.247789846602834E-002
  0.603608292359990       3.312187866262784E-002
  0.609674656551598       3.377834335481722E-002
  0.615801988716924       3.444752742505025E-002
  0.621990901594292       3.512968729816078E-002
  0.628242014080147       3.582503667412763E-002
  0.634555951290946       3.653383838767660E-002
  0.640933344625674       3.725630280884241E-002
  0.647374831828976       3.799271795794067E-002
  0.653881057054943       3.874331927329025E-002
  0.660452670931517       3.950840206702091E-002
  0.667090330625564       4.028817044656737E-002
  0.673794699908584       4.108288827023994E-002
  0.680566449223092       4.189286135089908E-002
  0.687406255749663       4.271834168196183E-002
  0.694314803474649       4.355962328868113E-002
  0.701292783258581       4.441696503669033E-002
  0.708340892905250       4.529068793200428E-002
  0.715459837231497       4.618101866219104E-002
  0.722650328137685       4.708832531021129E-002
  0.729913084678898       4.801282169133878E-002
  0.737248833136841       4.895486408013501E-002
  0.744658307092474       4.991475329610082E-002
  0.752142247499367       5.089279398109745E-002
  0.759701402757797       5.188927429145703E-002
  0.767336528789590       5.290454722563024E-002
  0.775048389113711       5.393890888530668E-002
  0.782837754922619       5.499272091071441E-002
  0.790705405159386       5.606626676011459E-002
  0.798652126595593       5.715989571821935E-002
  0.806678713910004       5.827391966062280E-002
  0.814785969768042       5.940867526678159E-002
  0.822974704902046       6.056456694104081E-002
  0.831245738192356       6.174189817594935E-002
  0.839599896749192       6.294104006967084E-002
  0.848038015995371       6.416230397997968E-002
  0.856560939749851       6.540611280250787E-002
  0.865169520312109       6.667276485845809E-002
  0.873864618547375       6.796264891835967E-002
  0.882647103972719       6.927611482568544E-002
  0.891517854844001       7.061356061705457E-002
  0.900477758243703       7.197534505725016E-002
  0.909527710169629       7.336185337171383E-002
  0.918668615624514       7.477340834490200E-002
  0.927901388706522       7.621040360956928E-002
  0.937226952700654       7.767328276826214E-002
  0.946646240171081       7.916235886702745E-002
  0.956160193054400       8.067808496664021E-002
  0.965769762753827       8.222078230136433E-002
  0.975475910234340       8.379086745645813E-002
  0.985279606118776       8.538871567290154E-002
  0.995181830784893       8.701475288951491E-002
   1.00518357446341       8.866931651845290E-002
   1.01528583733703       9.035281780682158E-002
   1.02548962964045       9.206564907173782E-002
   1.03579597176142       9.380823067131885E-002
   1.04620589434273       9.558089225071194E-002
   1.05672043838532       9.738403837824836E-002
   1.06734065535235       9.921810213691122E-002
   1.07806760727436       0.101083424575991     
   1.08890236685550       0.102980398490571     
   1.09984601758074       0.104909322771824     
   1.11089965382429       0.106870695250251     
   1.12206438095896       0.108864821985441     
   1.13334131546680       0.110892160303059     
   1.14473158505063       0.112952922912399     
   1.15623632874691       0.115047523535447     
   1.16785669703960       0.117176430559161     
   1.17959385197521       0.119339965501894     
   1.19144896727902       0.121538248288149     
   1.20342322847244       0.123771857993595     
   1.21551783299155       0.126041020754970     
   1.22773399030690       0.128346118149499     
   1.24007292204440       0.130687431108584     
   1.25253586210750       0.133065189590849     
   1.26512405680059       0.135479886363523     
   1.27783876495364       0.137931650229271     
   1.29068125804805       0.140420661163017     
   1.30365282034384       0.142947471454512     
   1.31675474900804       0.145512104241041     
   1.32998835424444       0.148114847815234     
   1.34335495942459       0.150756045846955     
   1.35685590122016       0.153435772424419     
   1.37049252973656       0.156154426493641     
   1.38426620864802       0.158912025902026     
   1.39817831533390       0.161708860279586     
   1.41223024101646       0.164545054011826     
   1.42642339089999       0.167420673591518     
   1.44075918431130       0.170336062429907     
   1.45523905484168       0.173291171946206     
   1.46986445049025       0.176286174356101     
   1.48463683380875       0.179321126925219     
   1.49955768204784       0.182396254957052     
   1.51462848730477       0.185511381424045     
   1.52985075667262       0.188666840849212     
   1.54522601239102       0.191862505562997     
   1.56075579199835       0.195098474026535     
   1.57644164848552       0.198374783465052     
   1.59228515045124       0.201691231603549     
   1.60828788225892       0.205048199645802     
   1.62445144419506       0.208445179302896     
   1.64077745262934       0.211882365200841     
   1.65726754017620       0.215359831188797     
   1.67392335585814       0.218877225269529     
   1.69074656527060       0.222434548173523     
   1.70773885074856       0.226031735230817     
   1.72490191153470       0.229668593451938     
   1.74223746394943       0.233344983249351     
   1.75974724156242       0.237060572119908     
   1.77743299536602       0.240815327856113     
   1.79529649395037       0.244608838051456     
   1.81333952368019       0.248440929338906     
   1.83156388887350       0.252311104838870     
   1.84997141198201       0.256219044163943     
   1.86856393377336       0.260164225070929     
   1.88734331351523       0.264146046803291     
   1.90631142916125       0.268164021681791     
   1.92547017753878       0.272217259830349     
   1.94482147453862       0.276305045256957     
   1.96436725530661       0.280426186089772     
   1.98410947443711       0.284579857819950     
   2.00405010616849       0.288764621405919     
   2.02419114458053       0.292978939523865     
   2.04453460379385       0.297221040975205     
   2.06508251817134       0.301489116521756     
   2.08583694252156       0.305780947532851     
   2.10679995230423       0.310093930086481     
   2.12797364383781       0.314425304270324     
   2.14936013450908       0.318771911369224     
   2.17096156298495       0.323130218974139     
   2.19278008942625       0.327496208713811     
   2.21481789570382       0.331865642906842     
   2.23707718561665       0.336233675997144     
   2.25956018511228       0.340595086020169     
   2.28226914250939       0.344944372179929     
   2.30520632872265       0.349275323829918     
   2.32837403748980       0.353581573990522     
   2.35177458560101       0.357856238960901     
   2.37541031313060       0.362092338688967     
   2.39928358367102       0.366282470602015     
   2.42339678456921       0.370419200473055     
   2.44775232716537       0.374495136473373     
   2.47235264703404       0.378503005445960     
   2.49720020422772       0.382435694548151     
   2.52229748352282       0.386286757526940     
   2.54764699466820       0.390050246808746     
   2.57325127263610       0.393721101991680     
   2.59911287787564       0.397295211096482     
   2.62523439656890       0.400769397662250     
   2.65161844088952       0.404141635168857     
   2.67826764926392       0.407410713580060     
   2.70518468663515       0.410576125793798     
   2.73237224472936       0.413637468009150     
   2.75983304232504       0.416594461694418     
   2.78756982552481       0.419446752062768     
   2.81558536803012       0.422194160707411     
   2.84388247141856       0.424836483289189     
   2.87246396542406       0.427373587705063     
   2.90133270821982       0.429805376046393     
   2.93049158670419       0.432131810326325     
   2.95994351678932       0.434352881233957     
   2.98969144369275       0.436468649087942     
   3.01973834223197       0.438479203451736     
   3.05008721712187       0.440384672153452     
   3.08074110327523       0.442185239690418     
   3.11170306610621       0.443881121776818     
   3.14297620183689       0.445472581947335     
   3.17456363780692       0.446959940526062     
   3.20646853278620       0.448343501386840     
   3.23869407729083       0.449623685238210     
   3.27124349390210       0.450800884561546     
   3.30412003758882       0.451875600575059     
   3.33732699603273       0.452848243154452     
   3.37086768995737       0.453719374734280     
   3.40474547346006       0.454489541595055     
   3.43896373434740       0.455159294832270     
   3.47352589447398       0.455729233718768     
   3.50843541008463       0.456200028508516     
   3.54369577215999       0.456572268127593     
   3.57931050676566       0.456846612422048     
   3.61528317540477       0.457023771468461     
   3.65161737537417       0.457104350408406     
   3.68831674012413       0.457089227601512     
   3.72538493962172       0.456978885326274     
   3.76282568071776       0.456774259908694     
   3.80064270751757       0.456475910907232     
   3.83883980175534       0.456084560186277     
   3.87742078317234       0.455600911852697     
   3.91638950989885       0.455025743911170     
   3.95574987884001       0.454359724102927     
   3.99550582606553       0.453603546822683     
   4.03566132720326       0.452757933506582     
   4.07622039783677       0.451823491627913     
   4.11718709390692       0.450800901023145     
   4.15856551211746       0.449690915444092     
   4.20035979034470       0.448494029220796     
   4.24257410805129       0.447210999390549     
   4.28521268670417       0.445842368799611     
   4.32827979019674       0.444388800412883     
   4.37177972527525       0.442850884840879     
   4.41571684196944       0.441229138257432     
   4.46009553402761       0.439524296093576     
   4.50492023935594       0.437736872365022     
   4.55019544046231       0.435867303229822     
   4.59592566490458       0.433916445275911     
   4.64211548574328       0.431884781091792     
   4.68876952199901       0.429772813978217     
   4.73589243911425       0.427581169856885     
   4.78348894942000       0.425310395892469     
   4.83156381260694       0.422961266149443     
   4.88012183620146       0.420534477624429     
   4.92916787604638       0.418030440711784     
   4.97870683678656       0.415450001002064     
   5.02874367235935       0.412794240596415     
   5.07928338649002       0.410063536707360     
   5.13033103319208       0.407258706911722     
   5.18189171727275       0.404380807441849     
   5.23397059484341       0.401430925246049     
   5.28657287383521       0.398409534304785     
   5.33970381451988       0.395318314024459     
   5.39336873003577       0.392157793795813     
   5.44757298691916       0.388929394160979     
   5.50232200564090       0.385634463263004     
   5.55762126114848       0.382274054461357     
   5.61347628341355       0.378849582251636     
   5.66989265798487       0.375362830979553     
   5.72687602654691       0.371814846365389     
   5.78443208748403       0.368207376270039     
   5.84256659645026       0.364542097979754     
   5.90128536694497       0.360820956194734     
   5.96059427089412       0.357045485313224     
   6.02049923923754       0.353217715082461     
   6.08100626252198       0.349339376627951     
   6.14212139150020       0.345412820097571     
   6.20385073773602       0.341439750479009     
   6.26620047421550       0.337422730159889     
   6.32917683596426       0.333363555493851     
   6.39278612067095       0.329264611918299     
   6.45703468931704       0.325128166531648     
   6.52192896681295       0.320956547591313     
   6.58747544264049       0.316752122319189     
   6.65368067150188       0.312517292225956     
   6.72055127397517       0.308254488306297     
   6.78809393717634       0.303966166142072     
   6.85631541542799       0.299654800945617     
   6.92522253093480       0.295322882577743     
   6.99482217446574       0.290972910569532     
   7.06512130604316       0.286607389178972     
   7.13612695563881       0.282228822507573     
   7.20784622387682       0.277839709703808     
   7.28028628274377       0.273442540274068     
   7.35345437630592       0.269039789523473     
   7.42735782143360       0.264633914142612     
   7.50200400853291       0.260227347958023     
   7.57740040228476       0.255822497857983     
   7.65355454239136       0.251421739907089     
   7.73047404433019       0.247027415656992     
   7.80816660011553       0.242641828662812     
   7.88663997906771       0.238267241208785     
   7.96590202859002       0.233905871249197     
   8.04596067495346       0.229559889564848     
   8.12682392408939       0.225231417138099     
   8.20849986239010       0.220922522744003     
   8.29099665751749       0.216635220758050     
   8.37432255921982       0.212371469175804     
   8.45848590015670       0.208133167842962     
   8.54349509673235       0.203922156889322     
   8.62935864993728       0.199740215363686     
   8.71608514619836       0.195589060061820     
   8.80368325823749       0.191470344543378     
   8.89216174593887       0.187385658328956     
   8.98152945722500       0.183336526272412     
   9.07179532894149       0.179324408098977     
   9.16296838775072       0.175350698103822     
   9.25505775103457       0.171416725001263     
   9.34807262780609       0.167523751919009     
   9.44202231963048       0.163672976527543     
   9.53691622155521       0.159865531298974     
   9.63276382304955       0.156102483885527     
   9.72957470895352       0.152384837612121     
   9.82735856043640       0.148713532073405     
   9.92612515596481       0.145089443829934     
   10.0258843722806       0.141513387194169     
   10.1266461853886       0.137986115101316     
   10.2284206715540       0.134508320056076     
   10.3312180083103       0.131080635150703     
   10.4350484754768       0.127703635145900     
   10.5399224561867       0.124377837610396     
   10.6458504379255       0.121103704111188     
   10.7528430135798       0.117881641450783     
   10.8609108824961       0.114712002943926     
   10.9700648515514       0.111595089730600     
   11.0803158362337       0.108531152118342     
   11.1916748617332       0.105520390951096     
   11.3041530640453       0.102562958998190     
   11.4177616910839       9.965896236111912E-002
   11.5325121038065       9.680846189223415E-002
   11.6484157773500       9.401147462346171E-002
   11.7654843021782       9.126797519966146E-002
   11.8837293852412       8.857789731518002E-002
   12.0031628511459       8.594113514868083E-002
   12.1237966433384       8.335754479521854E-002
   12.2456428252985       8.082694569109901E-002
   12.3687135817458       7.834912203087099E-002
   12.4930212198585       7.592382417242398E-002
   12.6185781705042       7.355077002989210E-002
   12.7453969894824       7.122964645074299E-002
   12.8734903587807       6.896011057707362E-002
   13.0028710878429       6.674179118787138E-002
   13.1335521148496       6.457429002254832E-002
   13.2655465080125       6.245718308286376E-002
   13.3988674668808       6.039002191379121E-002
   13.5335283236616       5.837233486077476E-002
   13.6695425445527       5.640362830414919E-002
   13.8069237310896       5.448338786846596E-002
   13.9456856215054       5.261107960768908E-002
   14.0858420921048       5.078615116427013E-002
   14.2274071586517       4.900803290322486E-002
   14.3703949777706       4.727613901946232E-002
   14.5148198483627       4.558986861961362E-002
   14.6606962130353       4.394860677683021E-002
   14.8080386595466       4.235172555989430E-002
   14.9568619222638       4.079858503530014E-002
   15.1071808836374       3.928853424372593E-002
   15.2590105756887       3.782091214971137E-002
   15.4123661815135       3.639504856601831E-002
   15.5672630368000       3.501026505162225E-002
   15.7237166313631       3.366587578484508E-002
   15.8817426106924       3.236118841069115E-002
   16.0413567775176       3.109550486390876E-002
   16.2025750933884       2.986812216693296E-002
   16.3654136802707       2.867833320422716E-002
   16.5298888221590       2.752542747226008E-002
   16.6960169667044       2.640869180658173E-002
   16.8638147268599       2.532741108507068E-002
   17.0332988825413       2.428086891094081E-002
   17.2044863823054       2.326834826840912E-002
   17.3773943450448       2.228913216171416E-002
   17.5520400617000       2.134250423205546E-002
   17.7284409969881       2.042774935255409E-002
   17.9066147911497       1.954415420577270E-002
   18.0865792617125       1.869100783683196E-002
   18.2683524052738       1.786760218623522E-002
   18.4519523992993       1.707323260362827E-002
   18.6373976039413       1.630719834178517E-002
   18.8247065638750       1.556880303251488E-002
   19.0138980101524       1.485735514315567E-002
   19.2049908620758       1.417216841515831E-002
   19.3980042290895       1.351256228437813E-002
   19.5929574126913       1.287786228362305E-002
   19.7898699083618       1.226740042771880E-002
   19.9887614075148       1.168051558161201E-002
   20.1896517994659       1.111655381103552E-002
   20.3925611734217       1.057486871663226E-002
   20.5975098204887       1.005482175108152E-002
   20.8045182357024       9.555782520065757E-003
   21.0136071200768       9.077129066642452E-003
   21.2247973826747       8.618248139806091E-003
   21.4381101426982       8.178535446830263E-003
   21.6535667316011       7.757395890125372E-003
   21.8711886952218       7.354243788231853E-003
   22.0909977959382       6.968503081641807E-003
   22.3130160148434       6.599607523100652E-003
   22.5372655539442       6.247000853046599E-003
   22.7637688383816       5.910136959874733E-003
   22.9925485186728       5.588480025653780E-003
   23.2236274729763       5.281504657021921E-003
   23.4570288093801       4.988696001865378E-003
   23.6927758682126       4.709549851549189E-003
   23.9308922243758       4.443572729284823E-003
   24.1714016897040       4.190281964449832E-003
   24.4143283153441       3.949205753430516E-003
   24.6596963941610       3.719883206850036E-003
   24.9075304631672       3.501864383744726E-003
   25.1578553059760       3.294710312598868E-003
   25.4106959552804       3.097992999796694E-003
   25.6660776953560       2.911295425450403E-003
   25.9240260645895       2.734211527162026E-003
   26.1845668580330       2.566346171726458E-003
   26.4477261299828       2.407315115334859E-003
   26.7135301965854       2.256744952333506E-003
   26.9820056384691       2.114273053100187E-003
   27.2531793034017       1.979547491139455E-003
   27.5270783089756       1.852226959962421E-003
   27.8037300453198       1.731980679896394E-003
   28.0831621778384       1.618488295393617E-003
   28.3654026499774       1.511439763025394E-003
   28.6504796860194       1.410535230733703E-003
   28.9384217939055       1.315484908564025E-003
   29.2292577680863       1.226008931452844E-003
   29.5230166924018       1.141837214326934E-003
   29.8197279429891       1.062709300087207E-003
   30.1194211912206       9.883742007630336E-004
   30.4221264066708       9.185902324067028E-004
   30.7278738601135       8.531248440377765E-004
   31.0366941265489       7.917544412010302E-004
   31.3486180882609       7.342642044664546E-004
   31.6636769379057       6.804479034259348E-004
   31.9819021816308       6.301077065285112E-004
   32.3033256422257       5.830539872964684E-004
   32.6279794623044       5.391051272721621E-004
   32.9558961075193       4.980873162217463E-004
   33.2871083698084       4.598343499477096E-004
   33.6216493706737       4.241874262157041E-004
   33.9595525644943       3.909949391430583E-004
   34.3008517418711       3.601122725296108E-004
   34.6455810330062       3.314015924692387E-004
   34.9937749111159       3.047316396965366E-004
   35.3454681958784       2.799775219958193E-004
   35.7006960569151       2.570205070996800E-004
   36.0594940173082       2.357478163893037E-004
   36.4218979571527       2.160524197930171E-004
   36.7879441171446       1.978328321749279E-004
   37.1576691022050       1.809929115757119E-004
   37.5311098851404       1.654416595728867E-004
   37.9083038103403       1.510930240861342E-004
   38.2892885975116       1.378657048678814E-004
   38.6741023454505       1.256829619672034E-004
   39.0627835358525       1.144724273783322E-004
   39.4553710371605       1.041659201238515E-004
   39.8519041084518       9.469926495364665E-005
   40.2524224033640       8.601211487161740E-005
   40.6569659740603       7.804777764022398E-005
   41.0655752752350       7.075304643714638E-005
   41.4782911681585       6.407803478287116E-005
   41.8951549247643       5.797601587656662E-005
   42.3162082317753       5.240326642808946E-005
   42.7414931948731       4.731891508782564E-005
   43.1710523429084       4.268479553204102E-005
   43.6049286321540       3.846530427147646E-005
   44.0431654506003       3.462726321197393E-005
   44.4858066222945       3.113978700297391E-005
   44.9328964117226       2.797415517548191E-005
   45.3844795282360       2.510368907585236E-005
   45.8406011305228       2.250363357185860E-005
   46.3013068311232       2.015104351057533E-005
   46.7666427009913       1.802467488176357E-005
   47.2366552741019       1.610488064233650E-005
   47.7113915521038       1.437351113538888E-005
   48.1908990090206       1.281381903843098E-005
   48.6752255959976       1.141036875682338E-005
   49.1644197460969       1.014895017919791E-005
   49.6585303791413       9.016496696176001E-006
   50.1576069066059       8.001007384402741E-006
   50.6616992365594       7.091473245338773E-006
   51.1708577786546       6.277807389096408E-006
   51.6851334491703       5.550779043661692E-006
   52.2045776761020       4.901951270984202E-006
   52.7292424043052       4.323622263841829E-006
   53.2591801006901       3.808770098928669E-006
   53.7944437594678       3.351000816153850E-006
   54.3350869074504       2.944499696139288E-006
   54.8811636094030       2.583985604308670E-006
   55.4327284734511       2.264668272438535E-006
   55.9898366565406       1.982208386569215E-006
   56.5525438699541       1.732680353117170E-006
   57.1209063848819       1.512537614446851E-006
   57.6949810380490       1.318580388530584E-006
   58.2748252373993       1.147925707909210E-006
   58.8604969678359       9.979796369056102E-007
   59.4520547970198       8.664115475856396E-007
   60.0495578812270       7.511303389988600E-007
   60.6530659712637       6.502624865368081E-007
   61.2626394184420       5.621318125046084E-007
   61.8783391806144       4.852408718905704E-007
   62.5002268282704       4.182538517155116E-007
   63.1283645506930       3.599808856532174E-007
   63.7628151621777       3.093636900694762E-007
   64.4036421083145       2.654624312127403E-007
   65.0509094723320       2.274437377285965E-007
   65.7046819815060       1.945697764045635E-007
   66.3650250136323       1.661883134066969E-007
   67.0320046035642       1.417236870418002E-007
   67.7056874498168       1.206686222886190E-007
   68.3861409212359       1.025768210666020E-007
   69.0734330637358       8.705626621956307E-008
   69.7676326071034       7.376318079643316E-008
   70.4688089718716       6.239658798198012E-008
   71.1770322762612       5.269342045322440E-008
   71.8923733431929       4.442413144323111E-008
   72.6149037073694       3.738876299443248E-008
   73.3446956224292       3.141343010228165E-008
   74.0818220681720       2.634718239982138E-008
   74.8263567578568       2.205920795499956E-008
   75.5783741455728       1.843634643497739E-008
   76.3379494336856       1.538088151336520E-008
   77.1051585803569       1.280858480474087E-008
   77.8800783071407       1.064698593819137E-008
   78.6627861066556       8.833845518585357E-009
   79.4533602503336       7.315809762742140E-009
   80.2518797962481       6.047227489033680E-009
   81.0584245970189       4.989111876200459E-009
   81.8730753077984       4.108231087049809E-009
   82.6959133943364       3.376313318921622E-009
   83.5270211411274       2.769353285248085E-009
   84.3664816596386       2.267008400911033E-009
   85.2143788966213       1.852074137101428E-009
   86.0707976425060       1.510029102796489E-009
   86.9358235398808       1.228641401179402E-009
   87.8095430920563       9.976287206627155E-010
   88.6920436717159       8.083654431888697E-010
   89.5834135296530       6.536308041403950E-010
   90.4837418035961       5.273928140684231E-010
   91.3931185271229       4.246232676529750E-010
   92.3116346386637       3.411397115177672E-010
   93.2393819905949       2.734707360575912E-010
   94.1764533584250       2.187414371552193E-010
   95.1229424500715       1.745761727576765E-010
   96.0789439152324       1.390162600773966E-010
   97.0445533548509       1.104504322021416E-010
   98.0198673306756       8.755668094194590E-011
   99.0049833749169       6.925197731653938E-011
   100.000000000000       5.465231300346716E-011
