  0.0000000000E+00  0.0000000000E+00  0.0000000000E+00
  3.0000000000E-04 -9.1164777916E-15 -9.0281496575E-19
  1.2000000000E-03 -3.6452864571E-14 -1.4441544243E-17
  2.7000000000E-03 -8.1970040033E-14 -7.3080835375E-17
  4.8000000000E-03 -1.4560286858E-13 -2.3084113496E-16
  7.5000000000E-03 -2.2726029657E-13 -5.6316792397E-16
  1.0800000000E-02 -3.2682548829E-13 -1.1667490154E-15
  1.4700000000E-02 -4.4415600029E-13 -2.1592802816E-15
  1.9200000000E-02 -5.7908399408E-13 -3.6791802822E-15
  2.4300000000E-02 -7.3141648647E-13 -5.8852543670E-15
  3.0000000000E-02 -9.0093563756E-13 -8.9563089286E-15
  3.6300000000E-02 -1.0873990755E-12 -1.3090716582E-14
  4.3200000000E-02 -1.2905402581E-12 -1.8505933143E-14
  5.0700000000E-02 -1.5100688696E-12 -2.5437967384E-14
  5.8800000000E-02 -1.7456712537E-12 -3.4140804626E-14
  6.7500000000E-02 -1.9970108803E-12 -4.4885785333E-14
  7.6800000000E-02 -2.2637288464E-12 -5.7960939959E-14
  8.6700000000E-02 -2.5454444103E-12 -7.3670281390E-14
  9.7200000000E-02 -2.8417555574E-12 -9.2333056398E-14
  1.0830000000E-01 -3.1522395975E-12 -1.1428295763E-13
  1.2000000000E-01 -3.4764537928E-12 -1.3986729772E-13
  1.3230000000E-01 -3.8139360148E-12 -1.6944614715E-13
  1.4520000000E-01 -4.1642054293E-12 -2.0339143770E-13
  1.5870000000E-01 -4.5267632094E-12 -2.4208603315E-13
  1.7280000000E-01 -4.9010932734E-12 -2.8592276928E-13
  1.8750000000E-01 -5.2866630487E-12 -3.3530346497E-13
  2.0280000000E-01 -5.6829242589E-12 -3.9063790648E-13
  2.1870000000E-01 -6.0893137328E-12 -4.5234280689E-13
  2.3520000000E-01 -6.5052542358E-12 -5.2084074298E-13
  2.5230000000E-01 -6.9301553196E-12 -5.9655907146E-13
  2.7000000000E-01 -7.3634141920E-12 -6.7992882693E-13
  2.8830000000E-01 -7.8044166024E-12 -7.7138360379E-13
  3.0720000000E-01 -8.2525377439E-12 -8.7135842428E-13
  3.2670000000E-01 -8.7071431693E-12 -9.8028859503E-13
  3.4680000000E-01 -9.1675897203E-12 -1.0986085545E-12
  3.6750000000E-01 -9.6332264677E-12 -1.2267507134E-12
  3.8880000000E-01 -1.0103395662E-11 -1.3651442910E-12
  4.1070000000E-01 -1.0577433691E-11 -1.5142141490E-12
  4.3320000000E-01 -1.1054672048E-11 -1.6743796259E-12
  4.5630000000E-01 -1.1534438300E-11 -1.8460533741E-12
  4.8000000000E-01 -1.2016057064E-11 -2.0296402018E-12
  5.0430000000E-01 -1.2498850987E-11 -2.2255359230E-12
  5.2920000000E-01 -1.2982141719E-11 -2.4341262167E-12
  5.5470000000E-01 -1.3465250895E-11 -2.6557854987E-12
  5.8080000000E-01 -1.3947501109E-11 -2.8908758075E-12
  6.0750000000E-01 -1.4428216886E-11 -3.1397457077E-12
  6.3480000000E-01 -1.4906725647E-11 -3.4027292123E-12
  6.6270000000E-01 -1.5382358675E-11 -3.6801447257E-12
  6.9120000000E-01 -1.5854452059E-11 -3.9722940115E-12
  7.2030000000E-01 -1.6322347641E-11 -4.2794611853E-12
  7.5000000000E-01 -1.6785393949E-11 -4.6019117353E-12
  7.8030000000E-01 -1.7242947111E-11 -4.9398915732E-12
  8.1120000000E-01 -1.7694371763E-11 -5.2936261173E-12
  8.4270000000E-01 -1.8139041941E-11 -5.6633194090E-12
  8.7480000000E-01 -1.8576341951E-11 -6.0491532651E-12
  9.0750000000E-01 -1.9005667225E-11 -6.4512864685E-12
  9.4080000000E-01 -1.9426425160E-11 -6.8698539978E-12
  9.7470000000E-01 -1.9838035934E-11 -7.3049662977E-12
  1.0092000000E+00 -2.0239933296E-11 -7.7567085931E-12
  1.0443000000E+00 -2.0631565343E-11 -8.2251402463E-12
  1.0800000000E+00 -2.1012395268E-11 -8.7102941609E-12
  1.1163000000E+00 -2.1381902079E-11 -9.2121762322E-12
  1.1532000000E+00 -2.1739581301E-11 -9.7307648462E-12
  1.1907000000E+00 -2.2084945641E-11 -1.0266010428E-11
  1.2288000000E+00 -2.2417525635E-11 -1.0817835041E-11
  1.2675000000E+00 -2.2736870260E-11 -1.1386132038E-11
  1.3068000000E+00 -2.3042547515E-11 -1.1970765763E-11
  1.3467000000E+00 -2.3334144976E-11 -1.2571571310E-11
  1.3872000000E+00 -2.3611270320E-11 -1.3188354331E-11
  1.4283000000E+00 -2.3873551812E-11 -1.3820890905E-11
  1.4700000000E+00 -2.4120638762E-11 -1.4468927455E-11
  1.5123000000E+00 -2.4352201951E-11 -1.5132180724E-11
  1.5552000000E+00 -2.4567934021E-11 -1.5810337810E-11
  1.5987000000E+00 -2.4767549830E-11 -1.6503056252E-11
  1.6428000000E+00 -2.4950786773E-11 -1.7209964172E-11
  1.6875000000E+00 -2.5117405072E-11 -1.7930660477E-11
  1.7328000000E+00 -2.5267188022E-11 -1.8664715116E-11
  1.7787000000E+00 -2.5399942210E-11 -1.9411669388E-11
  1.8252000000E+00 -2.5515497692E-11 -2.0171036312E-11
  1.8723000000E+00 -2.5613708141E-11 -2.0942301049E-11
  1.9200000000E+00 -2.5694450950E-11 -2.1724921375E-11
  1.9683000000E+00 -2.5757627307E-11 -2.2518328214E-11
  2.0172000000E+00 -2.5803162230E-11 -2.3321926218E-11
  2.0667000000E+00 -2.5831004565E-11 -2.4135094405E-11
  2.1168000000E+00 -2.5841126954E-11 -2.4957186842E-11
  2.1675000000E+00 -2.5833525760E-11 -2.5787533382E-11
  2.2188000000E+00 -2.5808220962E-11 -2.6625440451E-11
  2.2707000000E+00 -2.5765256016E-11 -2.7470191877E-11
  2.3232000000E+00 -2.5704697674E-11 -2.8321049770E-11
  2.3763000000E+00 -2.5626635777E-11 -2.9177255447E-11
  2.4300000000E+00 -2.5531183012E-11 -3.0038030399E-11
  2.4843000000E+00 -2.5418474633E-11 -3.0902577298E-11
  2.5392000000E+00 -2.5288668155E-11 -3.1770081047E-11
  2.5947000000E+00 -2.5141943008E-11 -3.2639709871E-11
  2.6508000000E+00 -2.4978500170E-11 -3.3510616435E-11
  2.7075000000E+00 -2.4798561762E-11 -3.4381939007E-11
  2.7648000000E+00 -2.4602370613E-11 -3.5252802648E-11
  2.8227000000E+00 -2.4390189805E-11 -3.6122320434E-11
  2.8812000000E+00 -2.4162302179E-11 -3.6989594709E-11
  2.9403000000E+00 -2.3919009821E-11 -3.7853718357E-11
  3.0000000000E+00 -2.3660633521E-11 -3.8713776111E-11
  3.0603000000E+00 -2.3387512203E-11 -3.9568845869E-11
  3.1212000000E+00 -2.3100002334E-11 -4.0418000044E-11
  3.1827000000E+00 -2.2798477315E-11 -4.1260306921E-11
  3.2448000000E+00 -2.2483326838E-11 -4.2094832033E-11
  3.3075000000E+00 -2.2154956231E-11 -4.2920639551E-11
  3.3708000000E+00 -2.1813785785E-11 -4.3736793683E-11
  3.4347000000E+00 -2.1460250056E-11 -4.4542360082E-11
  3.4992000000E+00 -2.1094797152E-11 -4.5336407254E-11
  3.5643000000E+00 -2.0717888005E-11 -4.6118007980E-11
  3.6300000000E+00 -2.0329995631E-11 -4.6886240725E-11
  3.6963000000E+00 -1.9931604369E-11 -4.7640191059E-11
  3.7632000000E+00 -1.9523209115E-11 -4.8378953059E-11
  3.8307000000E+00 -1.9105314539E-11 -4.9101630718E-11
  3.8988000000E+00 -1.8678434300E-11 -4.9807339337E-11
  3.9675000000E+00 -1.8243090242E-11 -5.0495206902E-11
  4.0368000000E+00 -1.7799811595E-11 -5.1164375458E-11
  4.1067000000E+00 -1.7349134160E-11 -5.1814002455E-11
  4.1772000000E+00 -1.6891599494E-11 -5.2443262083E-11
  4.2483000000E+00 -1.6427754092E-11 -5.3051346579E-11
  4.3200000000E+00 -1.5958148569E-11 -5.3637467518E-11
  4.3923000000E+00 -1.5483336836E-11 -5.4200857071E-11
  4.4652000000E+00 -1.5003875280E-11 -5.4740769239E-11
  4.5387000000E+00 -1.4520321949E-11 -5.5256481057E-11
  4.6128000000E+00 -1.4033235736E-11 -5.5747293763E-11
  4.6875000000E+00 -1.3543175567E-11 -5.6212533933E-11
  4.7628000000E+00 -1.3050699600E-11 -5.6651554585E-11
  4.8387000000E+00 -1.2556364427E-11 -5.7063736234E-11
  4.9152000000E+00 -1.2060724285E-11 -5.7448487920E-11
  4.9923000000E+00 -1.1564330279E-11 -5.7805248182E-11
  5.0700000000E+00 -1.1067729611E-11 -5.8133485995E-11
  5.1483000000E+00 -1.0571464824E-11 -5.8432701662E-11
  5.2272000000E+00 -1.0076073063E-11 -5.8702427655E-11
  5.3067000000E+00 -9.5820853387E-12 -5.8942229411E-11
  5.3868000000E+00 -9.0900258187E-12 -5.9151706075E-11
  5.4675000000E+00 -8.6004111275E-12 -5.9330491197E-11
  5.5488000000E+00 -8.1137496659E-12 -5.9478253374E-11
  5.6307000000E+00 -7.6305409482E-12 -5.9594696835E-11
  5.7132000000E+00 -7.1512749587E-12 -5.9679561976E-11
  5.7963000000E+00 -6.6764315279E-12 -5.9732625841E-11
  5.8800000000E+00 -6.2064797298E-12 -5.9753702540E-11
  5.9643000000E+00 -5.7418773002E-12 -5.9742643620E-11
  6.0492000000E+00 -5.2830700779E-12 -5.9699338367E-11
  6.1347000000E+00 -4.8304914687E-12 -5.9623714057E-11
  6.2208000000E+00 -4.3845619336E-12 -5.9515736151E-11
  6.3075000000E+00 -3.9456885006E-12 -5.9375408422E-11
  6.3948000000E+00 -3.5142643020E-12 -5.9202773031E-11
  6.4827000000E+00 -3.0906681374E-12 -5.8997910539E-11
  6.5712000000E+00 -2.6752640625E-12 -5.8760939865E-11
  6.6603000000E+00 -2.2684010040E-12 -5.8492018174E-11
  6.7500000000E+00 -1.8704124022E-12 -5.8191340723E-11
  6.8403000000E+00 -1.4816158802E-12 -5.7859140630E-11
  6.9312000000E+00 -1.1023129409E-12 -5.7495688598E-11
  7.0227000000E+00 -7.3278869148E-13 -5.7101292575E-11
  7.1148000000E+00 -3.7331159678E-13 -5.6676297360E-11
  7.2075000000E+00 -2.4133259779E-14 -5.6221084146E-11
  7.3008000000E+00  3.1451176895E-13 -5.5736070017E-11
  7.3947000000E+00  6.4240615360E-13 -5.5221707380E-11
  7.4892000000E+00  9.5934990714E-13 -5.4678483354E-11
  7.5843000000E+00  1.2651604969E-12 -5.4106919093E-11
  7.6800000000E+00  1.5596729219E-12 -5.3507569071E-11
  7.7763000000E+00  1.8427397620E-12 -5.2881020306E-11
  7.8732000000E+00  2.1142311992E-12 -5.2227891537E-11
  7.9707000000E+00  2.3740350109E-12 -5.1548832361E-11
  8.0688000000E+00  2.6220565358E-12 -5.0844522314E-11
  8.1675000000E+00  2.8582186127E-12 -5.0115669909E-11
  8.2668000000E+00  3.0824614923E-12 -4.9363011639E-11
  8.3667000000E+00  3.2947427224E-12 -4.8587310927E-11
  8.4672000000E+00  3.4950370073E-12 -4.7789357045E-11
  8.5683000000E+00  3.6833360415E-12 -4.6969963993E-11
  8.6700000000E+00  3.8596483183E-12 -4.6129969340E-11
  8.7723000000E+00  4.0239989142E-12 -4.5270233033E-11
  8.8752000000E+00  4.1764292486E-12 -4.4391636176E-11
  8.9787000000E+00  4.3169968214E-12 -4.3495079775E-11
  9.0828000000E+00  4.4457749267E-12 -4.2581483458E-11
  9.1875000000E+00  4.5628523452E-12 -4.1651784172E-11
  9.2928000000E+00  4.6683330153E-12 -4.0706934848E-11
  9.3987000000E+00  4.7623356839E-12 -3.9747903057E-11
  9.5052000000E+00  4.8449935368E-12 -3.8775669636E-11
  9.6123000000E+00  4.9164538107E-12 -3.7791227306E-11
  9.7200000000E+00  4.9768773872E-12 -3.6795579269E-11
  9.8283000000E+00  5.0264383692E-12 -3.5789737799E-11
  9.9372000000E+00  5.0653236412E-12 -3.4774722819E-11
  1.0046700000E+01  5.0937324140E-12 -3.3751560472E-11
  1.0156800000E+01  5.1118757549E-12 -3.2721281687E-11
  1.0267500000E+01  5.1199761041E-12 -3.1684920747E-11
  1.0378800000E+01  5.1182667790E-12 -3.0643513846E-11
  1.0490700000E+01  5.1069914657E-12 -2.9598097661E-11
  1.0603200000E+01  5.0864037010E-12 -2.8549707919E-11
  1.0716300000E+01  5.0567663434E-12 -2.7499377972E-11
  1.0830000000E+01  5.0183510366E-12 -2.6448137390E-11
  1.0944300000E+01  4.9714376636E-12 -2.5397010551E-11
  1.1059200000E+01  4.9163137956E-12 -2.4347015256E-11
  1.1174700000E+01  4.8532741340E-12 -2.3299161354E-11
  1.1290800000E+01  4.7826199481E-12 -2.2254449390E-11
  1.1407500000E+01  4.7046585084E-12 -2.1213869265E-11
  1.1524800000E+01  4.6197025181E-12 -2.0178398924E-11
  1.1642700000E+01  4.5280695416E-12 -1.9149003072E-11
  1.1761200000E+01  4.4300814329E-12 -1.8126631905E-11
  1.1880300000E+01  4.3260637637E-12 -1.7112219879E-11
  1.2000000000E+01  4.2163452530E-12 -1.6106684504E-11
  1.2120300000E+01  4.1012571983E-12 -1.5110925173E-11
  1.2241200000E+01  3.9811329102E-12 -1.4125822021E-11
  1.2362700000E+01  3.8563071501E-12 -1.3152234823E-11
  1.2484800000E+01  3.7271155739E-12 -1.2191001928E-11
  1.2607500000E+01  3.5938941804E-12 -1.1242939227E-11
  1.2730800000E+01  3.4569787665E-12 -1.0308839170E-11
  1.2854700000E+01  3.3167043904E-12 -9.3894698127E-12
  1.2979200000E+01  3.1734048421E-12 -8.4855739196E-12
  1.3104300000E+01  3.0274121237E-12 -7.5978680988E-12
  1.3230000000E+01  2.8790559393E-12 -6.7270419890E-12
  1.3356300000E+01  2.7286631954E-12 -5.8737574905E-12
  1.3483200000E+01  2.5765575128E-12 -5.0386480437E-12
  1.3610700000E+01  2.4230587505E-12 -4.2223179558E-12
  1.3738800000E+01  2.2684825421E-12 -3.4253417768E-12
  1.3867500000E+01  2.1131398462E-12 -2.6482637247E-12
  1.3996800000E+01  1.9573365097E-12 -1.8915971613E-12
  1.4126700000E+01  1.8013728468E-12 -1.1558241195E-12
  1.4257200000E+01  1.6455432323E-12 -4.4139488092E-13
  1.4388300000E+01  1.4901357111E-12  2.5127239364E-13
  1.4520000000E+01  1.3354316234E-12  9.2179198214E-13
  1.4652300000E+01  1.1817052468E-12  1.5698108668E-12
  1.4785200000E+01  1.0292234549E-12  2.1950089475E-12
  1.4918700000E+01  8.7824539425E-13  2.7970992019E-12
  1.5052800000E+01  7.2902217775E-13  3.3758277945E-12
  1.5187500000E+01  5.8179659725E-13  3.9309741324E-12
  1.5322800000E+01  4.3680285379E-13  4.4623508695E-12
  1.5458700000E+01  2.9426630665E-13  4.9698038596E-12
  1.5595200000E+01  1.5440324118E-13  5.4532120571E-12
  1.5732300000E+01  1.7420655492E-14  5.9124873687E-12
  1.5870000000E+01 -1.1648393368E-13  6.3475744535E-12
  1.6008300000E+01 -2.4712266593E-13  6.7584504746E-12
  1.6147200000E+01 -3.7431749299E-13  7.1451248019E-12
  1.6286700000E+01 -4.9790031506E-13  7.5076386671E-12
  1.6426800000E+01 -6.1771309808E-13  7.8460647716E-12
  1.6567500000E+01 -7.3360797162E-13  8.1605068488E-12
  1.6708800000E+01 -8.4544730762E-13  8.4510991818E-12
  1.6850700000E+01 -9.5310378016E-13  8.7180060767E-12
  1.6993200000E+01 -1.0564604062E-12  8.9614212940E-12
  1.7136300000E+01 -1.1554105676E-12  9.1815674389E-12
  1.7280000000E+01 -1.2498580149E-12  9.3786953110E-12
  1.7424300000E+01 -1.3397168520E-12  9.5530832166E-12
  1.7569200000E+01 -1.4249115040E-12  9.7050362426E-12
  1.7714700000E+01 -1.5053766658E-12  9.8348854964E-12
  1.7860800000E+01 -1.5810572352E-12  9.9429873102E-12
  1.8007500000E+01 -1.6519082267E-12  1.0029722415E-11
  1.8154800000E+01 -1.7178946707E-12  1.0095495080E-11
  1.8302700000E+01 -1.7789914948E-12  1.0140732229E-11
  1.8451200000E+01 -1.8351833905E-12  1.0165882524E-11
  1.8600300000E+01 -1.8864646635E-12  1.0171415424E-11
  1.8750000000E+01 -1.9328390697E-12  1.0157820226E-11
  1.8900300000E+01 -1.9743196366E-12  1.0125605073E-11
  1.9051200000E+01 -2.0109284708E-12  1.0075295952E-11
  1.9202700000E+01 -2.0426965521E-12  1.0007435671E-11
  1.9354800000E+01 -2.0696635147E-12  9.9225828148E-12
  1.9507500000E+01 -2.0918774164E-12  9.8213106931E-12
  1.9660800000E+01 -2.1093944960E-12  9.7042062720E-12
  1.9814700000E+01 -2.1222789197E-12  9.5718690959E-12
  1.9969200000E+01 -2.1306025170E-12  9.4249102009E-12
  2.0124300000E+01 -2.1344445065E-12  9.2639510208E-12
  2.0280000000E+01 -2.1338912136E-12  9.0896222890E-12
  2.0436300000E+01 -2.1290357782E-12  8.9025629366E-12
  2.0593200000E+01 -2.1199778557E-12  8.7034189897E-12
  2.0750700000E+01 -2.1068233101E-12  8.4928424679E-12
  2.0908800000E+01 -2.0896839009E-12  8.2714902849E-12
  2.1067500000E+01 -2.0686769641E-12  8.0400231537E-12
  2.1226800000E+01 -2.0439250878E-12  7.7991044981E-12
  2.1386700000E+01 -2.0155557836E-12  7.5493993728E-12
  2.1547200000E+01 -1.9837011536E-12  7.2915733924E-12
  2.1708300000E+01 -1.9484975549E-12  7.0262916734E-12
  2.1870000000E+01 -1.9100852612E-12  6.7542177877E-12
  2.2032300000E+01 -1.8686081224E-12  6.4760127328E-12
  2.2195200000E+01 -1.8242132233E-12  6.1923339176E-12
  2.2358700000E+01 -1.7770505419E-12  5.9038341666E-12
  2.2522800000E+01 -1.7272726072E-12  5.6111607436E-12
  2.2687500000E+01 -1.6750341586E-12  5.3149543971E-12
  2.2852800000E+01 -1.6204918058E-12  5.0158484274E-12
  2.3018700000E+01 -1.5638036916E-12  4.7144677789E-12
  2.3185200000E+01 -1.5051291564E-12  4.4114281563E-12
  2.3352300000E+01 -1.4446284066E-12  4.1073351682E-12
  2.3520000000E+01 -1.3824621865E-12  3.8027834985E-12
  2.3688300000E+01 -1.3187914546E-12  3.4983561063E-12
  2.3857200000E+01 -1.2537770648E-12  3.1946234557E-12
  2.4026700000E+01 -1.1875794529E-12  2.8921427772E-12
  2.4196800000E+01 -1.1203583292E-12  2.5914573604E-12
  2.4367500000E+01 -1.0522723777E-12  2.2930958796E-12
  2.4538800000E+01 -9.8347896179E-13  1.9975717535E-12
  2.4710700000E+01 -9.1413383777E-13  1.7053825391E-12
  2.4883200000E+01 -8.4439087586E-13  1.4170093599E-12
  2.5056300000E+01 -7.7440178970E-13  1.1329163712E-12
  2.5230000000E+01 -7.0431587436E-13  8.5355026011E-13
  2.5404300000E+01 -6.3427975339E-13  5.7933978364E-13
  2.5579200000E+01 -5.6443713529E-13  3.1069534267E-13
  2.5754700000E+01 -4.9492857961E-13  4.8008594105E-14
  2.5930800000E+01 -4.2589127313E-13 -2.0834789965E-13
  2.6107500000E+01 -3.5745881629E-13 -4.5802098326E-13
  2.6284800000E+01 -2.8976102023E-13 -7.0067718308E-13
  2.6462700000E+01 -2.2292371449E-13 -9.3600294385E-13
  2.6641200000E+01 -1.5706856594E-13 -1.1637048273E-12
  2.6820300000E+01 -9.2312908649E-14 -1.3835096728E-12
  2.7000000000E+01 -2.8769585323E-14 -1.5951647209E-12
  2.7180300000E+01  3.3453199889E-14 -1.7984376981E-12
  2.7361200000E+01  9.4252016921E-14 -1.9931168660E-12
  2.7542700000E+01  1.5352833362E-13 -2.1790110324E-12
  2.7724800000E+01  2.1118862783E-13 -2.3559495264E-12
  2.7907500000E+01  2.6714448758E-13 -2.5237821379E-12
  2.8090800000E+01  3.2131269958E-13 -2.6823790212E-12
  2.8274700000E+01  3.7361532572E-13 -2.8316305642E-12
  2.8459200000E+01  4.2397976789E-13 -2.9714472233E-12
  2.8644300000E+01  4.7233882098E-13 -3.1017593250E-12
  2.8830000000E+01  5.1863071420E-13 -3.2225168348E-12
  2.9016300000E+01  5.6279914089E-13 -3.3336890947E-12
  2.9203200000E+01  6.0479327669E-13 -3.4352645289E-12
  2.9390700000E+01  6.4456778659E-13 -3.5272503209E-12
  2.9578800000E+01  6.8208282058E-13 -3.6096720600E-12
  2.9767500000E+01  7.1730399848E-13 -3.6825733614E-12
  2.9956800000E+01  7.5020238385E-13 -3.7460154576E-12
  3.0146700000E+01  7.8075444737E-13 -3.8000767658E-12
  3.0337200000E+01  8.0894201982E-13 -3.8448524291E-12
  3.0528300000E+01  8.3475223498E-13 -3.8804538348E-12
  3.0720000000E+01  8.5817746271E-13 -3.9070081103E-12
  3.0912300000E+01  8.7921523239E-13 -3.9246575976E-12
  3.1105200000E+01  8.9786814723E-13 -3.9335593081E-12
  3.1298700000E+01  9.1414378954E-13 -3.9338843587E-12
  3.1492800000E+01  9.2805461740E-13 -3.9258173905E-12
  3.1687500000E+01  9.3961785305E-13 -3.9095559713E-12
  3.1882800000E+01  9.4885536341E-13 -3.8853099840E-12
  3.2078700000E+01  9.5579353296E-13 -3.8533010006E-12
  3.2275200000E+01  9.6046312943E-13 -3.8137616450E-12
  3.2472300000E+01  9.6289916275E-13 -3.7669349450E-12
  3.2670000000E+01  9.6314073748E-13 -3.7130736740E-12
  3.2868300000E+01  9.6123089933E-13 -3.6524396866E-12
  3.3067200000E+01  9.5721647590E-13 -3.5853032455E-12
  3.3266700000E+01  9.5114791242E-13 -3.5119423444E-12
  3.3466800000E+01  9.4307910249E-13 -3.4326420269E-12
  3.3667500000E+01  9.3306721455E-13 -3.3476937022E-12
  3.3868800000E+01  9.2117251442E-13 -3.2573944602E-12
  3.4070700000E+01  9.0745818422E-13 -3.1620463860E-12
  3.4273200000E+01  8.9199013823E-13 -3.0619558766E-12
  3.4476300000E+01  8.7483683611E-13 -2.9574329595E-12
  3.4680000000E+01  8.5606909377E-13 -2.8487906152E-12
  3.4884300000E+01  8.3575989249E-13 -2.7363441057E-12
  3.5089200000E+01  8.1398418659E-13 -2.6204103082E-12
  3.5294700000E+01  7.9081871011E-13 -2.5013070571E-12
  3.5500800000E+01  7.6634178293E-13 -2.3793524945E-12
  3.5707500000E+01  7.4063311672E-13 -2.2548644303E-12
  3.5914800000E+01  7.1377362107E-13 -2.1281597134E-12
  3.6122700000E+01  6.8584521036E-13 -1.9995536151E-12
  3.6331200000E+01  6.5693061157E-13 -1.8693592250E-12
  3.6540300000E+01  6.2711317351E-13 -1.7378868612E-12
  3.6750000000E+01  5.9647667791E-13 -1.6054434952E-12
  3.6960300000E+01  5.6510515256E-13 -1.4723321930E-12
  3.7171200000E+01  5.3308268701E-13 -1.3388515724E-12
  3.7382700000E+01  5.0049325115E-13 -1.2052952783E-12
  3.7594800000E+01  4.6742051695E-13 -1.0719514758E-12
  3.7807500000E+01  4.3394768371E-13 -9.3910236260E-13
  3.8020800000E+01  4.0015730715E-13 -8.0702370128E-13
  3.8234700000E+01  3.6613113268E-13 -6.7598437138E-13
  3.8449200000E+01  3.3194993298E-13 -5.4624594283E-13
  3.8664300000E+01  2.9769335038E-13 -4.1806227072E-13
  3.8880000000E+01  2.6343974414E-13 -2.9167911197E-13
  3.9096300000E+01  2.2926604293E-13 -1.6733376448E-13
  3.9313200000E+01  1.9524760275E-13 -4.5254728968E-14
  3.9530700000E+01  1.6145807053E-13  7.4338605958E-14
  3.9748800000E+01  1.2796925352E-13  1.9123625540E-13
  3.9967500000E+01  9.4850994783E-14  3.0523790606E-13
  4.0186800000E+01  6.2171054858E-14  4.1615316030E-13
  4.0406700000E+01  2.9994999826E-14  5.2380175615E-13
  4.0627200000E+01 -1.6139041327E-15  6.2801376336E-13
  4.0848300000E+01 -3.2594789540E-14  7.2862975515E-13
  4.1070000000E+01 -6.2889279667E-14  8.2550095599E-13
  4.1292300000E+01 -9.2441573744E-14  9.1848936519E-13
  4.1515200000E+01 -1.2119852525E-13  1.0074678566E-12
  4.1738700000E+01 -1.4910971322E-13  1.0923202544E-12
  4.1962800000E+01 -1.7612750651E-13  1.1729413855E-12
  4.2187500000E+01 -2.0220712102E-13  1.2492371080E-12
  4.2412800000E+01 -2.2730666984E-13  1.3211243173E-12
  4.2638700000E+01 -2.5138720627E-13  1.3885309286E-12
  4.2865200000E+01 -2.7441275986E-13  1.4513958380E-12
  4.3092300000E+01 -2.9635036532E-13  1.5096688602E-12
  4.3320000000E+01 -3.1717008451E-13  1.5633106461E-12
  4.3548300000E+01 -3.3684502147E-13  1.6122925784E-12
  4.3777200000E+01 -3.5535133056E-13  1.6565966464E-12
  4.4006700000E+01 -3.7266821789E-13  1.6962153023E-12
  4.4236800000E+01 -3.8877793596E-13  1.7311512959E-12
  4.4467500000E+01 -4.0366577190E-13  1.7614174923E-12
  4.4698800000E+01 -4.1732002907E-13  1.7870366706E-12
  4.4930700000E+01 -4.2973200250E-13  1.8080413054E-12
  4.5163200000E+01 -4.4089594811E-13  1.8244733312E-12
  4.5396300000E+01 -4.5080904594E-13  1.8363838909E-12
  4.5630000000E+01 -4.5947135754E-13  1.8438330698E-12
  4.5864300000E+01 -4.6688577771E-13  1.8468896132E-12
  4.6099200000E+01 -4.7305798078E-13  1.8456306327E-12
  4.6334700000E+01 -4.7799636164E-13  1.8401412973E-12
  4.6570800000E+01 -4.8171197168E-13  1.8305145143E-12
  4.6807500000E+01 -4.8421844989E-13  1.8168505974E-12
  4.7044800000E+01 -4.8553194938E-13  1.7992569255E-12
  4.7282700000E+01 -4.8567105945E-13  1.7778475916E-12
  4.7521200000E+01 -4.8465672356E-13  1.7527430431E-12
  4.7760300000E+01 -4.8251215332E-13  1.7240697138E-12
  4.8000000000E+01 -4.7926273887E-13  1.6919596501E-12
  4.8240300000E+01 -4.7493595582E-13  1.6565501301E-12
  4.8481200000E+01 -4.6956126901E-13  1.6179832781E-12
  4.8722700000E+01 -4.6317003335E-13  1.5764056749E-12
  4.8964800000E+01 -4.5579539211E-13  1.5319679645E-12
  4.9207500000E+01 -4.4747217269E-13  1.4848244585E-12
  4.9450800000E+01 -4.3823678036E-13  1.4351327387E-12
  4.9694700000E+01 -4.2812709013E-13  1.3830532590E-12
  4.9939200000E+01 -4.1718233701E-13  1.3287489476E-12
  5.0184300000E+01 -4.0544300499E-13  1.2723848098E-12
  5.0430000000E+01 -3.9295071490E-13  1.2141275330E-12
  5.0676300000E+01 -3.7974811153E-13  1.1541450936E-12
  5.0923200000E+01 -3.6587875019E-13  1.0926063679E-12
  5.1170700000E+01 -3.5138698297E-13  1.0296807468E-12
  5.1418800000E+01 -3.3631784507E-13  9.6553775567E-13
  5.1667500000E+01 -3.2071694124E-13  9.0034667956E-13
  5.1916800000E+01 -3.0463033277E-13  8.3427619490E-13
  5.2166700000E+01 -2.8810442523E-13  7.6749400828E-13
  5.2417200000E+01 -2.7118585710E-13  7.0016650296E-13
  5.2668300000E+01 -2.5392138964E-13  6.3245839362E-13
  5.2920000000E+01 -2.3635779818E-13  5.6453239025E-13
  5.3172300000E+01 -2.1854176506E-13  4.9654887148E-13
  5.3425200000E+01 -2.0051977438E-13  4.2866556812E-13
  5.3678700000E+01 -1.8233800891E-13  3.6103725734E-13
  5.3932800000E+01 -1.6404224916E-13  2.9381546799E-13
  5.4187500000E+01 -1.4567777496E-13  2.2714819763E-13
  5.4442800000E+01 -1.2728926973E-13  1.6117964154E-13
  5.4698700000E+01 -1.0892072745E-13  9.6049934329E-14
  5.4955200000E+01 -9.0615362722E-14  3.1894904337E-14
  5.5212300000E+01 -7.2415523920E-14 -3.1154158721E-14
  5.5470000000E+01 -5.4362609642E-14 -9.2970722590E-14
  5.5728300000E+01 -3.6496988597E-14 -1.5343321750E-13
  5.5987200000E+01 -1.8857923051E-14 -2.1242522717E-13
  5.6246700000E+01 -1.4834959484E-15 -2.6983566549E-13
  5.6506800000E+01  1.5589458165E-14 -3.2555893882E-13
  5.6767500000E+01  3.2325418337E-14 -3.7949509370E-13
  5.7028800000E+01  4.8690238419E-14 -4.3154994981E-13
  5.7290700000E+01  6.4651204210E-14 -4.8163521823E-13
  5.7553200000E+01  8.0177086473E-14 -5.2966860481E-13
  5.7816300000E+01  9.5238189756E-14 -5.7557389872E-13
  5.8080000000E+01  1.0980639698E-13 -6.1928104623E-13
  5.8344300000E+01  1.2385520971E-13 -6.6072620971E-13
  5.8609200000E+01  1.3735978420E-13 -6.9985181185E-13
  5.8874700000E+01  1.5029696298E-13 -7.3660656546E-13
  5.9140800000E+01  1.6264530222E-13 -7.7094548876E-13
  5.9407500000E+01  1.7438509471E-13 -8.0282990641E-13
  5.9674800000E+01  1.8549838848E-13 -8.3222743649E-13
  5.9942700000E+01  1.9596900116E-13 -8.5911196372E-13
  6.0211200000E+01  2.0578253005E-13 -8.8346359902E-13
  6.0480300000E+01  2.1492635792E-13 -9.0526862582E-13
  6.0750000000E+01  2.2338965463E-13 -9.2451943343E-13
  6.1020300000E+01  2.3116337465E-13 -9.4121443766E-13
  6.1291200000E+01  2.3824025045E-13 -9.5535798930E-13
  6.1562700000E+01  2.4461478189E-13 -9.6696027052E-13
  6.1834800000E+01  2.5028322177E-13 -9.7603717986E-13
  6.2107500000E+01  2.5524355748E-13 -9.8261020609E-13
  6.2380800000E+01  2.5949548888E-13 -9.8670629138E-13
  6.2654700000E+01  2.6304040269E-13 -9.8835768432E-13
  6.2929200000E+01  2.6588134318E-13 -9.8760178312E-13
  6.3204300000E+01  2.6802297963E-13 -9.8448096962E-13
  6.3480000000E+01  2.6947157037E-13 -9.7904243456E-13
  6.3756300000E+01  2.7023492378E-13 -9.7133799450E-13
  6.4033200000E+01  2.7032235615E-13 -9.6142390117E-13
  6.4310700000E+01  2.6974464682E-13 -9.4936064352E-13
  6.4588800000E+01  2.6851399043E-13 -9.3521274320E-13
  6.4867500000E+01  2.6664394668E-13 -9.1904854389E-13
  6.5146800000E+01  2.6414938762E-13 -9.0093999515E-13
  6.5426700000E+01  2.6104644267E-13 -8.8096243125E-13
  6.5707200000E+01  2.5735244152E-13 -8.5919434566E-13
  6.5988300000E+01  2.5308585508E-13 -8.3571716156E-13
  6.6270000000E+01  2.4826623459E-13 -8.1061499926E-13
  6.6552300000E+01  2.4291414917E-13 -7.8397444075E-13
  6.6835200000E+01  2.3705112184E-13 -7.5588429221E-13
  6.7118700000E+01  2.3069956430E-13 -7.2643534488E-13
  6.7402800000E+01  2.2388271055E-13 -6.9572013500E-13
  6.7687500000E+01  2.1662454953E-13 -6.6383270316E-13
  6.7972800000E+01  2.0894975707E-13 -6.3086835384E-13
  6.8258700000E+01  2.0088362707E-13 -5.9692341554E-13
  6.8545200000E+01  1.9245200238E-13 -5.6209500208E-13
  6.8832300000E+01  1.8368120530E-13 -5.2648077553E-13
  6.9120000000E+01  1.7459796795E-13 -4.9017871142E-13
  6.9408300000E+01  1.6522936280E-13 -4.5328686658E-13
  6.9697200000E+01  1.5560273321E-13 -4.1590315019E-13
  6.9986700000E+01  1.4574562455E-13 -3.7812509844E-13
  7.0276800000E+01  1.3568571565E-13 -3.4004965340E-13
  7.0567500000E+01  1.2545075104E-13 -3.0177294637E-13
  7.0858800000E+01  1.1506847394E-13 -2.6339008622E-13
  7.1150700000E+01  1.0456656026E-13 -2.2499495318E-13
  7.1443200000E+01  9.3972553654E-14 -1.8667999842E-13
  7.1736300000E+01  8.3313801844E-14 -1.4853604975E-13
  7.2030000000E+01  7.2617394311E-14 -1.1065212389E-13
  7.2324300000E+01  6.1910101475E-14 -7.3115245617E-14
  7.2619200000E+01  5.1218315493E-14 -3.6010274070E-14
  7.2914700000E+01  4.0567992790E-14  5.8026345241E-16
  7.3210800000E+01  2.9984598439E-14  3.6576329927E-14
  7.3507500000E+01  1.9493052484E-14  7.1900529036E-14
  7.3804800000E+01  9.1176783193E-15  1.0647824734E-13
  7.4102700000E+01 -1.1178468049E-15  1.4023778798E-13
  7.4401200000E+01 -1.1190539035E-14  1.7311049577E-13
  7.4700300000E+01 -2.1078152866E-14  2.0503087338E-13
  7.5000000000E+01 -3.0759223714E-14  2.3593668864E-13
  7.5300300000E+01 -4.0213108034E-14  2.6576907272E-13
  7.5601200000E+01 -4.9420020932E-14  2.9447260909E-13
  7.5902700000E+01 -5.8361071209E-14  3.2199541322E-13
  7.6204800000E+01 -6.7018293800E-14  3.4828920299E-13
  7.6507500000E+01 -7.5374679553E-14  3.7330935964E-13
  7.6810800000E+01 -8.3414202326E-14  3.9701497945E-13
  7.7114700000E+01 -9.1121843367E-14  4.1936891595E-13
  7.7419200000E+01 -9.8483612962E-14  4.4033781286E-13
  7.7724300000E+01 -1.0548656933E-13  4.5989212766E-13
  7.8030000000E+01 -1.1211883476E-13  4.7800614600E-13
  7.8336300000E+01 -1.1836960900E-13  4.9465798695E-13
  7.8643200000E+01 -1.2422917989E-13  5.0982959924E-13
  7.8950700000E+01 -1.2968893124E-13  5.2350674855E-13
  7.9258800000E+01 -1.3474134801E-13  5.3567899615E-13
  7.9567500000E+01 -1.3938001876E-13  5.4633966888E-13
  7.9876800000E+01 -1.4359963548E-13  5.5548582078E-13
  8.0186700000E+01 -1.4739599073E-13  5.6311818651E-13
  8.0497200000E+01 -1.5076597224E-13  5.6924112675E-13
  8.0808300000E+01 -1.5370755493E-13  5.7386256598E-13
  8.1120000000E+01 -1.5621979048E-13  5.7699392261E-13
  8.1432300000E+01 -1.5830279441E-13  5.7865003196E-13
  8.1745200000E+01 -1.5995773087E-13  5.7884906231E-13
  8.2058700000E+01 -1.6118679501E-13  5.7761242417E-13
  8.2372800000E+01 -1.6199319328E-13  5.7496467328E-13
  8.2687500000E+01 -1.6238112143E-13  5.7093340748E-13
  8.3002800000E+01 -1.6235574050E-13  5.6554915787E-13
  8.3318700000E+01 -1.6192315084E-13  5.5884527455E-13
  8.3635200000E+01 -1.6109036419E-13  5.5085780727E-13
  8.3952300000E+01 -1.5986527399E-13  5.4162538135E-13
  8.4270000000E+01 -1.5825662391E-13  5.3118906924E-13
  8.4588300000E+01 -1.5627397484E-13  5.1959225804E-13
  8.4907200000E+01 -1.5392767031E-13  5.0688051335E-13
  8.5226700000E+01 -1.5122880055E-13  4.9310143984E-13
  8.5546800000E+01 -1.4818916512E-13  4.7830453890E-13
  8.5867500000E+01 -1.4482123450E-13  4.6254106372E-13
  8.6188800000E+01 -1.4113811046E-13  4.4586387220E-13
  8.6510700000E+01 -1.3715348546E-13  4.2832727803E-13
  8.6833200000E+01 -1.3288160122E-13  4.0998690039E-13
  8.7156300000E+01 -1.2833720649E-13  3.9089951249E-13
  8.7480000000E+01 -1.2353551414E-13  3.7112288950E-13
  8.7804300000E+01 -1.1849215774E-13  3.5071565610E-13
  8.8129200000E+01 -1.1322314768E-13  3.2973713412E-13
  8.8454700000E+01 -1.0774482700E-13  3.0824719047E-13
  8.8780800000E+01 -1.0207382693E-13  2.8630608591E-13
  8.9107500000E+01 -9.6227022420E-14  2.6397432484E-13
  8.9434800000E+01 -9.0221487598E-14  2.4131250658E-13
  8.9762700000E+01 -8.4074451367E-14  2.1838117834E-13
  9.0091200000E+01 -7.7803253207E-14  1.9524069033E-13
  9.0420300000E+01 -7.1425299301E-14  1.7195105321E-13
  9.0750000000E+01 -6.4958019067E-14  1.4857179831E-13
  9.1080300000E+01 -5.8418822221E-14  1.2516184080E-13
  9.1411200000E+01 -5.1825056437E-14  1.0177934613E-13
  9.1742700000E+01 -4.5193965729E-14  7.8481600095E-14
  9.2074800000E+01 -3.8542649617E-14  5.5324882624E-14
  9.2407500000E+01 -3.1888023191E-14  3.2364345707E-14
  9.2740800000E+01 -2.5246778138E-14  9.6538955901E-15
  9.3074700000E+01 -1.8635344820E-14 -1.2753920492E-14
  9.3409200000E+01 -1.2069855487E-14 -3.4808022853E-14
  9.3744300000E+01 -5.5661086945E-15 -5.6458902952E-14
  9.4080000000E+01  8.6046501560E-16 -7.7658721876E-14
  9.4416300000E+01  7.1948360785E-15 -9.8361403539E-14
  9.4753200000E+01  1.3422407477E-14 -1.1852272244E-13
  9.5090700000E+01  1.9529044845E-14 -1.3810038586E-13
  9.5428800000E+01  2.5501105059E-14 -1.5705411029E-13
  9.5767500000E+01  3.1325463259E-14 -1.7534569218E-13
  9.6106800000E+01  3.6989538264E-14 -1.9293907260E-13
  9.6446700000E+01  4.2481316329E-14 -2.0980039609E-13
  9.6787200000E+01  4.7789373219E-14 -2.2589806336E-13
  9.7128300000E+01  5.2902894557E-14 -2.4120277787E-13
  9.7470000000E+01  5.7811694425E-14 -2.5568758638E-13
  9.7812300000E+01  6.2506232195E-14 -2.6932791324E-13
  9.8155200000E+01  6.6977627566E-14 -2.8210158855E-13
  9.8498700000E+01  7.1217673800E-14 -2.9398887024E-13
  9.8842800000E+01  7.5218849141E-14 -3.0497245992E-13
  9.9187500000E+01  7.8974326420E-14 -3.1503751269E-13
  9.9532800000E+01  8.2477980830E-14 -3.2417164096E-13
  9.9878700000E+01  8.5724395899E-14 -3.3236491223E-13
  1.0022520000E+02  8.8708867644E-14 -3.3960984099E-13
  1.0057230000E+02  9.1427406936E-14 -3.4590137491E-13
  1.0092000000E+02  9.3876740080E-14 -3.5123687520E-13
  1.0126830000E+02  9.6054307643E-14 -3.5561609154E-13
  1.0161720000E+02  9.7958261545E-14 -3.5904113142E-13
  1.0196670000E+02  9.9587460443E-14 -3.6151642434E-13
  1.0231680000E+02  1.0094146344E-13 -3.6304868069E-13
  1.0266750000E+02  1.0202052218E-13 -3.6364684574E-13
  1.0301880000E+02  1.0282557130E-13 -3.6332204883E-13
  1.0337070000E+02  1.0335821735E-13 -3.6208754781E-13
  1.0372320000E+02  1.0362072623E-13 -3.5995866916E-13
  1.0407630000E+02  1.0361600914E-13 -3.5695274374E-13
  1.0443000000E+02  1.0334760711E-13 -3.5308903861E-13
  1.0478430000E+02  1.0281967417E-13 -3.4838868496E-13
  1.0513920000E+02  1.0203695932E-13 -3.4287460239E-13
  1.0549470000E+02  1.0100478712E-13 -3.3657141989E-13
  1.0585080000E+02  9.9729037179E-14 -3.2950539362E-13
  1.0620750000E+02  9.8216122590E-14 -3.2170432175E-13
  1.0656480000E+02  9.6472967204E-14 -3.1319745669E-13
  1.0692270000E+02  9.4506982017E-14 -3.0401541482E-13
  1.0728120000E+02  9.2326040618E-14 -2.9419008407E-13
  1.0764030000E+02  8.9938453804E-14 -2.8375452954E-13
  1.0800000000E+02  8.7352943439E-14 -2.7274289745E-13
  1.0836030000E+02  8.4578615619E-14 -2.6119031766E-13
  1.0872120000E+02  8.1624933218E-14 -2.4913280497E-13
  1.0908270000E+02  7.8501687903E-14 -2.3660715954E-13
  1.0944480000E+02  7.5218971670E-14 -2.2365086660E-13
  1.0980750000E+02  7.1787147999E-14 -2.1030199573E-13
  1.1017080000E+02  6.8216822688E-14 -1.9659909995E-13
  1.1053470000E+02  6.4518814446E-14 -1.8258111494E-13
  1.1089920000E+02  6.0704125324E-14 -1.6828725844E-13
  1.1126430000E+02  5.6783911050E-14 -1.5375693038E-13
  1.1163000000E+02  5.2769451350E-14 -1.3902961359E-13
  1.1199630000E+02  4.8672120321E-14 -1.2414477566E-13
  1.1236320000E+02  4.4503356935E-14 -1.0914177201E-13
  1.1273070000E+02  4.0274635737E-14 -9.4059750397E-14
  1.1309880000E+02  3.5997437812E-14 -7.8937557099E-14
  1.1346750000E+02  3.1683222090E-14 -6.3813644980E-14
  1.1383680000E+02  2.7343397049E-14 -4.8725983648E-14
  1.1420670000E+02  2.2989292887E-14 -3.3711971869E-14
  1.1457720000E+02  1.8632134223E-14 -1.8808352446E-14
  1.1494830000E+02  1.4283013391E-14 -4.0511297354E-15
  1.1532000000E+02  9.9528643741E-15  1.0524510038E-14
  1.1569230000E+02  5.6524374581E-15  2.4884275496E-14
  1.1606520000E+02  1.3922746303E-15  3.8994843704E-14
  1.1643870000E+02 -2.8173142013E-15  5.2823930519E-14
  1.1681280000E+02 -6.9662741329E-15  6.6340357539E-14
  1.1718750000E+02 -1.1044827282E-14  7.9514115536E-14
  1.1756280000E+02 -1.5043493858E-14  9.2316424276E-14
  1.1793870000E+02 -1.8953112233E-14  1.0471978859E-13
  1.1831520000E+02 -2.2764857999E-14  1.1669805064E-13
  1.1869230000E+02 -2.6470261949E-14  1.2822643828E-13
  1.1907000000E+02 -3.0061226965E-14  1.3928160940E-13
  1.1944830000E+02 -3.3530043789E-14  1.4984169231E-13
  1.1982720000E+02 -3.6869405635E-14  1.5988632195E-13
  1.2020670000E+02 -4.0072421636E-14  1.6939667203E-13
  1.2058680000E+02 -4.3132629090E-14  1.7835548296E-13
  1.2096750000E+02 -4.6044004507E-14  1.8674708567E-13
  1.2134880000E+02 -4.8800973428E-14  1.9455742114E-13
  1.2173070000E+02 -5.1398419012E-14  2.0177405583E-13
  1.2211320000E+02 -5.3831689386E-14  2.0838619287E-13
  1.2249630000E+02 -5.6096603753E-14  2.1438467915E-13
  1.2288000000E+02 -5.8189457253E-14  2.1976200823E-13
  1.2326430000E+02 -6.0107024582E-14  2.2451231914E-13
  1.2364920000E+02 -6.1846562383E-14  2.2863139129E-13
  1.2403470000E+02 -6.3405810397E-14  2.3211663517E-13
  1.2442080000E+02 -6.4782991407E-14  2.3496707937E-13
  1.2480750000E+02 -6.5976809973E-14  2.3718335360E-13
  1.2519480000E+02 -6.6986449987E-14  2.3876766805E-13
  1.2558270000E+02 -6.7811571058E-14  2.3972378906E-13
  1.2597120000E+02 -6.8452303753E-14  2.4005701126E-13
  1.2636030000E+02 -6.8909243719E-14  2.3977412622E-13
  1.2675000000E+02 -6.9183444716E-14  2.3888338785E-13
  1.2714030000E+02 -6.9276410585E-14  2.3739447450E-13
  1.2753120000E+02 -6.9190086187E-14  2.3531844805E-13
  1.2792270000E+02 -6.8926847340E-14  2.3266771004E-13
  1.2831480000E+02 -6.8489489812E-14  2.2945595499E-13
  1.2870750000E+02 -6.7881217370E-14  2.2569812108E-13
  1.2910080000E+02 -6.7105628967E-14  2.2141033829E-13
  1.2949470000E+02 -6.6166705076E-14  2.1660987428E-13
  1.2988920000E+02 -6.5068793234E-14  2.1131507794E-13
  1.3028430000E+02 -6.3816592831E-14  2.0554532108E-13
  1.3068000000E+02 -6.2415139199E-14  1.9932093810E-13
  1.3107630000E+02 -6.0869787030E-14  1.9266316410E-13
  1.3147320000E+02 -5.9186193200E-14  1.8559407140E-13
  1.3187070000E+02 -5.7370299024E-14  1.7813650471E-13
  1.3226880000E+02 -5.5428312000E-14  1.7031401518E-13
  1.3266750000E+02 -5.3366687100E-14  1.6215079339E-13
  1.3306680000E+02 -5.1192107649E-14  1.5367160160E-13
  1.3346670000E+02 -4.8911465852E-14  1.4490170523E-13
  1.3386720000E+02 -4.6531843018E-14  1.3586680402E-13
  1.3426830000E+02 -4.4060489529E-14  1.2659296279E-13
  1.3467000000E+02 -4.1504804621E-14  1.1710654211E-13
  1.3507230000E+02 -3.8872316012E-14  1.0743412903E-13
  1.3547520000E+02 -3.6170659439E-14  9.7602468023E-14
  1.3587870000E+02 -3.3407558157E-14  8.7638392338E-14
  1.3628280000E+02 -3.0590802447E-14  7.7568755866E-14
  1.3668750000E+02 -2.7728229184E-14  6.7420365760E-14
  1.3709280000E+02 -2.4827701523E-14  5.7219915911E-14
  1.3749870000E+02 -2.1897088737E-14  4.6993921461E-14
  1.3790520000E+02 -1.8944246274E-14  3.6768654493E-14
  1.3831230000E+02 -1.5976996065E-14  2.6570081042E-14
  1.3872000000E+02 -1.3003107140E-14  1.6423799581E-14
  1.3912830000E+02 -1.0030276588E-14  6.3549810989E-15
  1.3953720000E+02 -7.0661109160E-15 -3.6116890810E-15
  1.3994670000E+02 -4.1181078323E-15 -1.3452067629E-14
  1.4035680000E+02 -1.1936385164E-15 -2.3142607562E-14
  1.4076750000E+02  1.7000696049E-15 -3.2660410502E-14
  1.4117880000E+02  4.5559495260E-15 -4.1983276749E-14
  1.4159070000E+02  7.3671107447E-15 -5.1089753047E-14
  1.4200320000E+02  1.0126854723E-14 -5.9959177969E-14
  1.4241630000E+02  1.2828689696E-14 -6.8571724827E-14
  1.4283000000E+02  1.5466344794E-14 -7.6908442025E-14
  1.4324430000E+02  1.8033783460E-14 -8.4951290783E-14
  1.4365920000E+02  2.0525216124E-14 -9.2683180180E-14
  1.4407470000E+02  2.2935112121E-14 -1.0008799944E-13
  1.4449080000E+02  2.5258210826E-14 -1.0715064740E-13
  1.4490750000E+02  2.7489531985E-14 -1.1385705919E-13
  1.4532480000E+02  2.9624385233E-14 -1.2019422999E-13
  1.4574270000E+02  3.1658378771E-14 -1.2615023585E-13
  1.4616120000E+02  3.3587427200E-14 -1.3171425170E-13
  1.4658030000E+02  3.5407758499E-14 -1.3687656628E-13
  1.4700000000E+02  3.7115920139E-14 -1.4162859423E-13
  1.4742030000E+02  3.8708784318E-14 -1.4596288518E-13
  1.4784120000E+02  4.0183552328E-14 -1.4987312994E-13
  1.4826270000E+02  4.1537758042E-14 -1.5335416373E-13
  1.4868480000E+02  4.2769270527E-14 -1.5640196656E-13
  1.4910750000E+02  4.3876295782E-14 -1.5901366075E-13
  1.4953080000E+02  4.4857377604E-14 -1.6118750553E-13
  1.4995470000E+02  4.5711397600E-14 -1.6292288896E-13
  1.5037920000E+02  4.6437574341E-14 -1.6422031710E-13
  1.5080430000E+02  4.7035461674E-14 -1.6508140042E-13
  1.5123000000E+02  4.7504946212E-14 -1.6550883770E-13
  1.5165630000E+02  4.7846244004E-14 -1.6550639729E-13
  1.5208320000E+02  4.8059896411E-14 -1.6507889596E-13
  1.5251070000E+02  4.8146765210E-14 -1.6423217530E-13
  1.5293880000E+02  4.8108026932E-14 -1.6297307586E-13
  1.5336750000E+02  4.7945166469E-14 -1.6130940902E-13
  1.5379680000E+02  4.7659969975E-14 -1.5924992674E-13
  1.5422670000E+02  4.7254517075E-14 -1.5680428930E-13
  1.5465720000E+02  4.6731172415E-14 -1.5398303110E-13
  1.5508830000E+02  4.6092576587E-14 -1.5079752458E-13
  1.5552000000E+02  4.5341636444E-14 -1.4725994251E-13
  1.5595230000E+02  4.4481514856E-14 -1.4338321864E-13
  1.5638520000E+02  4.3515619914E-14 -1.3918100680E-13
  1.5681870000E+02  4.2447593635E-14 -1.3466763873E-13
  1.5725280000E+02  4.1281300197E-14 -1.2985808060E-13
  1.5768750000E+02  4.0020813727E-14 -1.2476788836E-13
  1.5812280000E+02  3.8670405694E-14 -1.1941316218E-13
  1.5855870000E+02  3.7234531934E-14 -1.1381049994E-13
  1.5899520000E+02  3.5717819340E-14 -1.0797694994E-13
  1.5943230000E+02  3.4125052261E-14 -1.0192996305E-13
  1.5987000000E+02  3.2461158649E-14 -9.5687344268E-14
  1.6030830000E+02  3.0731195979E-14 -8.9267203987E-14
  1.6074720000E+02  2.8940336998E-14 -8.2687908928E-14
  1.6118670000E+02  2.7093855319E-14 -7.5968032985E-14
  1.6162680000E+02  2.5197110921E-14 -6.9126308056E-14
  1.6206750000E+02  2.3255535572E-14 -6.2181574985E-14
  1.6250880000E+02  2.1274618230E-14 -5.5152734747E-14
  1.6295070000E+02  1.9259890443E-14 -4.8058699995E-14
  1.6339320000E+02  1.7216911797E-14 -4.0918347070E-14
  1.6383630000E+02  1.5151255443E-14 -3.3750468619E-14
  1.6428000000E+02  1.3068493739E-14 -2.6573726900E-14
  1.6472430000E+02  1.0974184041E-14 -1.9406607911E-14
  1.6516920000E+02  8.8738546834E-15 -1.2267376431E-14
  1.6561470000E+02  6.7729911720E-15 -5.1740320901E-15
  1.6606080000E+02  4.6770226318E-15  1.8557334416E-15
  1.6650750000E+02  2.5913085357E-15  8.8045780489E-15
  1.6695480000E+02  5.2112574695E-16  1.5655549453E-14
  1.6740270000E+02 -1.5283440954E-15  2.2392124098E-14
  1.6785120000E+02 -3.5520268209E-15  2.8998244556E-14
  1.6830030000E+02 -5.5449675720E-15  3.5458355371E-14
  1.6875000000E+02 -7.5023422262E-15  4.1757437272E-14
  1.6920030000E+02 -9.4194683675E-15  4.7881039685E-14
  1.6965120000E+02 -1.1291815787E-14  5.3815311471E-14
  1.7010270000E+02 -1.3115016491E-14  5.9547029845E-14
  1.7055480000E+02 -1.4884874188E-14  6.5063627407E-14
  1.7100750000E+02 -1.6597373254E-14  7.0353217256E-14
  1.7146080000E+02 -1.8248687140E-14  7.5404616112E-14
  1.7191470000E+02 -1.9835186211E-14  8.0207365447E-14
  1.7236920000E+02 -2.1353445014E-14  8.4751750557E-14
  1.7282430000E+02 -2.2800248943E-14  8.9028817569E-14
  1.7328000000E+02 -2.4172600309E-14  9.3030388353E-14
  1.7373630000E+02 -2.5467723792E-14  9.6749073322E-14
  1.7419320000E+02 -2.6683071269E-14  1.0017828212E-13
  1.7465070000E+02 -2.7816326027E-14  1.0331223215E-13
  1.7510880000E+02 -2.8865406330E-14  1.0614595506E-13
  1.7556750000E+02 -2.9828468363E-14  1.0867530096E-13
  1.7602680000E+02 -3.0703908533E-14  1.1089694069E-13
  1.7648670000E+02 -3.1490365143E-14  1.1280836588E-13
  1.7694720000E+02 -3.2186719428E-14  1.1440788697E-13
  1.7740830000E+02 -3.2792095962E-14  1.1569462920E-13
  1.7787000000E+02 -3.3305862441E-14  1.1666852652E-13
  1.7833230000E+02 -3.3727628855E-14  1.1733031360E-13
  1.7879520000E+02 -3.4057246039E-14  1.1768151580E-13
  1.7925870000E+02 -3.4294803637E-14  1.1772443733E-13
  1.7972280000E+02 -3.4440627471E-14  1.1746214751E-13
  1.8018750000E+02 -3.4495276334E-14  1.1689846518E-13
  1.8065280000E+02 -3.4459538221E-14  1.1603794152E-13
  1.8111870000E+02 -3.4334426020E-14  1.1488584102E-13
  1.8158520000E+02 -3.4121172658E-14  1.1344812090E-13
  1.8205230000E+02 -3.3821225751E-14  1.1173140903E-13
  1.8252000000E+02 -3.3436241743E-14  1.0974298030E-13
  1.8298830000E+02 -3.2968079582E-14  1.0749073161E-13
  1.8345720000E+02 -3.2418793936E-14  1.0498315552E-13
  1.8392670000E+02 -3.1790627977E-14  1.0222931267E-13
  1.8439680000E+02 -3.1086005758E-14  9.9238803028E-14
  1.8486750000E+02 -3.0307524197E-14  9.6021736052E-14
  1.8533880000E+02 -2.9457944705E-14  9.2588699838E-14
  1.8581070000E+02 -2.8540184471E-14  8.8950729383E-14
  1.8628320000E+02 -2.7557307439E-14  8.5119274012E-14
  1.8675630000E+02 -2.6512514995E-14  8.1106164075E-14
  1.8723000000E+02 -2.5409136394E-14  7.6923577012E-14
  1.8770430000E+02 -2.4250618956E-14  7.2584002856E-14
  1.8817920000E+02 -2.3040518057E-14  6.8100209292E-14
  1.8865470000E+02 -2.1782486934E-14  6.3485206346E-14
  1.8913080000E+02 -2.0480266348E-14  5.8752210808E-14
  1.8960750000E+02 -1.9137674118E-14  5.3914610472E-14
  1.9008480000E+02 -1.7758594563E-14  4.8985928291E-14
  1.9056270000E+02 -1.6346967872E-14  4.3979786540E-14
  1.9104120000E+02 -1.4906779438E-14  3.8909871073E-14
  1.9152030000E+02 -1.3442049180E-14  3.3789895765E-14
  1.9200000000E+02 -1.1956820875E-14  2.8633567225E-14
  1.9248030000E+02 -1.0455151534E-14  2.3454549874E-14
  1.9296120000E+02 -8.9411008515E-15  1.8266431463E-14
  1.9344270000E+02 -7.4187207405E-15  1.3082689120E-14
  1.9392480000E+02 -5.8920449961E-15  7.9166560085E-15
  1.9440750000E+02 -4.3650790994E-15  2.7814886668E-15
  1.9489080000E+02 -2.8417901943E-15 -2.3098648832E-15
  1.9537470000E+02 -1.3260972573E-15 -7.3446961939E-15
  1.9585920000E+02  1.7813851526E-16 -1.2310566543E-14
  1.9634430000E+02  1.6671230799E-15 -1.7195336106E-14
  1.9683000000E+02  3.1371386576E-15 -2.1987192096E-14
  1.9731630000E+02  4.5845525635E-15 -2.6674675793E-14
  1.9780320000E+02  6.0058257340E-15 -3.1246708422E-14
  1.9829070000E+02  7.3975209338E-15 -3.5692615815E-14
  1.9877880000E+02  8.7563106235E-15 -4.0002151805E-14
  1.9926750000E+02  1.0078984472E-14 -4.4165520313E-14
  1.9975680000E+02  1.1362456498E-14 -4.8173396076E-14
  2.0024670000E+02  1.2603771823E-14 -5.2016943980E-14
  2.0073720000E+02  1.3800113028E-14 -5.5687836962E-14
  2.0122830000E+02  1.4948806095E-14 -5.9178272450E-14
  2.0172000000E+02  1.6047325924E-14 -6.2480987306E-14
  2.0221230000E+02  1.7093301424E-14 -6.5589271261E-14
  2.0270520000E+02  1.8084520149E-14 -6.8496978811E-14
  2.0319870000E+02  1.9018932496E-14 -7.1198539560E-14
  2.0369280000E+02  1.9894655434E-14 -7.3688967002E-14
  2.0418750000E+02  2.0709975784E-14 -7.5963865737E-14
  2.0468280000E+02  2.1463353021E-14 -7.8019437101E-14
  2.0517870000E+02  2.2153421613E-14 -7.9852483234E-14
  2.0567520000E+02  2.2778992889E-14 -8.1460409572E-14
  2.0617230000E+02  2.3339056435E-14 -8.2841225778E-14
  2.0667000000E+02  2.3832781018E-14 -8.3993545121E-14
  2.0716830000E+02  2.4259515044E-14 -8.4916582330E-14
  2.0766720000E+02  2.4618786551E-14 -8.5610149926E-14
  2.0816670000E+02  2.4910302738E-14 -8.6074653064E-14
  2.0866680000E+02  2.5133949043E-14 -8.6311082912E-14
  2.0916750000E+02  2.5289787766E-14 -8.6321008601E-14
  2.0966880000E+02  2.5378056258E-14 -8.6106567770E-14
  2.1017070000E+02  2.5399164673E-14 -8.5670455744E-14
  2.1067320000E+02  2.5353693296E-14 -8.5015913400E-14
  2.1117630000E+02  2.5242389460E-14 -8.4146713745E-14
  2.1168000000E+02  2.5066164066E-14 -8.3067147259E-14
  2.1218430000E+02  2.4826087710E-14 -8.1782006056E-14
  2.1268920000E+02  2.4523386438E-14 -8.0296566912E-14
  2.1319470000E+02  2.4159437138E-14 -7.8616573204E-14
  2.1370080000E+02  2.3735762593E-14 -7.6748215828E-14
  2.1420750000E+02  2.3254026195E-14 -7.4698113157E-14
  2.1471480000E+02  2.2716026358E-14 -7.2473290076E-14
  2.1522270000E+02  2.2123690621E-14 -7.0081156183E-14
  2.1573120000E+02  2.1479069488E-14 -6.7529483202E-14
  2.1624030000E+02  2.0784329997E-14 -6.4826381679E-14
  2.1675000000E+02  2.0041749051E-14 -6.1980277025E-14
  2.1726030000E+02  1.9253706532E-14 -5.8999884971E-14
  2.1777120000E+02  1.8422678208E-14 -5.5894186512E-14
  2.1828270000E+02  1.7551228456E-14 -5.2672402390E-14
  2.1879480000E+02  1.6642002833E-14 -4.9343967210E-14
  2.1930750000E+02  1.5697720493E-14 -4.5918503232E-14
  2.1982080000E+02  1.4721166493E-14 -4.2405793931E-14
  2.2033470000E+02  1.3715183995E-14 -3.8815757383E-14
  2.2084920000E+02  1.2682666392E-14 -3.5158419541E-14
  2.2136430000E+02  1.1626549368E-14 -3.1443887488E-14
  2.2188000000E+02  1.0549802935E-14 -2.7682322718E-14
  2.2239630000E+02  9.4554234372E-15 -2.3883914521E-14
  2.2291320000E+02  8.3464255742E-15 -2.0058853538E-14
  2.2343070000E+02  7.2258344378E-15 -1.6217305549E-14
  2.2394880000E+02  6.0966775993E-15 -1.2369385568E-14
  2.2446750000E+02  4.9619772606E-15 -8.5251322904E-15
  2.2498680000E+02  3.8247424884E-15 -4.6944829763E-15
  2.2550670000E+02  2.6879615528E-15 -8.8724881259E-16
  2.2602720000E+02  1.5545943880E-15  2.8869091777E-15
  2.2654830000E+02  4.2756519265E-16  6.6185036266E-15
  2.2707000000E+02 -6.9024481068E-16  1.0298243656E-14
  2.2759230000E+02 -1.7960044411E-15  1.3917057005E-14
  2.2811520000E+02 -2.8869394334E-15  1.7466111401E-14
  2.2863870000E+02 -3.9603391036E-15  2.0936835120E-14
  2.2916280000E+02 -5.0135627918E-15  2.4320936705E-14
  2.2968750000E+02 -6.0440460673E-15  2.7610423776E-14
  2.3021280000E+02 -7.0493066820E-15  3.0797620922E-14
  2.3073870000E+02 -8.0269502589E-15  3.3875186610E-14
  2.3126520000E+02 -8.9746757048E-15  3.6836129091E-14
  2.3179230000E+02 -9.8902803334E-15  3.9673821270E-14
  2.3232000000E+02 -1.0771664690E-14  4.2382014507E-14
  2.3284830000E+02 -1.1616837067E-14  4.4954851322E-14
  2.3337720000E+02 -1.2423917703E-14  4.7386876994E-14
  2.3390670000E+02 -1.3191142656E-14  4.9673050015E-14
  2.3443680000E+02 -1.3916867339E-14  5.1808751393E-14
  2.3496750000E+02 -1.4599569725E-14  5.3789792794E-14
  2.3549880000E+02 -1.5237853205E-14  5.5612423503E-14
  2.3603070000E+02 -1.5830449089E-14  5.7273336202E-14
  2.3656320000E+02 -1.6376218768E-14  5.8769671559E-14
  2.3709630000E+02 -1.6874155515E-14  6.0099021627E-14
  2.3763000000E+02 -1.7323385926E-14  6.1259432053E-14
  2.3816430000E+02 -1.7723171014E-14  6.2249403108E-14
  2.3869920000E+02 -1.8072906939E-14  6.3067889534E-14
  2.3923470000E+02 -1.8372125384E-14  6.3714299233E-14
  2.3977080000E+02 -1.8620493580E-14  6.4188490796E-14
  2.4030750000E+02 -1.8817813982E-14  6.4490769899E-14
  2.4084480000E+02 -1.8964023593E-14  6.4621884589E-14
  2.4138270000E+02 -1.9059192954E-14  6.4583019463E-14
  2.4192120000E+02 -1.9103524791E-14  6.4375788783E-14
  2.4246030000E+02 -1.9097352335E-14  6.4002228547E-14
  2.4300000000E+02 -1.9041137325E-14  6.3464787544E-14
  2.4354030000E+02 -1.8935467687E-14  6.2766317427E-14
  2.4408120000E+02 -1.8781054911E-14  6.1910061831E-14
  2.4462270000E+02 -1.8578731135E-14  6.0899644589E-14
  2.4516480000E+02 -1.8329445940E-14  5.9739057061E-14
  2.4570750000E+02 -1.8034262863E-14  5.8432644635E-14
  2.4625080000E+02 -1.7694355658E-14  5.6985092431E-14
  2.4679470000E+02 -1.7311004295E-14  5.5401410257E-14
  2.4733920000E+02 -1.6885590718E-14  5.3686916855E-14
  2.4788430000E+02 -1.6419594386E-14  5.1847223498E-14
  2.4843000000E+02 -1.5914587589E-14  4.9888216961E-14
  2.4897630000E+02 -1.5372230569E-14  4.7816041944E-14
  2.4952320000E+02 -1.4794266454E-14  4.5637082972E-14
  2.5007070000E+02 -1.4182516028E-14  4.3357945839E-14
  2.5061880000E+02 -1.3538872329E-14  4.0985438639E-14
  2.5116750000E+02 -1.2865295127E-14  3.8526552436E-14
  2.5171680000E+02 -1.2163805255E-14  3.5988441637E-14
  2.5226670000E+02 -1.1436478850E-14  3.3378404101E-14
  2.5281720000E+02 -1.0685441485E-14  3.0703861057E-14
  2.5336830000E+02 -9.9128622290E-15  2.7972336870E-14
  2.5392000000E+02 -9.1209476485E-15  2.5191438717E-14
  2.5447230000E+02 -8.3119357553E-15  2.2368836218E-14
  2.5502520000E+02 -7.4880899289E-15  1.9512241087E-14
  2.5557870000E+02 -6.6516928238E-15  1.6629386837E-14
  2.5613280000E+02 -5.8050402779E-15  1.3728008611E-14
  2.5668750000E+02 -4.9504352385E-15  1.0815823169E-14
  2.5724280000E+02 -4.0901817207E-15  7.9005091021E-15
  2.5779870000E+02 -3.2265788147E-15  4.9896873017E-15
  2.5835520000E+02 -2.3619147555E-15  2.0909017508E-15
  2.5891230000E+02 -1.4984610709E-15 -7.8839933027E-16
  2.5947000000E+02 -6.3846682146E-16 -3.6408819308E-15
  2.6002830000E+02  2.1584705216E-16 -6.4593442472E-15
  2.6058720000E+02  1.0622932628E-15 -9.2367341890E-15
  2.6114670000E+02  1.8987235764E-15 -1.1966166352E-14
  2.6170680000E+02  2.7230340650E-15 -1.4640938421E-14
  2.6226750000E+02  3.5331702022E-15 -1.7254546958E-14
  2.6282880000E+02  4.3271317868E-15 -1.9800702555E-14
  2.6339070000E+02  5.1029776859E-15 -2.2273344299E-14
  2.6395320000E+02  5.8588303849E-15 -2.4666653531E-14
  2.6451630000E+02  6.5928803349E-15 -2.6975066872E-14
  2.6508000000E+02  7.3033900880E-15 -2.9193288466E-14
  2.6564430000E+02  7.9886982116E-15 -3.1316301449E-14
  2.6620920000E+02  8.6472229731E-15 -3.3339378594E-14
  2.6677470000E+02  9.2774657878E-15 -3.5258092120E-14
  2.6734080000E+02  9.8780144223E-15 -3.7068322650E-14
  2.6790750000E+02  1.0447545948E-14 -3.8766267299E-14
  2.6847480000E+02  1.0984829440E-14 -4.0348446877E-14
  2.6904270000E+02  1.1488728413E-14 -4.1811712202E-14
  2.6961120000E+02  1.1958202991E-14 -4.3153249498E-14
  2.7018030000E+02  1.2392311817E-14 -4.4370584898E-14
  2.7075000000E+02  1.2790213680E-14 -4.5461588022E-14
  2.7132030000E+02  1.3151168879E-14 -4.6424474640E-14
  2.7189120000E+02  1.3474540304E-14 -4.7257808427E-14
  2.7246270000E+02  1.3759794250E-14 -4.7960501798E-14
  2.7303480000E+02  1.4006500952E-14 -4.8531815835E-14
  2.7360750000E+02  1.4214334847E-14 -4.8971359325E-14
  2.7418080000E+02  1.4383074560E-14 -4.9279086893E-14
  2.7475470000E+02  1.4512602628E-14 -4.9455296273E-14
  2.7532920000E+02  1.4602904950E-14 -4.9500624701E-14
  2.7590430000E+02  1.4654069975E-14 -4.9416044472E-14
  2.7648000000E+02  1.4666287631E-14 -4.9202857662E-14
  2.7705630000E+02  1.4639848001E-14 -4.8862690041E-14
  2.7763320000E+02  1.4575139747E-14 -4.8397484202E-14
  2.7821070000E+02  1.4472648294E-14 -4.7809491930E-14
  2.7878880000E+02  1.4332953771E-14 -4.7101265826E-14
  2.7936750000E+02  1.4156728738E-14 -4.6275650230E-14
  2.7994680000E+02  1.3944735670E-14 -4.5335771457E-14
  2.8052670000E+02  1.3697824248E-14 -4.4285027395E-14
  2.8110720000E+02  1.3416928434E-14 -4.3127076468E-14
  2.8168830000E+02  1.3103063354E-14 -4.1865826032E-14
  2.8227000000E+02  1.2757321997E-14 -4.0505420211E-14
  2.8285230000E+02  1.2380871734E-14 -3.9050227225E-14
  2.8343520000E+02  1.1974950678E-14 -3.7504826234E-14
  2.8401870000E+02  1.1540863886E-14 -3.5873993751E-14
  2.8460280000E+02  1.1079979414E-14 -3.4162689652E-14
  2.8518750000E+02  1.0593724253E-14 -3.2376042816E-14
  2.8577280000E+02  1.0083580125E-14 -3.0519336459E-14
  2.8635870000E+02  9.5510791927E-15 -2.8597993171E-14
  2.8694520000E+02  8.9977996512E-15 -2.6617559724E-14
  2.8753230000E+02  8.4253612520E-15 -2.4583691674E-14
  2.8812000000E+02  7.8354207454E-15 -2.2502137810E-14
  2.8870830000E+02  7.2296672673E-15 -2.0378724480E-14
  2.8929720000E+02  6.6098176767E-15 -1.8219339846E-14
  2.8988670000E+02  5.9776118590E-15 -1.6029918107E-14
  2.9047680000E+02  5.3348080075E-15 -1.3816423721E-14
  2.9106750000E+02  4.6831778935E-15 -1.1584835683E-14
  2.9165880000E+02  4.0245021399E-15 -9.3411318849E-15
  2.9225070000E+02  3.3605655086E-15 -7.0912736041E-15
  2.9284320000E+02  2.6931522149E-15 -4.8411901596E-15
  2.9343630000E+02  2.0240412800E-15 -2.5967637714E-15
  2.9403000000E+02  1.3550019341E-15 -3.6381466172E-16
  2.9462430000E+02  6.8778908158E-16  1.8519135637E-15
  2.9521920000E+02  2.4138838304E-17  4.0447682225E-15
  2.9581470000E+02 -6.3423584603E-16  6.2092015118E-15
  2.9641080000E+02 -1.2856494715E-15  8.3397840846E-15
  2.9700750000E+02 -1.9284481660E-15  1.0431218210E-14
  2.9760480000E+02 -2.5610137485E-15  1.2478350493E-14
  2.9820270000E+02 -3.1817676677E-15  1.4476184112E-14
  2.9880120000E+02 -3.7891748058E-15  1.6419890566E-14
  2.9940030000E+02 -4.3817471406E-15  1.8304820883E-14
  3.0000000000E+02 -4.9580472564E-15  2.0126516283E-14
