  5.000000000000000E-005  0.335695784427859     
  2.000000000000000E-004  0.335695771963528     
  4.500000000000000E-004  0.335695708989145     
  8.000000000000000E-004  0.335695510516192     
  1.250000000000000E-003  0.335695027705423     
  1.800000000000000E-003  0.335694030943744     
  2.450000000000000E-003  0.335692193886813     
  3.200000000000000E-003  0.335689078655541     
  4.050000000000000E-003  0.335684122359494     
  5.000000000000000E-003  0.335676625102920     
  6.050000000000001E-003  0.335665739609946     
  7.200000000000001E-003  0.335650462584794     
  8.450000000000001E-003  0.335629627900902     
  9.800000000000000E-003  0.335601901690084     
  1.125000000000000E-002  0.335565779379474     
  1.280000000000000E-002  0.335519584700543     
  1.445000000000000E-002  0.335461470671105     
  1.620000000000000E-002  0.335389422528432     
  1.805000000000000E-002  0.335301262569540     
  2.000000000000000E-002  0.335194656833837     
  2.205000000000000E-002  0.335067123543732     
  2.420000000000000E-002  0.334916043200888     
  2.645000000000000E-002  0.334738670219621     
  2.880000000000000E-002  0.334532145964744     
  3.125000000000001E-002  0.334293513049020     
  3.380000000000000E-002  0.334019730735411     
  3.645000000000000E-002  0.333707691281538     
  3.920000000000000E-002  0.333354237058202     
  4.205000000000000E-002  0.332956178270465     
  4.500000000000000E-002  0.332510311108550     
  4.805000000000000E-002  0.332013436156644     
  5.120000000000000E-002  0.331462376890444     
  5.445000000000001E-002  0.330853998098877     
  5.780000000000000E-002  0.330185224071624     
  6.125000000000001E-002  0.329453056401802     
  6.480000000000000E-002  0.328654591262193     
  6.845000000000001E-002  0.327787036023534     
  7.220000000000000E-002  0.326847725094484     
  7.605000000000001E-002  0.325834134874691     
  8.000000000000000E-002  0.324743897724788     
  8.405000000000001E-002  0.323574814869877     
  8.820000000000000E-002  0.322324868166028     
  9.244999999999999E-002  0.320992230672308     
  9.680000000000001E-002  0.319575275983707     
  0.101250000000000       0.318072586292945     
  0.105800000000000       0.316482959161363     
  0.110450000000000       0.314805412990789     
  0.115200000000000       0.313039191199420     
  0.120050000000000       0.311183765115178     
  0.125000000000000       0.309238835609690     
  0.130050000000000       0.307204333504940     
  0.135200000000000       0.305080418792690     
  0.140450000000000       0.302867478713959     
  0.145800000000000       0.300566124752169     
  0.151250000000000       0.298177188599020     
  0.156800000000000       0.295701717156708     
  0.162450000000000       0.293140966643864     
  0.168200000000000       0.290496395875479     
  0.174050000000000       0.287769658789227     
  0.180000000000000       0.284962596291950     
  0.186050000000000       0.282077227500792     
  0.192200000000000       0.279115740453452     
  0.198450000000000       0.276080482361480     
  0.204800000000000       0.272973949479420     
  0.211250000000000       0.269798776660963     
  0.217800000000000       0.266557726671254     
  0.224450000000000       0.263253679322034     
  0.231200000000000       0.259889620493518     
  0.238050000000000       0.256468631103895     
  0.245000000000000       0.252993876084009     
  0.252050000000000       0.249468593411333     
  0.259200000000000       0.245896083253742     
  0.266450000000000       0.242279697269886     
  0.273800000000000       0.238622828109178     
  0.281250000000000       0.234928899150658     
  0.288800000000000       0.231201354516197     
  0.296450000000000       0.227443649389761     
  0.304200000000000       0.223659240670787     
  0.312050000000000       0.219851577986148     
  0.320000000000000       0.216024095081677     
  0.328050000000000       0.212180201610883     
  0.336200000000000       0.208323275335281     
  0.344450000000000       0.204456654747682     
  0.352800000000000       0.200583632126885     
  0.361250000000000       0.196707447029492     
  0.369800000000000       0.192831280221986     
  0.378450000000000       0.188958248053840     
  0.387200000000000       0.185091397270200     
  0.396050000000000       0.181233700260670     
  0.405000000000000       0.177388050738853     
  0.414050000000000       0.173557259845630     
  0.423200000000000       0.169744052667637     
  0.432450000000000       0.165951065161049     
  0.441800000000000       0.162180841469595     
  0.451250000000000       0.158435831624672     
  0.460800000000000       0.154718389614553     
  0.470450000000000       0.151030771808909     
  0.480200000000000       0.147375135724245     
  0.490050000000000       0.143753539115363     
  0.500000000000000       0.140167939377549     
  0.510050000000000       0.136620193243937     
  0.520200000000000       0.133112056762303     
  0.530450000000000       0.129645185535453     
  0.540800000000000       0.126221135209392     
  0.551250000000000       0.122841362193504     
  0.561800000000000       0.119507224597155     
  0.572450000000000       0.116219983367298     
  0.583200000000000       0.112980803611965     
  0.594050000000000       0.109790756094817     
  0.605000000000000       0.106650818886288     
  0.616050000000000       0.103561879157277     
  0.627200000000000       0.100524735101726     
  0.638450000000000       9.754009797492375E-002
  0.649800000000000       9.460859423482701E-002
  0.661250000000000       9.173076777419770E-002
  0.672800000000000       8.890708223185834E-002
  0.684450000000000       8.613792337189624E-002
  0.696200000000000       8.342360152016903E-002
  0.708050000000000       8.076435404799626E-002
  0.720000000000000       7.816034789345305E-002
  0.732050000000000       7.561168211120922E-002
  0.744200000000000       7.311839044238400E-002
  0.756450000000000       7.068044389640071E-002
  0.768800000000000       6.829775333733740E-002
  0.781250000000000       6.597017206776673E-002
  0.793800000000000       6.369749840356514E-002
  0.806450000000000       6.147947823364713E-002
  0.819200000000000       5.931580755903842E-002
  0.832050000000000       5.720613500614929E-002
  0.845000000000000       5.515006430953728E-002
  0.858050000000000       5.314715675986409E-002
  0.871200000000000       5.119693361314770E-002
  0.884450000000000       4.929887845779068E-002
  0.897800000000000       4.745243953623168E-002
  0.911250000000000       4.565703201841037E-002
  0.924800000000000       4.391204022456752E-002
  0.938450000000000       4.221681979521441E-002
  0.952200000000000       4.057069980640032E-002
  0.966050000000000       3.897298482868744E-002
  0.980000000000000       3.742295692850384E-002
  0.994050000000000       3.591987761079346E-002
   1.00820000000000       3.446298970211337E-002
   1.02245000000000       3.305151917354404E-002
   1.03680000000000       3.168467690298082E-002
   1.05125000000000       3.036166037656274E-002
   1.06580000000000       2.908165532916696E-002
   1.08045000000000       2.784383732406082E-002
   1.09520000000000       2.664737327194783E-002
   1.11005000000000       2.549142288978301E-002
   1.12500000000000       2.437514009985575E-002
   1.14005000000000       2.329767436975244E-002
   1.15520000000000       2.225817199391261E-002
   1.17045000000000       2.125577731758782E-002
   1.18580000000000       2.028963390409294E-002
   1.20125000000000       1.935888564631555E-002
   1.21680000000000       1.846267782351529E-002
   1.23245000000000       1.760015810450288E-002
   1.24820000000000       1.677047749833765E-002
   1.26405000000000       1.597279125372864E-002
   1.28000000000000       1.520625970835943E-002
   1.29605000000000       1.447004908938831E-002
   1.31220000000000       1.376333226640014E-002
   1.32845000000000       1.308528945810744E-002
   1.34480000000000       1.243510889411154E-002
   1.36125000000000       1.181198743304607E-002
   1.37780000000000       1.121513113843126E-002
   1.39445000000000       1.064375581356991E-002
   1.41120000000000       1.009708749681332E-002
   1.42805000000000       9.574362918523482E-003
   1.44500000000000       9.074829921048799E-003
   1.46205000000000       8.597747843020698E-003
   1.47920000000000       8.142387869266854E-003
   1.49645000000000       7.708033347621435E-003
   1.51380000000000       7.293980073895701E-003
   1.53125000000000       6.899536546256080E-003
   1.54880000000000       6.524024190234290E-003
   1.56645000000000       6.166777555574599E-003
   1.58420000000000       5.827144486100944E-003
   1.60205000000000       5.504486263761932E-003
   1.62000000000000       5.198177727989473E-003
   1.63805000000000       4.907607371479827E-003
   1.65620000000000       4.632177413481653E-003
   1.67445000000000       4.371303851649411E-003
   1.69280000000000       4.124416493493432E-003
   1.71125000000000       3.890958968431779E-003
   1.72980000000000       3.670388721422613E-003
   1.74845000000000       3.462176989128041E-003
   1.76720000000000       3.265808759534028E-003
   1.78605000000000       3.080782715923824E-003
   1.80500000000000       2.906611166075879E-003
   1.82405000000000       2.742819957530784E-003
   1.84320000000000       2.588948379744049E-003
   1.86245000000000       2.444549053918887E-003
   1.88180000000000       2.309187811282420E-003
   1.90125000000000       2.182443560547587E-003
   1.92080000000000       2.063908145277238E-003
   1.94045000000000       1.953186191839096E-003
   1.96020000000000       1.849894948620923E-003
   1.98005000000000       1.753664117147669E-003
   2.00000000000000       1.664135675721212E-003
   2.02005000000000       1.580963696178994E-003
   2.04020000000000       1.503814154347416E-003
   2.06045000000000       1.432364734741731E-003
   2.08080000000000       1.366304630045390E-003
   2.10125000000000       1.305334335878150E-003
   2.12180000000000       1.249165441345290E-003
   2.14245000000000       1.197520415836595E-003
   2.16320000000000       1.150132392528314E-003
   2.18405000000000       1.106744949019467E-003
   2.20500000000000       1.067111885517669E-003
   2.22605000000000       1.030997000970424E-003
   2.24720000000000       9.981738675210461E-004
   2.26845000000000       9.684256036522898E-004
   2.28980000000000       9.415446463630905E-004
   2.31125000000000       9.173325227083140E-004
   2.33280000000000       8.955996210173733E-004
   2.35445000000000       8.761649620901424E-004
   2.37620000000000       8.588559706559362E-004
   2.39805000000000       8.435082473674527E-004
   2.42000000000000       8.299653415854147E-004
   2.44205000000000       8.180785251998834E-004
   2.46420000000000       8.077065677184470E-004
   2.48645000000000       7.987155128410528E-004
   2.50880000000000       7.909784567269873E-004
   2.53125000000000       7.843753281511767E-004
   2.55380000000000       7.787926707322201E-004
   2.57645000000000       7.741234274047382E-004
   2.59920000000000       7.702667273000174E-004
   2.62205000000000       7.671276751855527E-004
   2.64500000000000       7.646171436054283E-004
   2.66805000000000       7.626515678558210E-004
   2.69120000000000       7.611527439164156E-004
   2.71445000000000       7.600476294536973E-004
   2.73780000000000       7.592681480003693E-004
   2.76125000000000       7.587509964094852E-004
   2.78480000000000       7.584374556703355E-004
   2.80845000000000       7.582732051685248E-004
   2.83220000000000       7.582081404635677E-004
   2.85605000000000       7.581961946492854E-004
   2.88000000000000       7.581951633575668E-004
   2.90405000000000       7.581665334563392E-004
   2.92820000000000       7.580753154879383E-004
   2.95245000000000       7.578898798876743E-004
   2.97680000000000       7.575817970150722E-004
   3.00125000000000       7.571256810253724E-004
   3.02580000000000       7.564990376029979E-004
   3.05045000000000       7.556821155725868E-004
   3.07520000000000       7.546577623993023E-004
   3.10005000000000       7.534112835836382E-004
   3.12500000000000       7.519303059516647E-004
   3.15005000000000       7.502046448371047E-004
   3.17520000000000       7.482261751473596E-004
   3.20045000000000       7.459887063004933E-004
   3.22580000000000       7.434878610169116E-004
   3.25125000000000       7.407209579451401E-004
   3.27680000000000       7.376868980978335E-004
   3.30245000000000       7.343860550693138E-004
   3.32820000000000       7.308201690047755E-004
   3.35405000000000       7.269922442856291E-004
   3.38000000000000       7.229064508937899E-004
   3.40605000000000       7.185680294148344E-004
   3.43220000000000       7.139831996370027E-004
   3.45845000000000       7.091590726991948E-004
   3.48480000000000       7.041035667413875E-004
   3.51125000000000       6.988253260059585E-004
   3.53780000000000       6.933336433375126E-004
   3.56445000000000       6.876383860269231E-004
   3.59120000000000       6.817499249427428E-004
   3.61805000000000       6.756790668918655E-004
   3.64500000000000       6.694369901500963E-004
   3.67205000000000       6.630351831002912E-004
   3.69920000000000       6.564853859171160E-004
   3.72645000000000       6.497995352327535E-004
   3.75380000000000       6.429897117200545E-004
   3.78125000000000       6.360680905267424E-004
   3.80880000000000       6.290468944937788E-004
   3.83645000000000       6.219383500906672E-004
   3.86420000000000       6.147546459990827E-004
   3.89205000000000       6.075078942773260E-004
   3.92000000000000       6.002100940344923E-004
   3.94805000000000       5.928730975471863E-004
   3.97620000000000       5.855085787472847E-004
   4.00445000000000       5.781280040116354E-004
   4.03280000000000       5.707426051844156E-004
   4.06125000000000       5.633633547604266E-004
   4.08980000000000       5.560009431620494E-004
   4.11845000000000       5.486657580380250E-004
   4.14720000000000       5.413678655168397E-004
   4.17605000000000       5.341169933432699E-004
   4.20500000000000       5.269225158322510E-004
   4.23405000000000       5.197934405705706E-004
   4.26320000000000       5.127383967986066E-004
   4.29245000000000       5.057656254066067E-004
   4.32180000000000       4.988829704778430E-004
   4.35125000000000       4.920978723145231E-004
   4.38080000000000       4.854173618811242E-004
   4.41045000000000       4.788480566012554E-004
   4.44020000000000       4.723961574455982E-004
   4.47005000000000       4.660674472489190E-004
   4.50000000000000       4.598672901953149E-004
   4.53005000000000       4.538006324109056E-004
   4.56020000000000       4.478720036064643E-004
   4.59045000000000       4.420855197115880E-004
   4.62080000000000       4.364448864432879E-004
   4.65125000000000       4.309534037550411E-004
   4.68180000000000       4.256139711101281E-004
   4.71245000000000       4.204290935281851E-004
   4.74320000000000       4.154008883517912E-004
   4.77405000000000       4.105310926835193E-004
   4.80500000000000       4.058210714433241E-004
   4.83605000000000       4.012718259998604E-004
   4.86720000000000       3.968840033268806E-004
   4.89845000000000       3.926579056419688E-004
   4.92980000000000       3.885935004818153E-004
   4.96125000000000       3.846904311718968E-004
   4.99280000000000       3.809480276501520E-004
   5.02445000000000       3.773653176031844E-004
   5.05620000000000       3.739410378779673E-004
   5.08805000000000       3.706736461305815E-004
   5.12000000000000       3.675613326770133E-004
   5.15205000000000       3.646020325106525E-004
   5.18420000000000       3.617934374536835E-004
   5.21645000000000       3.591330084105615E-004
   5.24880000000000       3.566179876923758E-004
   5.28125000000000       3.542454113834581E-004
   5.31380000000000       3.520121217213679E-004
   5.34645000000000       3.499147794641666E-004
   5.37920000000000       3.479498762192779E-004
   5.41205000000000       3.461137467089537E-004
   5.44500000000000       3.444025809503093E-004
   5.47805000000000       3.428124363270557E-004
   5.51120000000000       3.413392495330014E-004
   5.54445000000000       3.399788483670618E-004
   5.57780000000000       3.387269633616796E-004
   5.61125000000000       3.375792392275589E-004
   5.64480000000000       3.365312460978931E-004
   5.67845000000000       3.355784905575976E-004
   5.71220000000000       3.347164264430047E-004
   5.74605000000000       3.339404653989742E-004
   5.78000000000000       3.332459871818738E-004
   5.81405000000000       3.326283496964400E-004
   5.84820000000000       3.320828987571911E-004
   5.88245000000000       3.316049775650698E-004
   5.91680000000000       3.311899358902637E-004
   5.95125000000000       3.308331389550445E-004
   5.98580000000000       3.305299760090752E-004
   6.02045000000000       3.302758685915785E-004
   6.05520000000000       3.300662784760933E-004
   6.09005000000000       3.298967152928767E-004
   6.12500000000000       3.297627438264006E-004
   6.16005000000000       3.296599909840547E-004
   6.19520000000000       3.295841524354470E-004
   6.23045000000000       3.295309989204132E-004
   6.26580000000000       3.294963822244590E-004
   6.30125000000000       3.294762408231899E-004
   6.33680000000000       3.294666051946726E-004
   6.37245000000000       3.294636028019493E-004
   6.40820000000000       3.294634627471482E-004
   6.44405000000000       3.294625200989665E-004
   6.48000000000000       3.294572198974666E-004
   6.51605000000000       3.294441208376853E-004
   6.55220000000000       3.294198986372177E-004
   6.58845000000000       3.293813490914399E-004
   6.62480000000000       3.293253908202010E-004
   6.66125000000000       3.292490677119786E-004
   6.69780000000000       3.291495510696629E-004
   6.73445000000000       3.290241414646289E-004
   6.77120000000000       3.288702703037605E-004
   6.80805000000000       3.286855011170875E-004
   6.84500000000000       3.284675305708085E-004
   6.88205000000000       3.282141892140267E-004
   6.91920000000000       3.279234419650834E-004
   6.95645000000000       3.275933883449822E-004
   6.99380000000000       3.272222624652876E-004
   7.03125000000000       3.268084327778809E-004
   7.06880000000000       3.263504015946772E-004
   7.10645000000000       3.258468043845220E-004
   7.14420000000000       3.252964088553134E-004
   7.18205000000000       3.246981138300131E-004
   7.22000000000000       3.240509479238152E-004
   7.25805000000000       3.233540680312452E-004
   7.29620000000000       3.226067576311831E-004
   7.33445000000000       3.218084249183017E-004
   7.37280000000000       3.209586007687504E-004
   7.41125000000000       3.200569365492956E-004
   7.44980000000000       3.191032017772488E-004
   7.48845000000000       3.180972816399508E-004
   7.52720000000000       3.170391743820833E-004
   7.56605000000000       3.159289885695249E-004
   7.60500000000000       3.147669402363551E-004
   7.64405000000000       3.135533499252774E-004
   7.68320000000000       3.122886396271229E-004
   7.72245000000000       3.109733296299266E-004
   7.76180000000000       3.096080352829600E-004
   7.80125000000000       3.081934636852690E-004
   7.84080000000000       3.067304103051005E-004
   7.88045000000000       3.052197555387659E-004
   7.92020000000000       3.036624612150485E-004
   7.96005000000000       3.020595670537030E-004
   8.00000000000000       3.004121870839316E-004
   8.04005000000000       2.987215060304971E-004
   8.08020000000000       2.969887756736900E-004
   8.12045000000000       2.952153111903666E-004
   8.16080000000000       2.934024874814423E-004
   8.20125000000000       2.915517354932784E-004
   8.24180000000000       2.896645385376817E-004
   8.28245000000000       2.877424286177321E-004
   8.32320000000000       2.857869827639359E-004
   8.36405000000000       2.837998193866431E-004
   8.40500000000000       2.817825946502817E-004
   8.44605000000000       2.797369988738474E-004
   8.48720000000000       2.776647529635357E-004
   8.52845000000000       2.755676048805666E-004
   8.56980000000000       2.734473261506443E-004
   8.61125000000000       2.713057084177128E-004
   8.65280000000000       2.691445600477849E-004
   8.69445000000000       2.669657027842276E-004
   8.73620000000000       2.647709684613364E-004
   8.77805000000000       2.625621957772495E-004
   8.82000000000000       2.603412271308114E-004
   8.86205000000000       2.581099055248837E-004
   8.90420000000000       2.558700715398765E-004
   8.94645000000000       2.536235603792791E-004
   8.98880000000000       2.513721989899076E-004
   9.03125000000000       2.491178032609787E-004
   9.07380000000000       2.468621753013989E-004
   9.11645000000000       2.446071007997652E-004
   9.15920000000000       2.423543464676881E-004
   9.20205000000000       2.401056575683791E-004
   9.24500000000000       2.378627555323365E-004
   9.28805000000000       2.356273356614591E-004
   9.33120000000000       2.334010649225338E-004
   9.37445000000000       2.311855798312057E-004
   9.41780000000000       2.289824844276533E-004
   9.46125000000000       2.267933483446338E-004
   9.50480000000000       2.246197049682319E-004
   9.54845000000000       2.224630496918678E-004
   9.59220000000000       2.203248382643963E-004
   9.63605000000000       2.182064852316312E-004
   9.68000000000000       2.161093624722388E-004
   9.72405000000000       2.140347978269452E-004
   9.76820000000000       2.119840738218359E-004
   9.81245000000000       2.099584264848575E-004
   9.85680000000000       2.079590442549684E-004
   9.90125000000000       2.059870669839370E-004
   9.94580000000000       2.040435850293454E-004
   9.99045000000000       2.021296384386861E-004
   10.0352000000000       2.002462162236096E-004
   10.0800500000000       1.983942557224339E-004
   10.1250000000000       1.965746420509729E-004
   10.1700500000000       1.947882076401841E-004
   10.2152000000000       1.930357318589704E-004
   10.2604500000000       1.913179407209142E-004
   10.3058000000000       1.896355066738353E-004
   10.3512500000000       1.879890484704494E-004
   10.3968000000000       1.863791311185747E-004
   10.4424500000000       1.848062659091099E-004
   10.4882000000000       1.832709105202279E-004
   10.5340500000000       1.817734691962336E-004
   10.5800000000000       1.803142929985291E-004
   10.6260500000000       1.788936801277452E-004
   10.6722000000000       1.775118763146510E-004
   10.7184500000000       1.761690752773992E-004
   10.7648000000000       1.748654192443300E-004
   10.8112500000000       1.736009995390031E-004
   10.8578000000000       1.723758572261813E-004
   10.9044500000000       1.711899838164332E-004
   10.9512000000000       1.700433220270803E-004
   10.9980500000000       1.689357665974889E-004
   11.0450000000000       1.678671651566543E-004
   11.0920500000000       1.668373191405781E-004
   11.1392000000000       1.658459847570515E-004
   11.1864500000000       1.648928739967914E-004
   11.2338000000000       1.639776556865979E-004
   11.2812500000000       1.630999565847002E-004
   11.3288000000000       1.622593625139057E-004
   11.3764500000000       1.614554195318862E-004
   11.4242000000000       1.606876351350484E-004
   11.4720500000000       1.599554794948777E-004
   11.5200000000000       1.592583867237041E-004
   11.5680500000000       1.585957561678897E-004
   11.6162000000000       1.579669537263295E-004
   11.6644500000000       1.573713131918786E-004
   11.7128000000000       1.568081376133179E-004
   11.7612500000000       1.562767006759724E-004
   11.8098000000000       1.557762480988156E-004
   11.8584500000000       1.553059990452854E-004
   11.9072000000000       1.548651475468676E-004
   11.9560500000000       1.544528639354503E-004
   12.0050000000000       1.540682962845041E-004
   12.0540500000000       1.537105718555365E-004
   12.1032000000000       1.533787985478763E-004
   12.1524500000000       1.530720663510121E-004
   12.2018000000000       1.527894487955428E-004
   12.2512500000000       1.525300044027955E-004
   12.3008000000000       1.522927781298367E-004
   12.3504500000000       1.520768028084318E-004
   12.4002000000000       1.518811005766230E-004
   12.4500500000000       1.517046843005909E-004
   12.5000000000000       1.515465589848608E-004
   12.5500500000000       1.514057231700727E-004
   12.6002000000000       1.512811703160977E-004
   12.6504500000000       1.511718901689996E-004
   12.7008000000000       1.510768701101228E-004
   12.7512500000000       1.509950964868056E-004
   12.8018000000000       1.509255559218325E-004
   12.8524500000000       1.508672366016817E-004
   12.9032000000000       1.508191295413464E-004
   12.9540500000000       1.507802298248428E-004
   13.0050000000000       1.507495378207380E-004
   13.0560500000000       1.507260603703098E-004
   13.1072000000000       1.507088119487854E-004
   13.1584500000000       1.506968157974353E-004
   13.2098000000000       1.506891050263581E-004
   13.2612500000000       1.506847236869557E-004
   13.3128000000000       1.506827278128231E-004
   13.3644500000000       1.506821864290520E-004
   13.4162000000000       1.506821825282278E-004
   13.4680500000000       1.506818140140642E-004
   13.5200000000000       1.506801946100089E-004
   13.5720500000000       1.506764547343220E-004
   13.6242000000000       1.506697423395154E-004
   13.6764500000000       1.506592237169313E-004
   13.7288000000000       1.506440842655721E-004
   13.7812500000000       1.506235292244584E-004
   13.8338000000000       1.505967843694056E-004
   13.8864500000000       1.505630966726068E-004
   13.9392000000000       1.505217349260235E-004
   13.9920500000000       1.504719903276941E-004
   14.0450000000000       1.504131770315165E-004
   14.0980500000000       1.503446326598379E-004
   14.1512000000000       1.502657187791856E-004
   14.2044500000000       1.501758213394710E-004
   14.2578000000000       1.500743510764457E-004
   14.3112500000000       1.499607438774087E-004
   14.3648000000000       1.498344611104985E-004
   14.4184500000000       1.496949899185140E-004
   14.4722000000000       1.495418434759310E-004
   14.5260500000000       1.493745612112796E-004
   14.5800000000000       1.491927089934952E-004
   14.6340500000000       1.489958792840196E-004
   14.6882000000000       1.487836912541507E-004
   14.7424500000000       1.485557908684210E-004
   14.7968000000000       1.483118509345571E-004
   14.8512500000000       1.480515711202446E-004
   14.9058000000000       1.477746779374178E-004
   14.9604500000000       1.474809246947428E-004
   15.0152000000000       1.471700914183471E-004
   15.0700500000000       1.468419847421298E-004
   15.1250000000000       1.464964377678180E-004
   15.1800500000000       1.461333098953799E-004
   15.2352000000000       1.457524866245730E-004
   15.2904500000000       1.453538793287357E-004
   15.3458000000000       1.449374250006019E-004
   15.4012500000000       1.445030859719698E-004
   15.4568000000000       1.440508496068360E-004
   15.5124500000000       1.435807279698831E-004
   15.5682000000000       1.430927574702090E-004
   15.6240500000000       1.425869984815198E-004
   15.6800000000000       1.420635349394517E-004
   15.7360500000000       1.415224739171883E-004
   15.7922000000000       1.409639451794287E-004
   15.8484500000000       1.403881007165375E-004
   15.9048000000000       1.397951142588227E-004
   15.9612500000000       1.391851807724387E-004
   16.0178000000000       1.385585159371372E-004
   16.0744500000000       1.379153556079760E-004
   16.1312000000000       1.372559552598740E-004
   16.1880500000000       1.365805894180672E-004
   16.2450000000000       1.358895510736868E-004
   16.3020500000000       1.351831510861823E-004
   16.3592000000000       1.344617175734197E-004
   16.4164500000000       1.337255952898464E-004
   16.4738000000000       1.329751449944405E-004
   16.5312500000000       1.322107428084474E-004
   16.5888000000000       1.314327795643999E-004
   16.6464500000000       1.306416601473681E-004
   16.7042000000000       1.298378028287139E-004
   16.7620500000000       1.290216385935183E-004
   16.8200000000000       1.281936104632897E-004
   16.8780500000000       1.273541728134542E-004
   16.9362000000000       1.265037906876820E-004
   16.9944500000000       1.256429391092162E-004
   17.0528000000000       1.247721023904247E-004
   17.1112500000000       1.238917734411871E-004
   17.1698000000000       1.230024530768925E-004
   17.2284500000000       1.221046493273814E-004
   17.2872000000000       1.211988767468308E-004
   17.3460500000000       1.202856557261933E-004
   17.4050000000000       1.193655118080783E-004
   17.4640500000000       1.184389750059078E-004
   17.5232000000000       1.175065791272911E-004
   17.5824500000000       1.165688611022286E-004
   17.6418000000000       1.156263603178664E-004
   17.7012500000000       1.146796179593568E-004
   17.7608000000000       1.137291763581016E-004
   17.8204500000000       1.127755783481010E-004
   17.8802000000000       1.118193666307388E-004
   17.9400500000000       1.108610831487833E-004
   18.0000000000000       1.099012684699363E-004
   18.0600500000000       1.089404611813172E-004
   18.1202000000000       1.079791972941058E-004
   18.1804500000000       1.070180096605089E-004
   18.2408000000000       1.060574274016068E-004
   18.3012500000000       1.050979753486891E-004
   18.3618000000000       1.041401734967473E-004
   18.4224500000000       1.031845364716233E-004
   18.4832000000000       1.022315730106471E-004
   18.5440500000000       1.012817854578185E-004
   18.6050000000000       1.003356692729218E-004
   18.6660500000000       9.939371255590634E-005
   18.7272000000000       9.845639558619945E-005
   18.7884500000000       9.752419037728499E-005
   18.8498000000000       9.659756024738009E-005
   18.9112500000000       9.567695940576604E-005
   18.9728000000000       9.476283255505091E-005
   19.0344500000000       9.385561451041857E-005
   19.0962000000000       9.295572983447631E-005
   19.1580500000000       9.206359248975504E-005
   19.2200000000000       9.117960550730775E-005
   19.2820500000000       9.030416067223879E-005
   19.3442000000000       8.943763822649720E-005
   19.4064500000000       8.858040658876742E-005
   19.4688000000000       8.773282209079136E-005
   19.5312500000000       8.689522873173150E-005
   19.5938000000000       8.606795794863231E-005
   19.6564500000000       8.525132840503380E-005
   19.7192000000000       8.444564579562774E-005
   19.7820500000000       8.365120266878856E-005
   19.8450000000000       8.286827826536891E-005
   19.9080500000000       8.209713837487032E-005
   19.9712000000000       8.133803520793403E-005
   20.0344500000000       8.059120728604041E-005
   20.0978000000000       7.985687934719543E-005
   20.1612500000000       7.913526226821510E-005
   20.2248000000000       7.842655300355217E-005
   20.2884500000000       7.773093453961044E-005
   20.3522000000000       7.704857586521285E-005
   20.4160500000000       7.637963195827879E-005
   20.4800000000000       7.572424378693432E-005
   20.5440500000000       7.508253832710921E-005
   20.6082000000000       7.445462859412277E-005
   20.6724500000000       7.384061368997941E-005
   20.7368000000000       7.324057886459734E-005
   20.8012500000000       7.265459559174792E-005
   20.8658000000000       7.208272165903917E-005
   20.9304500000000       7.152500127166617E-005
   20.9952000000000       7.098146516920645E-005
   21.0600500000000       7.045213075673740E-005
   21.1250000000000       6.993700224761090E-005
   21.1900500000000       6.943607081982828E-005
   21.2552000000000       6.894931478412802E-005
   21.3204500000000       6.847669976423054E-005
   21.3858000000000       6.801817888879569E-005
   21.4512500000000       6.757369299431604E-005
   21.5168000000000       6.714317083966748E-005
   21.5824500000000       6.672652933026324E-005
   21.6482000000000       6.632367375342119E-005
   21.7140500000000       6.593449802250184E-005
   21.7800000000000       6.555888493142703E-005
   21.8460500000000       6.519670641785824E-005
   21.9122000000000       6.484782383486820E-005
   21.9784500000000       6.451208823116117E-005
   22.0448000000000       6.418934063900927E-005
   22.1112500000000       6.387941236968286E-005
   22.1778000000000       6.358212531587526E-005
   22.2444500000000       6.329729226056680E-005
   22.3112000000000       6.302471719238367E-005
   22.3780500000000       6.276419562645241E-005
   22.4450000000000       6.251551493041685E-005
   22.5120500000000       6.227845465572868E-005
   22.5792000000000       6.205278687315685E-005
   22.6464500000000       6.183827651212725E-005
   22.7138000000000       6.163468170378161E-005
   22.7812500000000       6.144175412708952E-005
   22.8488000000000       6.125923935779154E-005
   22.9164500000000       6.108687721934070E-005
   22.9842000000000       6.092440213562034E-005
   23.0520500000000       6.077154348538283E-005
   23.1200000000000       6.062802595702133E-005
   23.1880500000000       6.049356990456278E-005
   23.2562000000000       6.036789170327239E-005
   23.3244500000000       6.025070410470290E-005
   23.3928000000000       6.014171659196599E-005
   23.4612500000000       6.004063573267215E-005
   23.5298000000000       5.994716553126000E-005
   23.5984500000000       5.986100777904957E-005
   23.6672000000000       5.978186240174210E-005
   23.7360500000000       5.970942780469946E-005
   23.8050000000000       5.964340121517031E-005
   23.8740500000000       5.958347902057515E-005
   23.9432000000000       5.952935710373808E-005
   24.0124500000000       5.948073117373331E-005
   24.0818000000000       5.943729709240175E-005
   24.1512500000000       5.939875119626015E-005
   24.2208000000000       5.936479061313671E-005
   24.2904500000000       5.933511357397725E-005
   24.3602000000000       5.930941971887815E-005
   24.4300500000000       5.928741039740171E-005
   24.5000000000000       5.926878896239662E-005
   24.5700500000000       5.925326105826745E-005
   24.6402000000000       5.924053490230508E-005
   24.7104500000000       5.923032155918939E-005
   24.7808000000000       5.922233520855302E-005
   24.8512500000000       5.921629340599477E-005
   24.9218000000000       5.921191733593290E-005
   24.9924500000000       5.920893205757505E-005
   25.0632000000000       5.920706674300558E-005
   25.1340500000000       5.920605490772335E-005
   25.2050000000000       5.920563463285289E-005
   25.2760500000000       5.920554877997253E-005
   25.3472000000000       5.920554519728283E-005
   25.4184500000000       5.920537691778138E-005
   25.4898000000000       5.920480234899994E-005
   25.5612500000000       5.920358545458138E-005
   25.6328000000000       5.920149592730795E-005
   25.7044500000000       5.919830935341430E-005
   25.7762000000000       5.919380736879587E-005
   25.8480500000000       5.918777780594686E-005
   25.9200000000000       5.918001483357083E-005
   25.9920500000000       5.917031908575510E-005
   26.0642000000000       5.915849778387328E-005
   26.1364500000000       5.914436484955043E-005
   26.2088000000000       5.912774100896856E-005
   26.2812500000000       5.910845388795716E-005
   26.3538000000000       5.908633809964536E-005
   26.4264500000000       5.906123532239960E-005
   26.4992000000000       5.903299437004517E-005
   26.5720500000000       5.900147125315058E-005
   26.6450000000000       5.896652923198520E-005
   26.7180500000000       5.892803886115017E-005
   26.7912000000000       5.888587802549416E-005
   26.8644500000000       5.883993196853510E-005
   26.9378000000000       5.879009331172247E-005
   27.0112500000000       5.873626206648330E-005
   27.0848000000000       5.867834563710872E-005
   27.1584500000000       5.861625881692367E-005
   27.2322000000000       5.854992377579693E-005
   27.3060500000000       5.847927003965747E-005
   27.3800000000000       5.840423446312748E-005
   27.4540500000000       5.832476119399521E-005
   27.5282000000000       5.824080163002732E-005
   27.6024500000000       5.815231436906432E-005
   27.6768000000000       5.805926515128901E-005
   27.7512500000000       5.796162679477801E-005
   27.8258000000000       5.785937912355932E-005
   27.9004500000000       5.775250888939709E-005
   27.9752000000000       5.764100968663755E-005
   28.0500500000000       5.752488186011595E-005
   28.1250000000000       5.740413240723496E-005
   28.2000500000000       5.727877487354815E-005
   28.2752000000000       5.714882924201525E-005
   28.3504500000000       5.701432181698385E-005
   28.4258000000000       5.687528510150974E-005
   28.5012500000000       5.673175766995886E-005
   28.5768000000000       5.658378403511355E-005
   28.6524500000000       5.643141450967226E-005
   28.7282000000000       5.627470506308629E-005
   28.8040500000000       5.611371717384461E-005
   28.8800000000000       5.594851767709574E-005
   28.9560500000000       5.577917860766224E-005
   29.0322000000000       5.560577703950242E-005
   29.1084500000000       5.542839492106433E-005
   29.1848000000000       5.524711890686484E-005
   29.2612500000000       5.506204018618233E-005
   29.3378000000000       5.487325430819645E-005
   29.4144500000000       5.468086100446357E-005
   29.4912000000000       5.448496400883851E-005
   29.5680500000000       5.428567087484293E-005
   29.6450000000000       5.408309279109069E-005
   29.7220500000000       5.387734439488145E-005
   29.7992000000000       5.366854358412887E-005
   29.8764500000000       5.345681132795654E-005
   29.9538000000000       5.324227147635030E-005
   30.0312500000000       5.302505056886675E-005
   30.1088000000000       5.280527764311982E-005
   30.1864500000000       5.258308404221257E-005
   30.2642000000000       5.235860322300168E-005
   30.3420500000000       5.213197056419538E-005
   30.4200000000000       5.190332317456248E-005
   30.4980500000000       5.167279970258454E-005
   30.5762000000000       5.144054014638577E-005
   30.6544500000000       5.120668566493958E-005
   30.7328000000000       5.097137839094046E-005
   30.8112500000000       5.073476124489718E-005
   30.8898000000000       5.049697775133533E-005
   30.9684500000000       5.025817185688730E-005
   31.0472000000000       5.001848775043616E-005
   31.1260500000000       4.977806968597953E-005
   31.2050000000000       4.953706180754747E-005
   31.2840500000000       4.929560797772847E-005
   31.3632000000000       4.905385160808295E-005
   31.4424500000000       4.881193549349794E-005
   31.5218000000000       4.857000164926184E-005
   31.6012500000000       4.832819115180298E-005
   31.6808000000000       4.808664398237017E-005
   31.7604500000000       4.784549887554279E-005
   31.8402000000000       4.760489317001682E-005
   31.9200500000000       4.736496266427581E-005
   32.0000000000000       4.712584147603671E-005
   32.0800500000000       4.688766190541482E-005
   32.1602000000000       4.665055430258525E-005
   32.2404500000000       4.641464693960762E-005
   32.3208000000000       4.618006588635870E-005
   32.4012500000000       4.594693489134993E-005
   32.4818000000000       4.571537526609770E-005
   32.5624500000000       4.548550577498922E-005
   32.6432000000000       4.525744252920072E-005
   32.7240500000000       4.503129888483448E-005
   32.8050000000000       4.480718534621841E-005
   32.8860500000000       4.458520947375755E-005
   32.9672000000000       4.436547579628192E-005
   33.0484500000000       4.414808572783535E-005
   33.1298000000000       4.393313748984884E-005
   33.2112500000000       4.372072603725519E-005
   33.2928000000000       4.351094298943314E-005
   33.3744500000000       4.330387656653611E-005
   33.4562000000000       4.309961152942909E-005
   33.5380500000000       4.289822912484365E-005
   33.6200000000000       4.269980703519582E-005
   33.7020500000000       4.250441933267846E-005
   33.7842000000000       4.231213643829390E-005
   33.8664500000000       4.212302508493915E-005
   33.9488000000000       4.193714828559791E-005
   34.0312500000000       4.175456530530752E-005
   34.1138000000000       4.157533163795524E-005
   34.1964500000000       4.139949898751549E-005
   34.2792000000000       4.122711525289535E-005
   34.3620500000000       4.105822451805352E-005
   34.4450000000000       4.089286704528350E-005
   34.5280500000000       4.073107927354824E-005
   34.6112000000000       4.057289381986795E-005
   34.6944500000000       4.041833948553730E-005
   34.7778000000000       4.026744126611748E-005
   34.8612500000000       4.012022036481433E-005
   34.9448000000000       3.997669421007544E-005
   35.0284500000000       3.983687647679535E-005
   35.1122000000000       3.970077711124009E-005
   35.1960500000000       3.956840235913583E-005
   35.2800000000000       3.943975479808737E-005
   35.3640500000000       3.931483337227260E-005
   35.4482000000000       3.919363343152238E-005
   35.5324500000000       3.907614677289839E-005
   35.6168000000000       3.896236168610123E-005
   35.7012500000000       3.885226300121003E-005
   35.7858000000000       3.874583214025229E-005
   35.8704500000000       3.864304717132727E-005
   35.9552000000000       3.854388286500532E-005
   36.0400500000000       3.844831075500155E-005
   36.1250000000000       3.835629919979322E-005
   36.2100500000000       3.826781344801189E-005
   36.2952000000000       3.818281570633353E-005
   36.3804500000000       3.810126520875645E-005
   36.4658000000000       3.802311828959848E-005
   36.5512500000000       3.794832845754881E-005
   36.6368000000000       3.787684647343914E-005
   36.7224500000000       3.780862042790378E-005
   36.8082000000000       3.774359582292552E-005
   36.8940500000000       3.768171565482481E-005
   36.9800000000000       3.762292049813709E-005
   37.0660500000000       3.756714859270982E-005
   37.1522000000000       3.751433593107700E-005
   37.2384500000000       3.746441634816522E-005
   37.3248000000000       3.741732161205436E-005
   37.4112500000000       3.737298151645918E-005
   37.4978000000000       3.733132397382155E-005
   37.5844500000000       3.729227511006794E-005
   37.6712000000000       3.725575936019965E-005
   37.7580500000000       3.722169956466015E-005
   37.8450000000000       3.719001706664615E-005
   37.9320500000000       3.716063181019580E-005
   38.0192000000000       3.713346243872095E-005
   38.1064500000000       3.710842639381706E-005
   38.1938000000000       3.708544001496117E-005
   38.2812500000000       3.706441863876586E-005
   38.3688000000000       3.704527669901037E-005
   38.4564500000000       3.702792782617204E-005
   38.5442000000000       3.701228494717990E-005
   38.6320500000000       3.699826038455756E-005
   38.7200000000000       3.698576595567715E-005
   38.8080500000000       3.697471307101408E-005
   38.8962000000000       3.696501283223519E-005
   38.9844500000000       3.695657612950987E-005
   39.0728000000000       3.694931373771082E-005
   39.1612500000000       3.694313641172675E-005
   39.2498000000000       3.693795498121988E-005
   39.3384500000000       3.693368044344059E-005
   39.4272000000000       3.693022405515389E-005
   39.5160500000000       3.692749742334467E-005
   39.6050000000000       3.692541259409099E-005
   39.6940500000000       3.692388213988318E-005
   39.7832000000000       3.692281924544405E-005
   39.8724500000000       3.692213779155074E-005
   39.9618000000000       3.692175243730222E-005
   40.0512500000000       3.692157869972235E-005
   40.1408000000000       3.692153303247458E-005
   40.2304500000000       3.692153290113520E-005
   40.3202000000000       3.692149685741164E-005
   40.4100500000000       3.692134461058538E-005
   40.5000000000000       3.692099709667884E-005
   40.5900500000000       3.692037654534630E-005
   40.6802000000000       3.691940654443338E-005
   40.7704500000000       3.691801210220502E-005
   40.8608000000000       3.691611970696451E-005
   40.9512500000000       3.691365738406338E-005
   41.0418000000000       3.691055475085747E-005
   41.1324500000000       3.690674306860986E-005
   41.2232000000000       3.690215529250640E-005
   41.3140500000000       3.689672611834061E-005
   41.4050000000000       3.689039202758870E-005
   41.4960500000000       3.688309132915402E-005
   41.5872000000000       3.687476419894642E-005
   41.6784500000000       3.686535271724134E-005
   41.7698000000000       3.685480090287463E-005
   41.8612500000000       3.684305474560556E-005
   41.9528000000000       3.683006223575980E-005
   42.0444500000000       3.681577339126330E-005
   42.1362000000000       3.680014028267786E-005
   42.2280500000000       3.678311705546111E-005
   42.3200000000000       3.676465995022804E-005
   42.4120500000000       3.674472732045908E-005
   42.5042000000000       3.672327964804323E-005
   42.5964500000000       3.670027955648969E-005
   42.6888000000000       3.667569182197461E-005
   42.7812500000000       3.664948338222285E-005
   42.8738000000000       3.662162334300278E-005
   42.9664500000000       3.659208298301131E-005
   43.0592000000000       3.656083575626079E-005
   43.1520500000000       3.652785729219010E-005
   43.2450000000000       3.649312539460992E-005
   43.3380500000000       3.645662003759487E-005
   43.4312000000000       3.641832336021000E-005
   43.5244500000000       3.637821965901678E-005
   43.6178000000000       3.633629537880267E-005
   43.7112500000000       3.629253910109043E-005
   43.8048000000000       3.624694153142594E-005
   43.8984500000000       3.619949548416823E-005
   43.9922000000000       3.615019586611368E-005
   44.0860500000000       3.609903965812178E-005
   44.1800000000000       3.604602589490913E-005
   44.2740500000000       3.599115564345556E-005
   44.3682000000000       3.593443197946744E-005
   44.4624500000000       3.587585996250864E-005
   44.5568000000000       3.581544660952174E-005
   44.6512500000000       3.575320086623979E-005
   44.7458000000000       3.568913357815395E-005
   44.8404500000000       3.562325745892769E-005
   44.9352000000000       3.555558705797823E-005
   45.0300500000000       3.548613872661477E-005
   45.1250000000000       3.541493058267786E-005
   45.2200500000000       3.534198247379106E-005
   45.3152000000000       3.526731593939125E-005
   45.4104500000000       3.519095417148232E-005
   45.5058000000000       3.511292197461158E-005
   45.6012500000000       3.503324572379229E-005
   45.6968000000000       3.495195332209322E-005
   45.7924500000000       3.486907415706231E-005
   45.8882000000000       3.478463905565166E-005
   45.9840500000000       3.469868023864286E-005
   46.0800000000000       3.461123127412868E-005
   46.1760500000000       3.452232702999547E-005
   46.2722000000000       3.443200362562848E-005
   46.3684500000000       3.434029838284003E-005
   46.4648000000000       3.424724977618698E-005
   46.5612500000000       3.415289738295524E-005
   46.6578000000000       3.405728183175638E-005
   46.7544500000000       3.396044475156845E-005
   46.8512000000000       3.386242871983303E-005
   46.9480500000000       3.376327721010819E-005
   47.0450000000000       3.366303453966601E-005
   47.1420500000000       3.356174581681248E-005
   47.2392000000000       3.345945688765228E-005
   47.3364500000000       3.335621428335322E-005
   47.4338000000000       3.325206516691104E-005
   47.5312500000000       3.314705727974765E-005
   47.6288000000000       3.304123888919763E-005
   47.7264500000000       3.293465873499546E-005
   47.8242000000000       3.282736597676195E-005
   47.9220500000000       3.271941014149071E-005
   48.0200000000000       3.261084107131218E-005
   48.1180500000000       3.250170887164616E-005
   48.2162000000000       3.239206385957649E-005
   48.3144500000000       3.228195651300281E-005
   48.4128000000000       3.217143742006989E-005
   48.5112500000000       3.206055722931866E-005
   48.6098000000000       3.194936660017023E-005
   48.7084500000000       3.183791615440912E-005
   48.8072000000000       3.172625642805516E-005
   48.9060500000000       3.161443782406792E-005
   49.0050000000000       3.150251056599496E-005
   49.1040500000000       3.139052465195302E-005
   49.2032000000000       3.127852980994161E-005
   49.3024500000000       3.116657545387813E-005
   49.4018000000000       3.105471064013265E-005
   49.5012500000000       3.094298402550599E-005
   49.6008000000000       3.083144382598491E-005
   49.7004500000000       3.072013777610794E-005
   49.8002000000000       3.060911308994108E-005
   49.9000500000000       3.049841642249751E-005
   50.0000000000000       3.038809383221208E-005
   50.1000500000000       3.027819074502558E-005
   50.2002000000000       3.016875191874657E-005
   50.3004500000000       3.005982140896757E-005
   50.4008000000000       2.995144253586934E-005
   50.5012500000000       2.984365785202447E-005
   50.6018000000000       2.973650911164416E-005
   50.7024500000000       2.963003724038016E-005
   50.8032000000000       2.952428230679205E-005
   50.9040500000000       2.941928349453615E-005
   51.0050000000000       2.931507907566466E-005
   51.1060500000000       2.921170638570114E-005
   51.2072000000000       2.910920179877152E-005
   51.3084500000000       2.900760070484454E-005
   51.4098000000000       2.890693748774931E-005
   51.5112500000000       2.880724550424762E-005
   51.6128000000000       2.870855706432751E-005
   51.7144500000000       2.861090341310657E-005
   51.8162000000000       2.851431471306842E-005
   51.9180500000000       2.841882002840856E-005
   52.0200000000000       2.832444730987982E-005
   52.1220500000000       2.823122338113659E-005
   52.2242000000000       2.813917392641141E-005
   52.3264500000000       2.804832347902408E-005
   52.4288000000000       2.795869541144524E-005
   52.5312500000000       2.787031192630351E-005
   52.6338000000000       2.778319404905805E-005
   52.7364500000000       2.769736162128167E-005
   52.8392000000000       2.761283329566488E-005
   52.9420500000000       2.752962653190805E-005
   53.0450000000000       2.744775759422335E-005
   53.1480500000000       2.736724154944747E-005
   53.2512000000000       2.728809226715256E-005
   53.3544500000000       2.721032242025689E-005
   53.4578000000000       2.713394348730080E-005
   53.5612500000000       2.705896575572186E-005
   53.6648000000000       2.698539832629576E-005
   53.7684500000000       2.691324911907600E-005
   53.8722000000000       2.684252487999972E-005
   53.9760500000000       2.677323118926989E-005
   54.0800000000000       2.670537247040361E-005
   54.1840500000000       2.663895200044619E-005
   54.2882000000000       2.657397192190603E-005
   54.3924500000000       2.651043325485603E-005
   54.4968000000000       2.644833591114448E-005
   54.6012500000000       2.638767870877246E-005
   54.7058000000000       2.632845938821404E-005
   54.8104500000000       2.627067462890320E-005
   54.9152000000000       2.621432006744140E-005
   55.0200500000000       2.615939031652692E-005
   55.1250000000000       2.610587898466132E-005
   55.2300500000000       2.605377869746572E-005
   55.3352000000000       2.600308111894156E-005
   55.4404500000000       2.595377697450774E-005
   55.5458000000000       2.590585607448181E-005
   55.6512500000000       2.585930733833841E-005
   55.7568000000000       2.581411882018880E-005
   55.8624500000000       2.577027773437157E-005
   55.9682000000000       2.572777048226449E-005
   56.0740500000000       2.568658267976254E-005
   56.1800000000000       2.564669918503348E-005
   56.2860500000000       2.560810412732817E-005
   56.3922000000000       2.557078093590182E-005
   56.4984500000000       2.553471236982352E-005
   56.6048000000000       2.549988054817431E-005
   56.7112500000000       2.546626698046728E-005
   56.8178000000000       2.543385259745623E-005
   56.9244500000000       2.540261778261055E-005
   57.0312000000000       2.537254240325693E-005
   57.1380500000000       2.534360584266482E-005
   57.2450000000000       2.531578703168780E-005
   57.3520500000000       2.528906448068247E-005
   57.4592000000000       2.526341631131634E-005
   57.5664500000000       2.523882028926394E-005
   57.6738000000000       2.521525385545953E-005
   57.7812500000000       2.519269415823810E-005
   57.8888000000000       2.517111808492123E-005
   57.9964500000000       2.515050229334737E-005
   58.1042000000000       2.513082324301363E-005
   58.2120500000000       2.511205722599552E-005
   58.3200000000000       2.509418039736699E-005
   58.4280500000000       2.507716880556510E-005
   58.5362000000000       2.506099842147780E-005
   58.6444500000000       2.504564516836449E-005
   58.7528000000000       2.503108494972262E-005
   58.8612500000000       2.501729367793137E-005
   58.9698000000000       2.500424730106365E-005
   59.0784500000000       2.499192183014198E-005
   59.1872000000000       2.498029336478469E-005
   59.2960500000000       2.496933811890756E-005
   59.4050000000000       2.495903244498221E-005
   59.5140500000000       2.494935285818345E-005
   59.6232000000000       2.494027605892679E-005
   59.7324500000000       2.493177895568355E-005
   59.8418000000000       2.492383868563097E-005
   59.9512500000000       2.491643263580201E-005
   60.0608000000000       2.490953846223665E-005
   60.1704500000000       2.490313410902223E-005
   60.2802000000000       2.489719782594602E-005
   60.3900500000000       2.489170818575914E-005
   60.5000000000000       2.488664409977526E-005
   60.6100500000000       2.488198483346915E-005
   60.7202000000000       2.487771002052108E-005
   60.8304500000000       2.487379967641701E-005
   60.9408000000000       2.487023421043899E-005
   61.0512500000000       2.486699443787765E-005
   61.1618000000000       2.486406159024623E-005
   61.2724500000000       2.486141732560565E-005
   61.3832000000000       2.485904373705772E-005
   61.4940500000000       2.485692336134937E-005
   61.6050000000000       2.485503918603360E-005
   61.7160500000000       2.485337465607529E-005
   61.8272000000000       2.485191367951334E-005
   61.9384500000000       2.485064063273423E-005
   62.0498000000000       2.484954036457987E-005
   62.1612500000000       2.484859819978924E-005
   62.2728000000000       2.484779994221809E-005
   62.3844500000000       2.484713187667076E-005
   62.4962000000000       2.484658077073210E-005
   62.6080500000000       2.484613387543355E-005
   62.7200000000000       2.484577892597484E-005
   62.8320500000000       2.484550414116882E-005
   62.9442000000000       2.484529822266435E-005
   63.0564500000000       2.484515035400259E-005
   63.1688000000000       2.484505019834105E-005
   63.2812500000000       2.484498789645517E-005
   63.3938000000000       2.484495406396281E-005
   63.5064500000000       2.484493978799351E-005
   63.6192000000000       2.484493662391341E-005
   63.7320500000000       2.484493659082876E-005
   63.8450000000000       2.484493216770023E-005
   63.9580500000000       2.484491628818031E-005
   64.0712000000000       2.484488233561732E-005
   64.1844500000000       2.484482413778188E-005
   64.2978000000000       2.484473596064962E-005
   64.4112500000000       2.484461250251702E-005
   64.5248000000000       2.484444888767312E-005
   64.6384500000000       2.484424065923863E-005
   64.7522000000000       2.484398377239350E-005
   64.8660500000000       2.484367458671644E-005
   64.9800000000000       2.484330985874639E-005
   65.0940500000000       2.484288673387791E-005
   65.2082000000000       2.484240273786797E-005
   65.3224500000000       2.484185576856479E-005
   65.4368000000000       2.484124408680399E-005
   65.5512500000000       2.484056630730480E-005
   65.6658000000000       2.483982138917762E-005
   65.7804500000000       2.483900862604305E-005
   65.8952000000000       2.483812763603988E-005
   66.0100500000000       2.483717835155552E-005
   66.1250000000000       2.483616100845687E-005
   66.2400500000000       2.483507613521008E-005
   66.3552000000000       2.483392454177835E-005
   66.4704500000000       2.483270730796461E-005
   66.5858000000000       2.483142577180963E-005
   66.7012500000000       2.483008151765720E-005
   66.8168000000000       2.482867636394159E-005
   66.9324500000000       2.482721235064211E-005
   67.0482000000000       2.482569172657101E-005
   67.1640500000000       2.482411693688347E-005
   67.2800000000000       2.482249060981045E-005
   67.3960500000000       2.482081554339155E-005
   67.5122000000000       2.481909469237431E-005
   67.6284500000000       2.481733115461404E-005
   67.7448000000000       2.481552815775112E-005
   67.8612500000000       2.481368904549974E-005
   67.9778000000000       2.481181726399218E-005
   68.0944500000000       2.480991634834506E-005
   68.2112000000000       2.480798990878164E-005
   68.3280500000000       2.480604161730904E-005
   68.4450000000000       2.480407519422911E-005
   68.5620500000000       2.480209439459369E-005
   68.6792000000000       2.480010299504842E-005
   68.7964500000000       2.479810478095423E-005
   68.9138000000000       2.479610353317563E-005
   69.0312500000000       2.479410301564622E-005
   69.1488000000000       2.479210696321177E-005
   69.2664500000000       2.479011906897366E-005
   69.3842000000000       2.478814297302012E-005
   69.5020500000000       2.478618225071338E-005
   69.6200000000000       2.478424040164295E-005
   69.7380500000000       2.478232083902299E-005
   69.8562000000000       2.478042687920068E-005
   69.9744500000000       2.477856173199733E-005
   70.0928000000000       2.477672849116042E-005
   70.2112500000000       2.477493012553733E-005
   70.3298000000000       2.477316947019359E-005
   70.4484500000000       2.477144921897434E-005
   70.5672000000000       2.476977191645524E-005
   70.6860500000000       2.476813995133664E-005
   70.8050000000000       2.476655554944918E-005
   70.9240500000000       2.476502076825815E-005
   71.0432000000000       2.476353749086835E-005
   71.1624500000000       2.476210742136109E-005
   71.2818000000000       2.476073208013130E-005
   71.4012500000000       2.475941279972416E-005
   71.5208000000000       2.475815072178200E-005
   71.6404500000000       2.475694679326956E-005
   71.7602000000000       2.475580176442005E-005
   71.8800500000000       2.475471618623715E-005
   72.0000000000000       2.475369040899622E-005
   72.1200500000000       2.475272458074551E-005
   72.2402000000000       2.475181864630693E-005
   72.3604500000000       2.475097234705403E-005
   72.4808000000000       2.475018522030137E-005
   72.6012500000000       2.474945659969308E-005
   72.7218000000000       2.474878561553595E-005
   72.8424500000000       2.474817119546557E-005
   72.9632000000000       2.474761206583409E-005
   73.0840500000000       2.474710675232084E-005
   73.2050000000000       2.474665358204176E-005
   73.3260500000000       2.474625068477065E-005
   73.4472000000000       2.474589599493759E-005
   73.5684500000000       2.474558725390485E-005
   73.6898000000000       2.474532201163226E-005
   73.8112500000000       2.474509762950827E-005
   73.9328000000000       2.474491128245937E-005
   74.0544500000000       2.474475996139258E-005
   74.1762000000000       2.474464047591551E-005
   74.2980500000000       2.474454945711191E-005
   74.4200000000000       2.474448335970658E-005
   74.5420500000000       2.474443846539609E-005
   74.6642000000000       2.474441088540225E-005
   74.7864500000000       2.474439656291461E-005
   74.9088000000000       2.474439127664319E-005
   75.0312500000000       2.474439064270584E-005
   75.1538000000000       2.474439011829199E-005
   75.2764500000000       2.474438500399412E-005
   75.3992000000000       2.474437044697186E-005
   75.5220500000000       2.474434144350557E-005
   75.6450000000000       2.474429284221591E-005
   75.7680500000000       2.474421934683946E-005
   75.8912000000000       2.474411551905975E-005
   76.0144500000000       2.474397578161591E-005
   76.1378000000000       2.474379442146679E-005
   76.2612500000000       2.474356559256652E-005
   76.3848000000000       2.474328331930620E-005
   76.5084500000000       2.474294149945599E-005
   76.6322000000000       2.474253390788439E-005
   76.7560500000000       2.474205419955577E-005
   76.8800000000000       2.474149591363828E-005
   77.0040500000000       2.474085247650137E-005
   77.1282000000000       2.474011720604574E-005
   77.2524500000000       2.473928331570008E-005
   77.3768000000000       2.473834391814034E-005
   77.5012500000000       2.473729203034125E-005
   77.6258000000000       2.473612057729557E-005
   77.7504500000000       2.473482239745417E-005
   77.8752000000000       2.473339024744448E-005
   78.0000500000000       2.473181680728853E-005
   78.1250000000000       2.473009468562104E-005
   78.2500500000000       2.472821642590661E-005
   78.3752000000000       2.472617451182435E-005
   78.5004500000000       2.472396137376265E-005
   78.6258000000000       2.472156939536951E-005
   78.7512500000000       2.471899091976981E-005
   78.8768000000000       2.471621825700376E-005
   79.0024500000000       2.471324369107686E-005
   79.1282000000000       2.471005948723182E-005
   79.2540500000000       2.470665789977566E-005
   79.3800000000000       2.470303118018435E-005
   79.5060500000000       2.469917158476331E-005
   79.6322000000000       2.469507138330718E-005
   79.7584500000000       2.469072286748197E-005
   79.8848000000000       2.468611835937384E-005
   80.0112500000000       2.468125022053735E-005
   80.1378000000000       2.467611086071075E-005
   80.2644500000000       2.467069274691980E-005
   80.3912000000000       2.466498841247056E-005
   80.5180500000000       2.465899046633080E-005
   80.6450000000000       2.465269160178973E-005
   80.7720500000000       2.464608460622797E-005
   80.8992000000000       2.463916236961072E-005
   81.0264500000000       2.463191789403574E-005
   81.1538000000000       2.462434430222649E-005
   81.2812500000000       2.461643484669152E-005
   81.4088000000000       2.460818291799560E-005
   81.5364500000000       2.459958205364154E-005
   81.6642000000000       2.459062594600825E-005
   81.7920500000000       2.458130845039985E-005
   81.9200000000000       2.457162359292830E-005
   82.0480500000000       2.456156557795186E-005
   82.1762000000000       2.455112879501398E-005
   82.3044500000000       2.454030782589323E-005
   82.4328000000000       2.452909745104259E-005
   82.5612500000000       2.451749265569569E-005
   82.6898000000000       2.450548863569546E-005
   82.8184500000000       2.449308080282320E-005
   82.9472000000000       2.448026478962806E-005
   83.0760500000000       2.446703645458959E-005
   83.2050000000000       2.445339188583695E-005
   83.3340500000000       2.443932740536781E-005
   83.4632000000000       2.442483957226793E-005
   83.5924500000000       2.440992518604190E-005
   83.7218000000000       2.439458128933314E-005
   83.8512500000000       2.437880517025537E-005
   83.9808000000000       2.436259436472410E-005
   84.1104500000000       2.434594665784440E-005
   84.2402000000000       2.432886008579827E-005
   84.3700500000000       2.431133293689935E-005
   84.5000000000000       2.429336375237012E-005
   84.6300500000000       2.427495132728552E-005
   84.7602000000000       2.425609471085055E-005
   84.8904500000000       2.423679320673333E-005
   85.0208000000000       2.421704637339817E-005
   85.1512500000000       2.419685402360594E-005
   85.2818000000000       2.417621622458066E-005
   85.4124500000000       2.415513329728780E-005
   85.5432000000000       2.413360581643431E-005
   85.6740500000000       2.411163460946941E-005
   85.8050000000000       2.408922075636255E-005
   85.9360500000000       2.406636558843767E-005
   86.0672000000000       2.404307068804012E-005
   86.1984500000000       2.401933788720445E-005
   86.3298000000000       2.399516926721024E-005
   86.4612500000000       2.397056715741641E-005
   86.5928000000000       2.394553413415101E-005
   86.7244500000000       2.392007301971200E-005
   86.8562000000000       2.389418688136802E-005
   86.9880500000000       2.386787902991516E-005
   87.1200000000000       2.384115301828915E-005
   87.2520500000000       2.381401264067717E-005
   87.3842000000000       2.378646193046396E-005
   87.5164500000000       2.375850515895506E-005
   87.6488000000000       2.373014683348940E-005
   87.7812500000000       2.370139169560748E-005
   87.9138000000000       2.367224471894191E-005
   88.0464500000000       2.364271110716354E-005
   88.1792000000000       2.361279629126134E-005
   88.3120500000000       2.358250592715549E-005
   88.4450000000000       2.355184589281079E-005
   88.5780500000000       2.352082228496144E-005
   88.7112000000000       2.348944141583598E-005
   88.8444500000000       2.345770980960449E-005
   88.9778000000000       2.342563419832633E-005
   89.1112500000000       2.339322151778678E-005
   89.2448000000000       2.336047890277859E-005
   89.3784500000000       2.332741368271662E-005
   89.5122000000000       2.329403337586466E-005
   89.6460500000000       2.326034568428392E-005
   89.7800000000000       2.322635848783783E-005
   89.9140500000000       2.319207983814131E-005
   90.0482000000000       2.315751795189946E-005
   90.1824500000000       2.312268120430172E-005
   90.3168000000000       2.308757812163886E-005
   90.4512500000000       2.305221737436414E-005
   90.5858000000000       2.301660776887759E-005
   90.7204500000000       2.298075823981005E-005
   90.8552000000000       2.294467784175191E-005
   90.9900500000000       2.290837574064897E-005
   91.1250000000000       2.287186120519813E-005
   91.2600500000000       2.283514359774363E-005
   91.3952000000000       2.279823236522871E-005
   91.5304500000000       2.276113703003624E-005
   91.6658000000000       2.272386718032982E-005
   91.8012500000000       2.268643246083890E-005
   91.9368000000000       2.264884256286681E-005
   92.0724500000000       2.261110721490933E-005
   92.2082000000000       2.257323617294027E-005
   92.3440500000000       2.253523921053047E-005
   92.4800000000000       2.249712610941090E-005
   92.6160500000000       2.245890664975825E-005
   92.7522000000000       2.242059060081347E-005
   92.8884500000000       2.238218771138945E-005
   93.0248000000000       2.234370770065608E-005
   93.1612500000000       2.230516024914753E-005
   93.2978000000000       2.226655498976937E-005
   93.4344500000000       2.222790149936094E-005
   93.5712000000000       2.218920929003554E-005
   93.7080500000000       2.215048780135342E-005
   93.8450000000000       2.211174639221714E-005
   93.9820500000000       2.207299433337750E-005
   94.1192000000000       2.203424080049476E-005
   94.2564500000000       2.199549486686658E-005
   94.3938000000000       2.195676549715531E-005
   94.5312500000000       2.191806154105969E-005
   94.6688000000000       2.187939172781928E-005
   94.8064500000000       2.184076466033025E-005
   94.9442000000000       2.180218881048246E-005
   95.0820500000000       2.176367251427447E-005
   95.2200000000000       2.172522396770571E-005
   95.3580500000000       2.168685122277969E-005
   95.4962000000000       2.164856218378475E-005
   95.6344500000000       2.161036460462951E-005
   95.7728000000000       2.157226608578977E-005
   95.9112500000000       2.153427407181052E-005
   96.0498000000000       2.149639584941854E-005
   96.1884500000000       2.145863854569052E-005
   96.3272000000000       2.142100912699840E-005
   96.4660500000000       2.138351439751052E-005
   96.6050000000000       2.134616099852549E-005
   96.7440500000000       2.130895540819466E-005
   96.8832000000000       2.127190394152212E-005
   97.0224500000000       2.123501274975403E-005
   97.1618000000000       2.119828782137789E-005
   97.3012500000000       2.116173498212248E-005
   97.4408000000000       2.112535989617914E-005
   97.5804500000000       2.108916806681238E-005
   97.7202000000000       2.105316483747011E-005
   97.8600500000000       2.101735539300487E-005
   98.0000000000000       2.098174476145021E-005
   98.1400500000000       2.094633781474231E-005
   98.2802000000000       2.091113927082944E-005
   98.4204500000000       2.087615369533724E-005
   98.5608000000000       2.084138550273451E-005
   98.7012500000000       2.080683895849811E-005
   98.8418000000000       2.077251818083381E-005
   98.9824500000000       2.073842714211960E-005
   99.1232000000000       2.070456967073753E-005
   99.2640500000000       2.067094945251702E-005
   99.4050000000000       2.063757003278877E-005
   99.5460500000000       2.060443481749497E-005
   99.6872000000000       2.057154707452158E-005
   99.8284500000000       2.053890993536367E-005
   99.9698000000000       2.050652639612460E-005
   100.111250000000       2.047439931845974E-005
   100.252800000000       2.044253143090868E-005
   100.394450000000       2.041092532917288E-005
   100.536200000000       2.037958347711477E-005
   100.678050000000       2.034850820720191E-005
   100.820000000000       2.031770172056246E-005
   100.962050000000       2.028716608742931E-005
   101.104200000000       2.025690324708451E-005
   101.246450000000       2.022691500758178E-005
   101.388800000000       2.019720304552441E-005
   101.531250000000       2.016776890545469E-005
   101.673800000000       2.013861399952077E-005
   101.816450000000       2.010973960642204E-005
   101.959200000000       2.008114687085394E-005
   102.102050000000       2.005283680217573E-005
   102.245000000000       2.002481027379988E-005
   102.388050000000       1.999706802158219E-005
   102.531200000000       1.996961064315572E-005
   102.674450000000       1.994243859620992E-005
   102.817800000000       1.991555219743590E-005
   102.961250000000       1.988895162141624E-005
   103.104800000000       1.986263689912615E-005
   103.248450000000       1.983660791704533E-005
   103.392200000000       1.981086441582569E-005
   103.536050000000       1.978540598934764E-005
   103.680000000000       1.976023208383193E-005
   103.824050000000       1.973534199711802E-005
   103.968200000000       1.971073487783137E-005
   104.112450000000       1.968640972532798E-005
   104.256800000000       1.966236538908372E-005
   104.401250000000       1.963860056891642E-005
   104.545800000000       1.961511381509684E-005
   104.690450000000       1.959190352890383E-005
   104.835200000000       1.956896796312391E-005
   104.980050000000       1.954630522349454E-005
   105.125000000000       1.952391326953684E-005
   105.270050000000       1.950178991649842E-005
   105.415200000000       1.947993283724081E-005
   105.560450000000       1.945833956423781E-005
   105.705800000000       1.943700749218458E-005
   105.851250000000       1.941593388105067E-005
   105.996800000000       1.939511585902221E-005
   106.142450000000       1.937455042605452E-005
   106.288200000000       1.935423445753592E-005
   106.434050000000       1.933416470861760E-005
   106.580000000000       1.931433781809933E-005
   106.726050000000       1.929475031359207E-005
   106.872200000000       1.927539861595884E-005
   107.018450000000       1.925627904458826E-005
   107.164800000000       1.923738782283468E-005
   107.311250000000       1.921872108323619E-005
   107.457800000000       1.920027487378739E-005
   107.604450000000       1.918204516332400E-005
   107.751200000000       1.916402784774007E-005
   107.898050000000       1.914621875626077E-005
   108.045000000000       1.912861365749308E-005
   108.192050000000       1.911120826597612E-005
   108.339200000000       1.909399824850944E-005
   108.486450000000       1.907697923048124E-005
   108.633800000000       1.906014680236323E-005
   108.781250000000       1.904349652609438E-005
   108.928800000000       1.902702394146472E-005
   109.076450000000       1.901072457238806E-005
   109.224200000000       1.899459393323033E-005
   109.372050000000       1.897862753480473E-005
   109.520000000000       1.896282089036694E-005
   109.668050000000       1.894716952138831E-005
   109.816200000000       1.893166896349552E-005
   109.964450000000       1.891631477174416E-005
   110.112800000000       1.890110252578125E-005
   110.261250000000       1.888602783534088E-005
   110.409800000000       1.887108634485157E-005
   110.558450000000       1.885627373787724E-005
   110.707200000000       1.884158574194661E-005
   110.856050000000       1.882701813216148E-005
   111.005000000000       1.881256673536003E-005
   111.154050000000       1.879822743361403E-005
   111.303200000000       1.878399616728199E-005
   111.452450000000       1.876986893839527E-005
   111.601800000000       1.875584181287859E-005
   111.751250000000       1.874191092321453E-005
   111.900800000000       1.872807247060848E-005
   112.050450000000       1.871432272632090E-005
   112.200200000000       1.870065803349918E-005
   112.350050000000       1.868707480845444E-005
   112.500000000000       1.867356954099453E-005
   112.650050000000       1.866013879547879E-005
   112.800200000000       1.864677921104008E-005
   112.950450000000       1.863348750125171E-005
   113.100800000000       1.862026045412746E-005
   113.251250000000       1.860709493128887E-005
   113.401800000000       1.859398786746569E-005
   113.552450000000       1.858093626910806E-005
   113.703200000000       1.856793721305428E-005
   113.854050000000       1.855498784497644E-005
   114.005000000000       1.854208537749313E-005
   114.156050000000       1.852922708833749E-005
   114.307200000000       1.851641031763718E-005
   114.458450000000       1.850363246586051E-005
   114.609800000000       1.849089099109635E-005
   114.761250000000       1.847818340600105E-005
   114.912800000000       1.846550727524487E-005
   115.064450000000       1.845286021195935E-005
   115.216200000000       1.844023987485066E-005
   115.368050000000       1.842764396453589E-005
   115.520000000000       1.841507022065647E-005
   115.672050000000       1.840251641760382E-005
   115.824200000000       1.838998036157724E-005
   115.976450000000       1.837745988642059E-005
   116.128800000000       1.836495285068018E-005
   116.281250000000       1.835245713305289E-005
   116.433800000000       1.833997062933301E-005
   116.586450000000       1.832749124841548E-005
   116.739200000000       1.831501690890969E-005
   116.892050000000       1.830254553536470E-005
   117.045000000000       1.829007505455005E-005
   117.198050000000       1.827760339234707E-005
   117.351200000000       1.826512847019623E-005
   117.504450000000       1.825264820159989E-005
   117.657800000000       1.824016048923571E-005
   117.811250000000       1.822766322179259E-005
   117.964800000000       1.821515427058440E-005
   118.118450000000       1.820263148749612E-005
   118.272200000000       1.819009270193073E-005
   118.426050000000       1.817753571808911E-005
   118.580000000000       1.816495831313825E-005
   118.734050000000       1.815235823460215E-005
   118.888200000000       1.813973319853002E-005
   119.042450000000       1.812708088766435E-005
   119.196800000000       1.811439895027522E-005
   119.351250000000       1.810168499793985E-005
   119.505800000000       1.808893660476540E-005
   119.660450000000       1.807615130644535E-005
   119.815200000000       1.806332659931575E-005
   119.970050000000       1.805045993968912E-005
   120.125000000000       1.803754874352137E-005
   120.280050000000       1.802459038613424E-005
   120.435200000000       1.801158220221533E-005
   120.590450000000       1.799852148609560E-005
   120.745800000000       1.798540549186045E-005
   120.901250000000       1.797223143412685E-005
   121.056800000000       1.795899648870947E-005
   121.212450000000       1.794569779356436E-005
   121.368200000000       1.793233244978820E-005
   121.524050000000       1.791889752306153E-005
   121.680000000000       1.790539004453695E-005
   121.836050000000       1.789180701311510E-005
   121.992200000000       1.787814539661037E-005
   122.148450000000       1.786440213374929E-005
   122.304800000000       1.785057413600244E-005
   122.461250000000       1.783665828974934E-005
   122.617800000000       1.782265145827688E-005
   122.774450000000       1.780855048411079E-005
   122.931200000000       1.779435219112502E-005
   123.088050000000       1.778005338703981E-005
   123.245000000000       1.776565086580861E-005
   123.402050000000       1.775114140983858E-005
   123.559200000000       1.773652179276608E-005
   123.716450000000       1.772178878162167E-005
   123.873800000000       1.770693913921706E-005
   124.031250000000       1.769196962703168E-005
   124.188800000000       1.767687700715559E-005
   124.346450000000       1.766165804489850E-005
   124.504200000000       1.764630951089918E-005
   124.662050000000       1.763082818373451E-005
   124.820000000000       1.761521085169582E-005
   124.978050000000       1.759945431523136E-005
   125.136200000000       1.758355538894474E-005
   125.294450000000       1.756751090326025E-005
   125.452800000000       1.755131770642127E-005
   125.611250000000       1.753497266654414E-005
   125.769800000000       1.751847267261741E-005
   125.928450000000       1.750181463666678E-005
   126.087200000000       1.748499549453220E-005
   126.246050000000       1.746801220769978E-005
   126.405000000000       1.745086176413446E-005
   126.564050000000       1.743354117944573E-005
   126.723200000000       1.741604749777581E-005
   126.882450000000       1.739837779268782E-005
   127.041800000000       1.738052916799848E-005
   127.201250000000       1.736249875800011E-005
   127.360800000000       1.734428372845986E-005
   127.520450000000       1.732588127673074E-005
   127.680200000000       1.730728863219566E-005
   127.840050000000       1.728850305660057E-005
   128.000000000000       1.726952184416541E-005
   128.160050000000       1.725034232169520E-005
   128.320200000000       1.723096184880202E-005
   128.480450000000       1.721137781779403E-005
   128.640800000000       1.719158765367546E-005
   128.801250000000       1.717158881442415E-005
   128.961800000000       1.715137879054751E-005
   129.122450000000       1.713095510536000E-005
   129.283200000000       1.711031531498319E-005
   129.444050000000       1.708945700806819E-005
   129.605000000000       1.706837780607318E-005
   129.766050000000       1.704707536326344E-005
   129.927200000000       1.702554736671136E-005
   130.088450000000       1.700379153679599E-005
   130.249800000000       1.698180562692553E-005
   130.411250000000       1.695958742425896E-005
   130.572800000000       1.693713474998360E-005
   130.734450000000       1.691444545975918E-005
   130.896200000000       1.689151744416195E-005
   131.058050000000       1.686834862962838E-005
   131.220000000000       1.684493697895473E-005
   131.382050000000       1.682128049218523E-005
   131.544200000000       1.679737720777785E-005
   131.706450000000       1.677322520360347E-005
   131.868800000000       1.674882259794508E-005
   132.031250000000       1.672416755116313E-005
   132.193800000000       1.669925826663921E-005
   132.356450000000       1.667409299288547E-005
   132.519200000000       1.664867002471038E-005
   132.682050000000       1.662298770505055E-005
   132.845000000000       1.659704442674714E-005
   133.008050000000       1.657083863465525E-005
   133.171200000000       1.654436882736476E-005
   133.334450000000       1.651763355930980E-005
   133.497800000000       1.649063144293361E-005
   133.661250000000       1.646336115085356E-005
   133.824800000000       1.643582141785949E-005
   133.988450000000       1.640801104330070E-005
   134.152200000000       1.637992889313988E-005
   134.316050000000       1.635157390228459E-005
   134.480000000000       1.632294507675214E-005
   134.644050000000       1.629404149572355E-005
   134.808200000000       1.626486231381952E-005
   134.972450000000       1.623540676293223E-005
   135.136800000000       1.620567415439034E-005
   135.301250000000       1.617566388067981E-005
   135.465800000000       1.614537541727579E-005
   135.630450000000       1.611480832430789E-005
   135.795200000000       1.608396224817010E-005
   135.960050000000       1.605283692268644E-005
   136.125000000000       1.602143217049878E-005
   136.290050000000       1.598974790423258E-005
   136.455200000000       1.595778412716298E-005
   136.620450000000       1.592554093426957E-005
   136.785800000000       1.589301851251390E-005
   136.951250000000       1.586021714139463E-005
   137.116800000000       1.582713719328055E-005
   137.282450000000       1.579377913318858E-005
   137.448200000000       1.576014351883925E-005
   137.614050000000       1.572623100032366E-005
   137.780000000000       1.569204231965937E-005
   137.946050000000       1.565757831023529E-005
   138.112200000000       1.562283989586799E-005
   138.278450000000       1.558782809013559E-005
   138.444800000000       1.555254399554507E-005
   138.611250000000       1.551698880192243E-005
   138.777800000000       1.548116378574660E-005
   138.944450000000       1.544507030853959E-005
   139.111200000000       1.540870981570075E-005
   139.278050000000       1.537208383517452E-005
   139.445000000000       1.533519397611816E-005
   139.612050000000       1.529804192740292E-005
   139.779200000000       1.526062945622630E-005
   139.946450000000       1.522295840689081E-005
   140.113800000000       1.518503069952715E-005
   140.281250000000       1.514684832876201E-005
   140.448800000000       1.510841336249680E-005
   140.616450000000       1.506972794101946E-005
   140.784200000000       1.503079427572773E-005
   140.952050000000       1.499161464851850E-005
   141.120000000000       1.495219141095516E-005
   141.288050000000       1.491252698337941E-005
   141.456200000000       1.487262385468924E-005
   141.624450000000       1.483248458161723E-005
   141.792800000000       1.479211178856410E-005
   141.961250000000       1.475150816765414E-005
   142.129800000000       1.471067647795810E-005
   142.298450000000       1.466961954627033E-005
   142.467200000000       1.462834026683124E-005
   142.636050000000       1.458684160166035E-005
   142.805000000000       1.454512658055629E-005
   142.974050000000       1.450319830176294E-005
   143.143200000000       1.446105993224700E-005
   143.312450000000       1.441871470786449E-005
   143.481800000000       1.437616593386037E-005
   143.651250000000       1.433341698536816E-005
   143.820800000000       1.429047130746541E-005
   143.990450000000       1.424733241561782E-005
   144.160200000000       1.420400389562371E-005
   144.330050000000       1.416048940394710E-005
   144.500000000000       1.411679266738464E-005
   144.670050000000       1.407291748289907E-005
   144.840200000000       1.402886771739720E-005
   145.010450000000       1.398464730661964E-005
   145.180800000000       1.394026025480777E-005
   145.351250000000       1.389571063337147E-005
   145.521800000000       1.385100257966787E-005
   145.692450000000       1.380614029533600E-005
   145.863200000000       1.376112804424290E-005
   146.034050000000       1.371597015065174E-005
   146.205000000000       1.367067099650177E-005
   146.376050000000       1.362523501841073E-005
   146.547200000000       1.357966670473276E-005
   146.718450000000       1.353397059217221E-005
   146.889800000000       1.348815126178682E-005
   147.061250000000       1.344221333493545E-005
   147.232800000000       1.339616146861511E-005
   147.404450000000       1.335000035107559E-005
   147.576200000000       1.330373469643487E-005
   147.748050000000       1.325736923940557E-005
   147.920000000000       1.321090872963282E-005
   148.092050000000       1.316435792581006E-005
   148.264200000000       1.311772158951729E-005
   148.436450000000       1.307100447883736E-005
   148.608800000000       1.302421134197207E-005
   148.781250000000       1.297734691030339E-005
   148.953800000000       1.293041589178756E-005
   149.126450000000       1.288342296390521E-005
   149.299200000000       1.283637276661143E-005
   149.472050000000       1.278926989550788E-005
   149.645000000000       1.274211889468191E-005
   149.818050000000       1.269492424976759E-005
   149.991200000000       1.264769038111790E-005
   150.164450000000       1.260042163669928E-005
   150.337800000000       1.255312228598537E-005
   150.511250000000       1.250579651301820E-005
   150.684800000000       1.245844841052390E-005
   150.858450000000       1.241108197364005E-005
   151.032200000000       1.236370109453100E-005
   151.206050000000       1.231630955667029E-005
   151.380000000000       1.226891103023320E-005
   151.554050000000       1.222150906704522E-005
   151.728200000000       1.217410709652977E-005
   151.902450000000       1.212670842193342E-005
   152.076800000000       1.207931621693970E-005
   152.251250000000       1.203193352256049E-005
   152.425800000000       1.198456324497110E-005
   152.600450000000       1.193720815317878E-005
   152.775200000000       1.188987087791249E-005
   152.950050000000       1.184255391062372E-005
   153.125000000000       1.179525960270933E-005
   153.300050000000       1.174799016578909E-005
   153.475200000000       1.170074767226081E-005
   153.650450000000       1.165353405607750E-005
   153.825800000000       1.160635111446817E-005
   154.001250000000       1.155920050965875E-005
   154.176800000000       1.151208377148105E-005
   154.352450000000       1.146500229992631E-005
   154.528200000000       1.141795736864237E-005
   154.704050000000       1.137095012820888E-005
   154.880000000000       1.132398161046710E-005
   155.056050000000       1.127705273246127E-005
   155.232200000000       1.123016430126800E-005
   155.408450000000       1.118331701865927E-005
   155.584800000000       1.113651148643147E-005
   155.761250000000       1.108974821151243E-005
   155.937800000000       1.104302761173459E-005
   156.114450000000       1.099635002116406E-005
   156.291200000000       1.094971569615133E-005
   156.468050000000       1.090312482093792E-005
   156.645000000000       1.085657751392910E-005
   156.822050000000       1.081007383335608E-005
   156.999200000000       1.076361378332669E-005
   157.176450000000       1.071719731982057E-005
   157.353800000000       1.067082435635136E-005
   157.531250000000       1.062449477007288E-005
   157.708800000000       1.057820840721924E-005
   157.886450000000       1.053196508865595E-005
   158.064200000000       1.048576461537554E-005
   158.242050000000       1.043960677366007E-005
   158.420000000000       1.039349134018819E-005
   158.598050000000       1.034741808669803E-005
   158.776200000000       1.030138678476122E-005
   158.954450000000       1.025539721011270E-005
   159.132800000000       1.020944914659205E-005
   159.311250000000       1.016354239019579E-005
   159.489800000000       1.011767675251907E-005
   159.668450000000       1.007185206419736E-005
   159.847200000000       1.002606817762652E-005
   160.026050000000       9.980324970071397E-006
   160.205000000000       9.934622345830757E-006
   160.384050000000       9.888960238291222E-006
   160.563200000000       9.843338612203212E-006
   160.742450000000       9.797757464735657E-006
   160.921800000000       9.752216827030313E-006
   161.101250000000       9.706716765089940E-006
   161.280800000000       9.661257380333410E-006
   161.460450000000       9.615838810206334E-006
   161.640200000000       9.570461228347593E-006
   161.820050000000       9.525124844256272E-006
   162.000000000000       9.479829903125125E-006
   162.180050000000       9.434576685118934E-006
   162.360200000000       9.389365504486324E-006
   162.540450000000       9.344196708560570E-006
   162.720800000000       9.299070676593857E-006
   162.901250000000       9.253987818091947E-006
   163.081800000000       9.208948571204356E-006
   163.262450000000       9.163953401114533E-006
   163.443200000000       9.119002797652875E-006
   163.624050000000       9.074097273686910E-006
   163.805000000000       9.029237362456755E-006
   163.986050000000       8.984423615576720E-006
   164.167200000000       8.939656600148727E-006
   164.348450000000       8.894936896819416E-006
   164.529800000000       8.850265096671528E-006
   164.711250000000       8.805641798836916E-006
   164.892800000000       8.761067607887529E-006
   165.074450000000       8.716543130948828E-006
   165.256200000000       8.672068975035252E-006
   165.438050000000       8.627645744552215E-006
   165.620000000000       8.583274038242994E-006
   165.802050000000       8.538954446801750E-006
   165.984200000000       8.494687550097968E-006
   166.166450000000       8.450473914511925E-006
   166.348800000000       8.406314090880773E-006
   166.531250000000       8.362208611278898E-006
   166.713800000000       8.318157987019514E-006
   166.896450000000       8.274162706212174E-006
   167.079200000000       8.230223231431300E-006
   167.262050000000       8.186339997662273E-006
   167.445000000000       8.142513409858942E-006
   167.628050000000       8.098743841111755E-006
   167.811200000000       8.055031630538334E-006
   167.994450000000       8.011377081340587E-006
   168.177800000000       7.967780459028351E-006
   168.361250000000       7.924241989309966E-006
   168.544800000000       7.880761856815521E-006
   168.728450000000       7.837340202987431E-006
   168.912200000000       7.793977124359586E-006
   169.096050000000       7.750672671391623E-006
   169.280000000000       7.707426846359500E-006
   169.464050000000       7.664239601912204E-006
   169.648200000000       7.621110839739487E-006
   169.832450000000       7.578040408684483E-006
   170.016800000000       7.535028103189401E-006
   170.201250000000       7.492073661796717E-006
   170.385800000000       7.449176765705889E-006
   170.570450000000       7.406337036719446E-006
   170.755200000000       7.363554035855202E-006
   170.940050000000       7.320827261625418E-006
   171.125000000000       7.278156148149417E-006
   171.310050000000       7.235540063377233E-006
   171.495200000000       7.192978307535292E-006
   171.680450000000       7.150470110794949E-006
   171.865800000000       7.108014631607151E-006
   172.051250000000       7.065610954537505E-006
   172.236800000000       7.023258088600937E-006
   172.422450000000       6.980954964763697E-006
   172.608200000000       6.938700434111489E-006
   172.794050000000       6.896493265740045E-006
   172.980000000000       6.854332144423658E-006
   173.166050000000       6.812215668949850E-006
   173.352200000000       6.770142349454833E-006
   173.538450000000       6.728110605758175E-006
   173.724800000000       6.686118765253379E-006
   173.911250000000       6.644165060853968E-006
   174.097800000000       6.602247629106106E-006
   174.284450000000       6.560364508523264E-006
   174.471200000000       6.518513637865375E-006
   174.658050000000       6.476692854529009E-006
   174.845000000000       6.434899893159596E-006
   175.032050000000       6.393132384652223E-006
   175.219200000000       6.351387854985902E-006
   175.406450000000       6.309663724446413E-006
   175.593800000000       6.267957307237726E-006
   175.781250000000       6.226265810926890E-006
   175.968800000000       6.184586336777098E-006
   176.156450000000       6.142915879858712E-006
   176.344200000000       6.101251329548862E-006
   176.532050000000       6.059589470752691E-006
   176.720000000000       6.017926984902555E-006
   176.908050000000       5.976260451789894E-006
   177.096200000000       5.934586351452609E-006
   177.284450000000       5.892901066395506E-006
   177.472800000000       5.851200884587904E-006
   177.661250000000       5.809482002461230E-006
   177.849800000000       5.767740528073162E-006
   178.038450000000       5.725972485326469E-006
   178.227200000000       5.684173818132354E-006
   178.416050000000       5.642340394795831E-006
   178.605000000000       5.600468012900706E-006
   178.794050000000       5.558552404805184E-006
   178.983200000000       5.516589242970937E-006
   179.172450000000       5.474574146013822E-006
   179.361800000000       5.432502684643570E-006
   179.551250000000       5.390370388214105E-006
   179.740800000000       5.348172751384883E-006
   179.930450000000       5.305905240948761E-006
   180.120200000000       5.263563302770891E-006
   180.310050000000       5.221142369060683E-006
   180.500000000000       5.178637865699276E-006
   180.690050000000       5.136045219567009E-006
   180.880200000000       5.093359865981917E-006
   181.070450000000       5.050577256249245E-006
   181.260800000000       5.007692865044433E-006
   181.451250000000       4.964702197629567E-006
   181.641800000000       4.921600797513914E-006
   181.832450000000       4.878384253281798E-006
   182.023200000000       4.835048205531489E-006
   182.214050000000       4.791588354036147E-006
   182.405000000000       4.748000464016577E-006
   182.596050000000       4.704280372358483E-006
   182.787200000000       4.660423993718688E-006
   182.978450000000       4.616427326020744E-006
   183.169800000000       4.572286455839514E-006
   183.361250000000       4.527997563064101E-006
   183.552800000000       4.483556925283239E-006
   183.744450000000       4.438960921948620E-006
   183.936200000000       4.394206037650061E-006
   184.128050000000       4.349288865113099E-006
   184.320000000000       4.304206107641484E-006
   184.512050000000       4.258954581060070E-006
   184.704200000000       4.213531215047084E-006
   184.896450000000       4.167933054077810E-006
   185.088800000000       4.122157257369086E-006
   185.281250000000       4.076201098879295E-006
   185.473800000000       4.030061966586729E-006
   185.666450000000       3.983737360768735E-006
   185.859200000000       3.937224892114344E-006
   186.052050000000       3.890522279725861E-006
   186.245000000000       3.843627347732692E-006
   186.438050000000       3.796538022071694E-006
   186.631200000000       3.749252326712416E-006
   186.824450000000       3.701768379327230E-006
   187.017800000000       3.654084386517376E-006
   187.211250000000       3.606198639150016E-006
   187.404800000000       3.558109506640594E-006
   187.598450000000       3.509815431790297E-006
   187.792200000000       3.461314924679826E-006
   187.986050000000       3.412606556896236E-006
   188.180000000000       3.363688955371202E-006
   188.374050000000       3.314560796108257E-006
   188.568200000000       3.265220798187585E-006
   188.762450000000       3.215667717271220E-006
   188.956800000000       3.165900340051930E-006
   189.151250000000       3.115917477480856E-006
   189.345800000000       3.065717959438441E-006
   189.540450000000       3.015300628961270E-006
   189.735200000000       2.964664337190559E-006
   189.930050000000       2.913807937765522E-006
   190.125000000000       2.862730282549020E-006
   190.320050000000       2.811430217353195E-006
   190.515200000000       2.759906577665117E-006
   190.710450000000       2.708158185704690E-006
   190.905800000000       2.656183847149496E-006
   191.101250000000       2.603982348969858E-006
   191.296800000000       2.551552457208395E-006
   191.492450000000       2.498892915980822E-006
   191.688200000000       2.446002446587769E-006
   191.884050000000       2.392879747181720E-006
   192.080000000000       2.339523493544160E-006
   192.276050000000       2.285932339529673E-006
   192.472200000000       2.232104918953315E-006
   192.668450000000       2.178039847700042E-006
   192.864800000000       2.123735726444753E-006
   193.061250000000       2.069191143483362E-006
   193.257800000000       2.014404679007153E-006
   193.454450000000       1.959374908822031E-006
   193.651200000000       1.904100409677589E-006
   193.848050000000       1.848579763708003E-006
   194.045000000000       1.792811564538255E-006
   194.242050000000       1.736794423001786E-006
   194.439200000000       1.680526973302232E-006
   194.636450000000       1.624007879730271E-006
   194.833800000000       1.567235843491499E-006
   195.031250000000       1.510209609645319E-006
   195.228800000000       1.452927974210372E-006
   195.426450000000       1.395389791603030E-006
   195.624200000000       1.337593981909357E-006
   195.822050000000       1.279539538268093E-006
   196.020000000000       1.221225534253634E-006
   196.218050000000       1.162651131203507E-006
   196.416200000000       1.103815585212775E-006
   196.614450000000       1.044718254294974E-006
   196.812800000000       9.853586049324292E-007
   197.011250000000       9.257362187375939E-007
   197.209800000000       8.658507985037645E-007
   197.408450000000       8.057021742557957E-007
   197.607200000000       7.452903084126383E-007
   197.806050000000       6.846153010608980E-007
   198.005000000000       6.236773940071494E-007
   198.204050000000       5.624769754408732E-007
   198.403200000000       5.010145830430801E-007
   198.602450000000       4.392909068728912E-007
   198.801800000000       3.773067918655393E-007
   199.001250000000       3.150632393311703E-007
   199.200800000000       2.525614083981331E-007
   199.400450000000       1.898026159574684E-007
   199.600200000000       1.267883368294420E-007
   199.800050000000       6.352020259781099E-008
   200.000000000000      -5.551115123125783E-017
