  2.061153622439000E-007  9.989024482718772E-008
  2.081868560730650E-007  1.008941584777794E-007
  2.102791687613270E-007  1.019081616282976E-007
  2.123925095416982E-007  1.029323556799024E-007
  2.145270897500181E-007  1.039668430528524E-007
  2.166831228460860E-007  1.050117271967470E-007
  2.188608244350085E-007  1.060671126008714E-007
  2.210604122887591E-007  1.071331048046455E-007
  2.232821063679562E-007  1.082098104081778E-007
  2.255261288438591E-007  1.092973370829262E-007
  2.277927041205855E-007  1.103957935824642E-007
  2.300820588575518E-007  1.115052897533573E-007
  2.323944219921395E-007  1.126259365461472E-007
  2.347300247625892E-007  1.137578460264469E-007
  2.370891007311241E-007  1.149011313861477E-007
  2.394718858073070E-007  1.160559069547384E-007
  2.418786182716312E-007  1.172222882107383E-007
  2.443095387993488E-007  1.184003917932447E-007
  2.467648904845383E-007  1.195903355135977E-007
  2.492449188644143E-007  1.207922383671611E-007
  2.517498719438816E-007  1.220062205452217E-007
  2.542800002203354E-007  1.232324034470091E-007
  2.568355567087120E-007  1.244709096918351E-007
  2.594167969667899E-007  1.257218631313564E-007
  2.620239791207458E-007  1.269853888619595E-007
  2.646573638909678E-007  1.282616132372703E-007
  2.673172146181275E-007  1.295506638807898E-007
  2.700037972895140E-007  1.308526696986566E-007
  2.727173805656335E-007  1.321677608925375E-007
  2.754582358070747E-007  1.334960689726479E-007
  2.782266371016460E-007  1.348377267709027E-007
  2.810228612917836E-007  1.361928684541997E-007
  2.838471880022370E-007  1.375616295378365E-007
  2.866998996680307E-007  1.389441468990622E-007
  2.895812815627086E-007  1.403405587907650E-007
  2.924916218268613E-007  1.417510048552977E-007
  2.954312114969406E-007  1.431756261384421E-007
  2.984003445343630E-007  1.446145651035139E-007
  3.013993178549066E-007  1.460679656456085E-007
  3.044284313584026E-007  1.475359731059914E-007
  3.074879879587257E-007  1.490187342866319E-007
  3.105782936140856E-007  1.505163974648838E-007
  3.136996573576229E-007  1.520291124083129E-007
  3.168523913283132E-007  1.535570303896742E-007
  3.200368108021809E-007  1.551003042020392E-007
  3.232532342238271E-007  1.566590881740749E-007
  3.265019832382742E-007  1.582335381854778E-007
  3.297833827231311E-007  1.598238116825609E-007
  3.330977608210807E-007  1.614300676939992E-007
  3.364454489726948E-007  1.630524668467325E-007
  3.398267819495783E-007  1.646911713820279E-007
  3.432420978878466E-007  1.663463451717046E-007
  3.466917383219398E-007  1.680181537345210E-007
  3.501760482187759E-007  1.697067642527263E-007
  3.536953760122483E-007  1.714123455887797E-007
  3.572500736380690E-007  1.731350683022361E-007
  3.608404965689629E-007  1.748751046668024E-007
  3.644670038502152E-007  1.766326286875652E-007
  3.681299581355759E-007  1.784078161183910E-007
  3.718297257235262E-007  1.802008444795023E-007
  3.755666765939080E-007  1.820118930752295E-007
  3.793411844449224E-007  1.838411430119413E-007
  3.831536267305001E-007  1.856887772161557E-007
  3.870043846980465E-007  1.875549804528329E-007
  3.908938434265675E-007  1.894399393438517E-007
  3.948223918651771E-007  1.913438423866721E-007
  3.987904228719929E-007  1.932668799731848E-007
  4.027983332534224E-007  1.952092444087512E-007
  4.068465238038437E-007  1.971711299314333E-007
  4.109353993456852E-007  1.991527327314184E-007
  4.150653687699086E-007  2.011542509706377E-007
  4.192368450768980E-007  2.031758848025833E-007
  4.234502454177603E-007  2.052178363923229E-007
  4.277059911360407E-007  2.072803099367172E-007
  4.320045078098576E-007  2.093635116848393E-007
  4.363462252944604E-007  2.114676499586001E-007
  4.407315777652157E-007  2.135929351735804E-007
  4.451610037610251E-007  2.157395798600727E-007
  4.496349462281793E-007  2.179077986843346E-007
  4.541538525646534E-007  2.200978084700554E-007
  4.587181746648468E-007  2.223098282200386E-007
  4.633283689647730E-007  2.245440791381026E-007
  4.679848964877040E-007  2.268007846512013E-007
  4.726882228902725E-007  2.290801704317661E-007
  4.774388185090382E-007  2.313824644202751E-007
  4.822371584075218E-007  2.337078968480453E-007
  4.870837224237117E-007  2.360567002602576E-007
  4.919789952180485E-007  2.384291095392106E-007
  4.969234663218909E-007  2.408253619278089E-007
  5.019176301864698E-007  2.432456970532886E-007
  5.069619862323334E-007  2.456903569511790E-007
  5.120570388992901E-007  2.481595860895072E-007
  5.172032976968522E-007  2.506536313932446E-007
  5.224012772551882E-007  2.531727422690002E-007
  5.276514973765856E-007  2.557171706299605E-007
  5.329544830874317E-007  2.582871709210822E-007
  5.383107646907167E-007  2.608830001445361E-007
  5.437208778190647E-007  2.635049178854076E-007
  5.491853634882967E-007  2.661531863376559E-007
  5.547047681515337E-007  2.688280703303330E-007
  5.602796437538412E-007  2.715298373540672E-007
  5.659105477874254E-007  2.742587575878124E-007
  5.715980433473820E-007  2.770151039258662E-007
  5.773426991880067E-007  2.797991520051593E-007
  5.831450897796707E-007  2.826111802328195E-007
  5.890057953662685E-007  2.854514698140132E-007
  5.949254020232427E-007  2.883203047800652E-007
  6.009045017161921E-007  2.912179720168630E-007
  6.069436923600686E-007  2.941447612935449E-007
  6.130435778789690E-007  2.971009652914776E-007
  6.192047682665288E-007  3.000868796335244E-007
  6.254278796469210E-007  3.031028029136078E-007
  6.317135343364694E-007  3.061490367265691E-007
  6.380623609058812E-007  3.092258856983280E-007
  6.444749942431040E-007  3.123336575163459E-007
  6.509520756168154E-007  3.154726629603943E-007
  6.574942527405504E-007  3.186432159336335E-007
  6.641021798374731E-007  3.218456334940029E-007
  6.707765177057999E-007  3.250802358859274E-007
  6.775179337848795E-007  3.283473465723415E-007
  6.843271022219378E-007  3.316472922670365E-007
  6.912047039394927E-007  3.349804029673319E-007
  6.981514267034474E-007  3.383470119870754E-007
  7.051679651918673E-007  3.417474559899741E-007
  7.122550210644483E-007  3.451820750232625E-007
  7.194133030326836E-007  3.486512125517059E-007
  7.266435269307352E-007  3.521552154919480E-007
  7.339464157870182E-007  3.556944342472030E-007
  7.413226998965040E-007  3.592692227422957E-007
  7.487731168937503E-007  3.628799384590547E-007
  7.562984118266657E-007  3.665269424720605E-007
  7.638993372310146E-007  3.702105994847537E-007
  7.715766532056714E-007  3.739312778659051E-007
  7.793311274886315E-007  3.776893496864535E-007
  7.871635355337853E-007  3.814851907567127E-007
  7.950746605884642E-007  3.853191806639531E-007
  8.030652937717663E-007  3.891917028103601E-007
  8.111362341536690E-007  3.931031444513757E-007
  8.192882888349362E-007  3.970538967344235E-007
  8.275222730278293E-007  4.010443547380239E-007
  8.358390101376295E-007  4.050749175113030E-007
  8.442393318449782E-007  4.091459881138967E-007
  8.527240781890465E-007  4.132579736562579E-007
  8.612940976515395E-007  4.174112853403675E-007
  8.699502472415452E-007  4.216063385008550E-007
  8.786933925812359E-007  4.258435526465324E-007
  8.875244079924318E-007  4.301233515023452E-007
  8.964441765840330E-007  4.344461630517455E-007
  9.054535903403319E-007  4.388124195794907E-007
  9.145535502102119E-007  4.432225577148719E-007
  9.237449661972436E-007  4.476770184753782E-007
  9.330287574506850E-007  4.521762473107972E-007
  9.424058523573979E-007  4.567206941477622E-007
  9.518771886346875E-007  4.613108134347437E-007
  9.614437134240741E-007  4.659470641874955E-007
  9.711063833860089E-007  4.706299100349567E-007
  9.808661647955404E-007  4.753598192656143E-007
  9.907240336389425E-007  4.801372648743329E-007
  1.000680975711315E-006  4.849627246096544E-007
  1.010737986715162E-006  4.898366810215740E-007
  1.020896072359964E-006  4.947596215097942E-007
  1.031156248462753E-006  4.997320383724664E-007
  1.041519541049687E-006  5.047544288554207E-007
  1.051986986458663E-006  5.098272952018903E-007
  1.062559631442943E-006  5.149511447027378E-007
  1.073238533275836E-006  5.201264897471830E-007
  1.084024759856425E-006  5.253538478740428E-007
  1.094919389816357E-006  5.306337418234865E-007
  1.105923512627707E-006  5.359666995893085E-007
  1.117038228711926E-006  5.413532544717301E-007
  1.128264649549883E-006  5.467939451307279E-007
  1.139603897793020E-006  5.522893156399018E-007
  1.151057107375609E-006  5.578399155408825E-007
  1.162625423628153E-006  5.634462998982851E-007
  1.174310003391917E-006  5.691090293552177E-007
  1.186112015134616E-006  5.748286701893450E-007
  1.198032639067258E-006  5.806057943695165E-007
  1.210073067262170E-006  5.864409796129648E-007
  1.222234503772207E-006  5.923348094430768E-007
  1.234518164751152E-006  5.982878732477468E-007
  1.246925278575342E-006  6.043007663383166E-007
  1.259457085966497E-006  6.103740900091058E-007
  1.272114840115799E-006  6.165084515975426E-007
  1.284899806809213E-006  6.227044645448978E-007
  1.297813264554060E-006  6.289627484576296E-007
  1.310856504706878E-006  6.352839291693442E-007
  1.324030831602551E-006  6.416686388033808E-007
  1.337337562684746E-006  6.481175158360236E-007
  1.350778028637662E-006  6.546312051603493E-007
  1.364353573519093E-006  6.612103581507189E-007
  1.378065554894842E-006  6.678556327279141E-007
  1.391915343974472E-006  6.745676934249300E-007
  1.405904325748432E-006  6.813472114534300E-007
  1.420033899126559E-006  6.881948647708664E-007
  1.434305477077963E-006  6.951113381482775E-007
  1.448720486772334E-006  7.020973232387646E-007
  1.463280369722653E-006  7.091535186466586E-007
  1.477986581929349E-006  7.162806299973804E-007
  1.492840594025897E-006  7.234793700080041E-007
  1.507843891425886E-006  7.307504585585302E-007
  1.522997974471558E-006  7.380946227638728E-007
  1.538304358583846E-006  7.455125970465724E-007
  1.553764574413918E-006  7.530051232102391E-007
  1.569380167996239E-006  7.605729505137330E-007
  1.585152700903180E-006  7.682168357460912E-007
  1.601083750401178E-006  7.759375433022064E-007
  1.617174909608456E-006  7.837358452592688E-007
  1.633427787654345E-006  7.916125214539721E-007
  1.649844009840194E-006  7.995683595604999E-007
  1.666425217801901E-006  8.076041551692930E-007
  1.683173069674081E-006  8.157207118666086E-007
  1.700089240255878E-006  8.239188413148802E-007
  1.717175421178446E-006  8.321993633338842E-007
  1.734433321074116E-006  8.405631059827232E-007
  1.751864665747259E-006  8.490109056426323E-007
  1.769471198346869E-006  8.575436071006164E-007
  1.787254679540878E-006  8.661620636339328E-007
  1.805216887692224E-006  8.748671370954161E-007
  1.823359619036693E-006  8.836596979996675E-007
  1.841684687862537E-006  8.925406256101040E-007
  1.860193926691909E-006  9.015108080268875E-007
  1.878889186464117E-006  9.105711422757350E-007
  1.897772336720718E-006  9.197225343976219E-007
  1.916845265792473E-006  9.289658995393861E-007
  1.936109880988184E-006  9.383021620452446E-007
  1.955568108785423E-006  9.477322555492288E-007
  1.975221895023187E-006  9.572571230685467E-007
  1.995073205096477E-006  9.668777170978884E-007
  2.015124024152843E-006  9.765949997046737E-007
  2.035376357290900E-006  9.864099426252609E-007
  2.055832229760839E-006  9.963235273621218E-007
  2.076493687166953E-006  1.006336745281990E-006
  2.097362795672201E-006  1.016450597715004E-006
  2.118441642204824E-006  1.026666096054833E-006
  2.139732334667041E-006  1.036984261859826E-006
  2.161237002145842E-006  1.047406126955161E-006
  2.182957795125894E-006  1.057932733536032E-006
  2.204896885704596E-006  1.068565134271870E-006
  2.227056467809289E-006  1.079304392411609E-006
  2.249438757416649E-006  1.090151581890012E-006
  2.272045992774289E-006  1.101107787435065E-006
  2.294880434624585E-006  1.112174104676455E-006
  2.317944366430750E-006  1.123351640255127E-006
  2.341240094605185E-006  1.134641511933954E-006
  2.364769948740120E-006  1.146044848709511E-006
  2.388536281840578E-006  1.157562790924979E-006
  2.412541470559673E-006  1.169196490384179E-006
  2.436787915436282E-006  1.180947110466749E-006
  2.461278041135098E-006  1.192815826244492E-006
  2.486014296689100E-006  1.204803824598875E-006
  2.510999155744455E-006  1.216912304339723E-006
  2.536235116807892E-006  1.229142476325103E-006
  2.561724703496545E-006  1.241495563582403E-006
  2.587470464790326E-006  1.253972801430643E-006
  2.613474975286819E-006  1.266575437604007E-006
  2.639740835458743E-006  1.279304732376613E-006
  2.666270671914005E-006  1.292161958688548E-006
  2.693067137658357E-006  1.305148402273156E-006
  2.720132912360706E-006  1.318265361785618E-006
  2.747470702621075E-006  1.331514148932815E-006
  2.775083242241273E-006  1.344896088604504E-006
  2.802973292498272E-006  1.358412519005803E-006
  2.831143642420341E-006  1.372064791791016E-006
  2.859597109065945E-006  1.385854272198798E-006
  2.888336537805461E-006  1.399782339188682E-006
  2.917364802605713E-006  1.413850385578973E-006
  2.946684806317371E-006  1.428059818186033E-006
  2.976299480965240E-006  1.442412057964965E-006
  3.006211788041463E-006  1.456908540151707E-006
  3.036424718801675E-006  1.471550714406557E-006
  3.066941294564129E-006  1.486340044959143E-006
  3.097764567011833E-006  1.501278010754845E-006
  3.128897618497717E-006  1.516366105602690E-006
  3.160343562352875E-006  1.531605838324737E-006
  3.192105543197895E-006  1.546998732906958E-006
  3.224186737257333E-006  1.562546328651638E-006
  3.256590352677327E-006  1.578250180331308E-006
  3.289319629846424E-006  1.594111858344224E-006
  3.322377841719614E-006  1.610132948871403E-006
  3.355768294145633E-006  1.626315054035249E-006
  3.389494326197550E-006  1.642659792059765E-006
  3.423559310506675E-006  1.659168797432373E-006
  3.457966653599826E-006  1.675843721067368E-006
  3.492719796239985E-006  1.692686230471010E-006
  3.527822213770378E-006  1.709698009908273E-006
  3.563277416462010E-006  1.726880760571279E-006
  3.599088949864695E-006  1.744236200749412E-006
  3.635260395161617E-006  1.761766066001154E-006
  3.671795369527450E-006  1.779472109327637E-006
  3.708697526490075E-006  1.797356101347949E-006
  3.745970556295941E-006  1.815419830476196E-006
  3.783618186279089E-006  1.833665103100344E-006
  3.821644181233890E-006  1.852093743762859E-006
  3.860052343791530E-006  1.870707595343164E-006
  3.898846514800269E-006  1.889508519241930E-006
  3.938030573709538E-006  1.908498395567213E-006
  3.977608438957880E-006  1.927679123322472E-006
  4.017584068364803E-006  1.947052620596465E-006
  4.057961459526561E-006  1.966620824755065E-006
  4.098744650215917E-006  1.986385692634993E-006
  4.139937718785926E-006  2.006349200739510E-006
  4.181544784577773E-006  2.026513345436061E-006
  4.223570008332711E-006  2.046880143155920E-006
  4.266017592608136E-006  2.067451630595830E-006
  4.308891782197847E-006  2.088229864921680E-006
  4.352196864556534E-006  2.109216923974216E-006
  4.395937170228519E-006  2.130414906476832E-006
  4.440117073280820E-006  2.151825932245445E-006
  4.484740991740559E-006  2.173452142400474E-006
  4.529813388036769E-006  2.195295699580955E-006
  4.575338769446639E-006  2.217358788160809E-006
  4.621321688546249E-006  2.239643614467282E-006
  4.667766743665828E-006  2.262152407001573E-006
  4.714678579349592E-006  2.284887416661694E-006
  4.762061886820203E-006  2.307850916967556E-006
  4.809921404447894E-006  2.331045204288327E-006
  4.858261918224311E-006  2.354472598072066E-006
  4.907088262241116E-006  2.378135441077677E-006
  4.956405319173398E-006  2.402036099609175E-006
  5.006218020767949E-006  2.426176963752333E-006
  5.056531348336439E-006  2.450560447613683E-006
  5.107350333253554E-006  2.475188989561930E-006
  5.158680057460133E-006  2.500065052471793E-006
  5.210525653971372E-006  2.525191123970292E-006
  5.262892307390128E-006  2.550569716685515E-006
  5.315785254425382E-006  2.576203368497884E-006
  5.369209784415913E-006  2.602094642793940E-006
  5.423171239859242E-006  2.628246128722688E-006
  5.477675016945882E-006  2.654660441454516E-006
  5.532726566098960E-006  2.681340222442706E-006
  5.588331392519269E-006  2.708288139687593E-006
  5.644495056735788E-006  2.735506888003356E-006
  5.701223175161743E-006  2.762999189287510E-006
  5.758521420656249E-006  2.790767792793091E-006
  5.816395523091605E-006  2.818815475403594E-006
  5.874851269926282E-006  2.847145041910649E-006
  5.933894506783677E-006  2.875759325294516E-006
  5.993531138036679E-006  2.904661187007380E-006
  6.053767127398112E-006  2.933853517259494E-006
  6.114608498517106E-006  2.963339235308213E-006
  6.176061335581476E-006  2.993121289749912E-006
  6.238131783926139E-006  3.023202658814852E-006
  6.300826050647656E-006  3.053586350665008E-006
  6.364150405224943E-006  3.084275403694886E-006
  6.428111180146228E-006  3.115272886835362E-006
  6.492714771542306E-006  3.146581899860579E-006
  6.557967639826152E-006  3.178205573697933E-006
  6.623876310338971E-006  3.210147070741160E-006
  6.690447374002740E-006  3.242409585166581E-006
  6.757687487979300E-006  3.274996343252525E-006
  6.825603376336083E-006  3.307910603701955E-006
  6.894201830718521E-006  3.341155657968344E-006
  6.963489711029219E-006  3.374734830584824E-006
  7.033473946113947E-006  3.408651479496638E-006
  7.104161534454534E-006  3.442908996396941E-006
  7.175559544868721E-006  3.477510807065970E-006
  7.247675117217048E-006  3.512460371713626E-006
  7.320515463116846E-006  3.547761185325501E-006
  7.394087866663405E-006  3.583416778012370E-006
  7.468399685158392E-006  3.619430715363216E-006
  7.543458349845581E-006  3.655806598801785E-006
  7.619271366653990E-006  3.692548065946733E-006
  7.695846316948479E-006  3.729658790975393E-006
  7.773190858287890E-006  3.767142484991193E-006
  7.851312725190810E-006  3.805002896394771E-006
  7.930219729909032E-006  3.843243811258814E-006
  8.009919763208783E-006  3.881869053706680E-006
  8.090420795159810E-006  3.920882486294797E-006
  8.171730875932394E-006  3.960288010398937E-006
  8.253858136602368E-006  4.000089566604348E-006
  8.336810789964242E-006  4.040291135099817E-006
  8.420597131352476E-006  4.080896736075695E-006
  8.505225539471033E-006  4.121910430125916E-006
  8.590704477231249E-006  4.163336318654063E-006
  8.677042492598133E-006  4.205178544283511E-006
  8.764248219445169E-006  4.247441291271689E-006
  8.852330378417714E-006  4.290128785928514E-006
  8.941297777805069E-006  4.333245297039026E-006
  9.031159314421309E-006  4.376795136290265E-006
  9.121923974494983E-006  4.420782658702446E-006
  9.213600834567735E-006  4.465212263064465E-006
  9.306199062401971E-006  4.510088392373785E-006
  9.399727917897638E-006  4.555415534280732E-006
  9.494196754018227E-006  4.601198221537267E-006
  9.589615017726075E-006  4.647441032450267E-006
  9.685992250927068E-006  4.694148591339361E-006
  9.783338091424841E-006  4.741325568999357E-006
  9.881662273884565E-006  4.788976683167335E-006
  9.980974630806424E-006  4.837106698994421E-006
  1.008128509350887E-005  4.885720429522305E-006
  1.018260369312177E-005  4.934822736164551E-006
  1.028494056158950E-005  4.984418529192735E-006
  1.038830593268422E-005  5.034512768227497E-006
  1.049271014302915E-005  5.085110462734479E-006
  1.059816363313233E-005  5.136216672525297E-006
  1.070467694843066E-005  5.187836508263517E-006
  1.081226074034443E-005  5.239975131975730E-006
  1.092092576734248E-005  5.292637757567752E-006
  1.103068289601807E-005  5.345829651346029E-006
  1.114154310217553E-005  5.399556132544260E-006
  1.125351747192785E-005  5.453822573855340E-006
  1.136661720280533E-005  5.508634401968618E-006
  1.148085360487530E-005  5.563997098112582E-006
  1.159623810187317E-005  5.619916198602980E-006
  1.171278223234479E-005  5.676397295396458E-006
  1.183049765080033E-005  5.733446036649761E-006
  1.194939612887973E-005  5.791068127284556E-006
  1.206948955652988E-005  5.849269329557919E-006
  1.219078994319362E-005  5.908055463638580E-006
  1.231330941901071E-005  5.967432408188930E-006
  1.243706023603083E-005  6.027406100952908E-006
  1.256205476943880E-005  6.087982539349761E-006
  1.268830551879213E-005  6.149167781073811E-006
  1.281582510927096E-005  6.210967944700213E-006
  1.294462629294061E-005  6.273389210296831E-006
  1.307472195002678E-005  6.336437820042238E-006
  1.320612509020358E-005  6.400120078849946E-006
  1.333884885389455E-005  6.464442354998906E-006
  1.347290651358665E-005  6.529411080770326E-006
  1.360831147515758E-005  6.595032753090926E-006
  1.374507727921631E-005  6.661313934182618E-006
  1.388321760245723E-005  6.728261252218744E-006
  1.402274625902779E-005  6.795881401986893E-006
  1.416367720190991E-005  6.864181145558390E-006
  1.430602452431532E-005  6.933167312964505E-006
  1.444980246109490E-005  7.002846802879466E-006
  1.459502539016212E-005  7.073226583310325E-006
  1.474170783393093E-005  7.144313692293772E-006
  1.488986446076792E-005  7.216115238599941E-006
  1.503951008645925E-005  7.288638402443295E-006
  1.519065967569219E-005  7.361890436200650E-006
  1.534332834355163E-005  7.435878665136423E-006
  1.549753135703158E-005  7.510610488135157E-006
  1.565328413656187E-005  7.586093378441428E-006
  1.581060225755028E-005  7.662334884407164E-006
  1.596950145193998E-005  7.739342630246490E-006
  1.612999760978284E-005  7.817124316798160E-006
  1.629210678082839E-005  7.895687722295644E-006
  1.645584517612882E-005  7.975040703144955E-006
  1.662122916966012E-005  8.055191194710300E-006
  1.678827529995945E-005  8.136147212107626E-006
  1.695700027177905E-005  8.217916851006130E-006
  1.712742095775671E-005  8.300508288437834E-006
  1.729955440010305E-005  8.383929783615305E-006
  1.747341781230574E-005  8.468189678757575E-006
  1.764902858085089E-005  8.553296399924367E-006
  1.782640426696169E-005  8.639258457858715E-006
  1.800556260835458E-005  8.726084448838035E-006
  1.818652152101299E-005  8.813783055533786E-006
  1.836929910097899E-005  8.902363047879701E-006
  1.855391362616288E-005  8.991833283948832E-006
  1.874038355817104E-005  9.082202710839336E-006
  1.892872754415205E-005  9.173480365569201E-006
  1.911896441866147E-005  9.265675375979960E-006
  1.931111320554528E-005  9.358796961649475E-006
  1.950519311984229E-005  9.452854434813901E-006
  1.970122356970567E-005  9.547857201298933E-006
  1.989922415834376E-005  9.643814761460386E-006
  2.009921468598042E-005  9.740736711134220E-006
  2.030121515183509E-005  9.838632742596169E-006
  2.050524575612267E-005  9.937512645530950E-006
  2.071132690207363E-005  1.003738630801124E-005
  2.091947919797429E-005  1.013826371748652E-005
  2.112972345922771E-005  1.024015496178178E-005
  2.134208071043522E-005  1.034307023010635E-005
  2.155657218749889E-005  1.044701981407282E-005
  2.177321933974518E-005  1.055201410872619E-005
  2.199204383206985E-005  1.065806361358342E-005
  2.221306754710450E-005  1.076517893368336E-005
  2.243631258740481E-005  1.087337078064726E-005
  2.266180127766085E-005  1.098264997374997E-005
  2.288955616692955E-005  1.109302744100186E-005
  2.311960003088964E-005  1.120451422024160E-005
  2.335195587411921E-005  1.131712146024004E-005
  2.358664693239622E-005  1.143086042181498E-005
  2.382369667502208E-005  1.154574247895735E-005
  2.406312880716859E-005  1.166177911996859E-005
  2.430496727224849E-005  1.177898194860949E-005
  2.454923625430982E-005  1.189736268526055E-005
  2.479596018045435E-005  1.201693316809408E-005
  2.504516372328029E-005  1.213770535425799E-005
  2.529687180334960E-005  1.225969132107151E-005
  2.555110959168004E-005  1.238290326723298E-005
  2.580790251226231E-005  1.250735351403965E-005
  2.606727624460247E-005  1.263305450661991E-005
  2.632925672628988E-005  1.276001881517774E-005
  2.659387015559105E-005  1.288825913624978E-005
  2.686114299406941E-005  1.301778829397498E-005
  2.713110196923153E-005  1.314861924137704E-005
  2.740377407719991E-005  1.328076506165971E-005
  2.767918658541256E-005  1.341423896951509E-005
  2.795736703534981E-005  1.354905431244520E-005
  2.823834324528849E-005  1.368522457209665E-005
  2.852214331308372E-005  1.382276336560884E-005
  2.880879561897880E-005  1.396168444697572E-005
  2.909832882844318E-005  1.410200170842116E-005
  2.939077189503909E-005  1.424372918178823E-005
  2.968615406331690E-005  1.438688103994233E-005
  2.998450487173959E-005  1.453147159818853E-005
  3.028585415563662E-005  1.467751531570314E-005
  3.059023205018751E-005  1.482502679697957E-005
  3.089766899343537E-005  1.497402079328884E-005
  3.120819572933071E-005  1.512451220415472E-005
  3.152184331080590E-005  1.527651607884366E-005
  3.183864310288046E-005  1.543004761786977E-005
  3.215862678579760E-005  1.558512217451487E-005
  3.248182635819227E-005  1.574175525636380E-005
  3.280827414029103E-005  1.589996252685524E-005
  3.313800277714414E-005  1.605975980684805E-005
  3.347104524189006E-005  1.622116307620334E-005
  3.380743483905280E-005  1.638418847538251E-005
  3.414720520787241E-005  1.654885230706130E-005
  3.449039032566889E-005  1.671517103776004E-005
  3.483702451124003E-005  1.688316129949035E-005
  3.518714242829325E-005  1.705283989141837E-005
  3.554077908891202E-005  1.722422378154462E-005
  3.589796985705708E-005  1.739733010840089E-005
  3.625875045210293E-005  1.757217618276408E-005
  3.662315695240971E-005  1.774877948938726E-005
  3.699122579893114E-005  1.792715768874822E-005
  3.736299379885858E-005  1.810732861881549E-005
  3.773849812930184E-005  1.828931029683216E-005
  3.811777634100688E-005  1.847312092111762E-005
  3.850086636211095E-005  1.865877887288741E-005
  3.888780650193538E-005  1.884630271809136E-005
  3.927863545481662E-005  1.903571120927020E-005
  3.967339230397565E-005  1.922702328743081E-005
  4.007211652542635E-005  1.942025808394039E-005
  4.047484799192313E-005  1.961543492243951E-005
  4.088162697694826E-005  1.981257332077463E-005
  4.129249415873922E-005  2.001169299294976E-005
  4.170749062435658E-005  2.021281385109799E-005
  4.212665787379273E-005  2.041595600747265E-005
  4.255003782412192E-005  2.062113977645858E-005
  4.297767281369201E-005  2.082838567660358E-005
  4.340960560635832E-005  2.103771443267028E-005
  4.384587939576005E-005  2.124914697770863E-005
  4.428653780963972E-005  2.146270445514925E-005
  4.473162491420592E-005  2.167840822091774E-005
  4.518118521854002E-005  2.189627984557034E-005
  4.563526367904709E-005  2.211634111645096E-005
  4.609390570395158E-005  2.233861403986997E-005
  4.655715715783817E-005  2.256312084330483E-005
  4.702506436623831E-005  2.278988397762286E-005
  4.749767412026275E-005  2.301892611932636E-005
  4.797503368128075E-005  2.325027017282023E-005
  4.845719078564621E-005  2.348393927270249E-005
  4.894419364947136E-005  2.371995678607773E-005
  4.943609097344842E-005  2.395834631489383E-005
  4.993293194771970E-005  2.419913169830220E-005
  5.043476625679667E-005  2.444233701504170E-005
  5.094164408452843E-005  2.468798658584652E-005
  5.145361611912016E-005  2.493610497587831E-005
  5.197073355820196E-005  2.518671699718270E-005
  5.249304811394866E-005  2.543984771117048E-005
  5.302061201825112E-005  2.569552243112386E-005
  5.355347802793938E-005  2.595376672472770E-005
  5.409169943005849E-005  2.621460641662641E-005
  5.463533004719717E-005  2.647806759100637E-005
  5.518442424287016E-005  2.674417659420438E-005
  5.573903692695461E-005  2.701296003734235E-005
  5.629922356118111E-005  2.728444479898835E-005
  5.686504016467991E-005  2.755865802784462E-005
  5.743654331958286E-005  2.783562714546234E-005
  5.801379017668172E-005  2.811537984898386E-005
  5.859683846114323E-005  2.839794411391244E-005
  5.918574647828172E-005  2.868334819690983E-005
  5.978057311938966E-005  2.897162063862193E-005
  6.038137786762685E-005  2.926279026653290E-005
  6.098822080396878E-005  2.955688619784792E-005
  6.160116261321479E-005  2.985393784240496E-005
  6.222026459005659E-005  3.015397490561575E-005
  6.284558864520780E-005  3.045702739143639E-005
  6.347719731159503E-005  3.076312560536770E-005
  6.411515375061126E-005  3.107230015748589E-005
  6.475952175843203E-005  3.138458196550353E-005
  6.541036577239508E-005  3.170000225786133E-005
  6.606775087744418E-005  3.201859257685108E-005
  6.673174281263768E-005  3.234038478176983E-005
  6.740240797772241E-005  3.266541105210593E-005
  6.807981343977377E-005  3.299370389075691E-005
  6.876402693990248E-005  3.332529612727987E-005
  6.945511690002872E-005  3.366022092117441E-005
  7.015315242972443E-005  3.399851176519865E-005
  7.085820333312427E-005  3.434020248871855E-005
  7.157034011590611E-005  3.468532726109075E-005
  7.228963399234170E-005  3.503392059507973E-005
  7.301615689241808E-005  3.538601735030893E-005
  7.374998146903070E-005  3.574165273674687E-005
  7.449118110524875E-005  3.610086231822811E-005
  7.523982992165351E-005  3.646368201600967E-005
  7.599600278375051E-005  3.683014811236322E-005
  7.675977530945610E-005  3.720029725420326E-005
  7.753122387665932E-005  3.757416645675196E-005
  7.831042563085978E-005  3.795179310724059E-005
  7.909745849288223E-005  3.833321496864836E-005
  7.989240116666873E-005  3.871847018347869E-005
  8.069533314714912E-005  3.910759727757357E-005
  8.150633472819056E-005  3.950063516396609E-005
  8.232548701062700E-005  3.989762314677181E-005
  8.315287191036930E-005  4.029860092511921E-005
  8.398857216659692E-005  4.070360859711962E-005
  8.483267135003191E-005  4.111268666387711E-005
  8.568525387129605E-005  4.152587603353854E-005
  8.654640498935192E-005  4.194321802538450E-005
  8.741621082002897E-005  4.236475437396127E-005
  8.829475834463511E-005  4.279052723325422E-005
  8.918213541865493E-005  4.322057918090331E-005
  9.007843078053531E-005  4.365495322246092E-005
  9.098373406055935E-005  4.409369279569234E-005
  9.189813578980947E-005  4.453684177491968E-005
  9.282172740922061E-005  4.498444447540927E-005
  9.375460127872437E-005  4.543654565780328E-005
  9.469685068648510E-005  4.589319053259579E-005
  9.564856985822878E-005  4.635442476465385E-005
  9.660985396666569E-005  4.682029447778405E-005
  9.758079914100775E-005  4.729084625934493E-005
  9.856150247658151E-005  4.776612716490572E-005
  9.955206204453779E-005  4.824618472295200E-005
  1.005525769016588E-004  4.873106693963849E-005
  1.015631471002642E-004  4.922082230358981E-005
  1.025838736982157E-004  4.971549979074931E-005
  1.036148587690240E-004  5.021514886927672E-005
  1.046562054120551E-004  5.071981950449504E-005
  1.057080177628413E-004  5.122956216388704E-005
  1.067704010034941E-004  5.174442782214217E-005
  1.078434613732228E-004  5.226446796625391E-005
  1.089273061789587E-004  5.278973460066865E-005
  1.100220438060855E-004  5.332028025248613E-005
  1.111277837292783E-004  5.385615797671212E-005
  1.122446365234509E-004  5.439742136156409E-005
  1.133727138748133E-004  5.494412453383001E-005
  1.145121285920407E-004  5.549632216428105E-005
  1.156629946175544E-004  5.605406947313874E-005
  1.168254270389161E-004  5.661742223559706E-005
  1.179995421003365E-004  5.718643678739988E-005
  1.191854572143001E-004  5.776117003047476E-005
  1.203832909733068E-004  5.834167943862305E-005
  1.215931631617306E-004  5.892802306326735E-005
  1.228151947677985E-004  5.952025953925676E-005
  1.240495079956894E-004  6.011844809073033E-005
  1.252962262777549E-004  6.072264853703955E-005
  1.265554742868621E-004  6.133292129873037E-005
  1.278273779488612E-004  6.194932740358525E-005
  1.291120644551783E-004  6.257192849272600E-005
  1.304096622755347E-004  6.320078682677799E-005
  1.317203011707938E-004  6.383596529209618E-005
  1.330441122059372E-004  6.447752740705381E-005
  1.343812277631716E-004  6.512553732839446E-005
  1.357317815551671E-004  6.578005985764751E-005
  1.370959086384284E-004  6.644116044760854E-005
  1.384737454268004E-004  6.710890520888456E-005
  1.398654297051103E-004  6.778336091650519E-005
  1.412711006429456E-004  6.846459501660019E-005
  1.426908988085715E-004  6.915267563314411E-005
  1.441249661829877E-004  6.984767157476876E-005
  1.455734461741268E-004  7.054965234164409E-005
  1.470364836311949E-004  7.125868813242836E-005
  1.485142248591569E-004  7.197484985128792E-005
  1.500068176333671E-004  7.269820911498782E-005
  1.515144112143468E-004  7.342883826005344E-005
  1.530371563627103E-004  7.416681035000424E-005
  1.545752053542415E-004  7.491219918266024E-005
  1.561287119951212E-004  7.566507929752165E-005
  1.576978316373081E-004  7.642552598322314E-005
  1.592827211940740E-004  7.719361528506262E-005
  1.608835391556954E-004  7.796942401260580E-005
  1.625004456053024E-004  7.875302974736729E-005
  1.641336022348874E-004  7.954451085056877E-005
  1.657831723614744E-004  8.034394647097519E-005
  1.674493209434506E-004  8.115141655280966E-005
  1.691322145970627E-004  8.196700184374804E-005
  1.708320216130786E-004  8.279078390299364E-005
  1.725489119736162E-004  8.362284510943330E-005
  1.742830573691424E-004  8.446326866987534E-005
  1.760346312156419E-004  8.531213862737016E-005
  1.778038086719590E-004  8.616953986961485E-005
  1.795907666573136E-004  8.703555813744185E-005
  1.813956838689935E-004  8.791028003339312E-005
  1.832187408002238E-004  8.879379303038053E-005
  1.850601197582169E-004  8.968618548043314E-005
  1.869200048824031E-004  9.058754662353254E-005
  1.887985821628447E-004  9.149796659653684E-005
  1.906960394588353E-004  9.241753644219457E-005
  1.926125665176857E-004  9.334634811824876E-005
  1.945483549936988E-004  9.428449450663308E-005
  1.965035984673355E-004  9.523206942275988E-005
  1.984784924645725E-004  9.618916762490198E-005
  2.004732344764552E-004  9.715588482366838E-005
  2.024880239788472E-004  9.813231769157558E-005
  2.045230624523776E-004  9.911856387271474E-005
  2.065785534025897E-004  1.001147219925163E-004
  2.086547023802914E-004  1.011208916676125E-004
  2.107517170021107E-004  1.021371735157992E-004
  2.128698069712572E-004  1.031636691660975E-004
  2.150091840984929E-004  1.042004812689172E-004
  2.171700623233133E-004  1.052477135063215E-004
  2.193526577353418E-004  1.063054706023953E-004
  2.215571885959383E-004  1.073738583337178E-004
  2.237838753600260E-004  1.084529835399404E-004
  2.260329406981369E-004  1.095429541344704E-004
  2.283046095186790E-004  1.106438791152626E-004
  2.305991089904274E-004  1.117558685757193E-004
  2.329166685652415E-004  1.128790337156994E-004
  2.352575200010099E-004  1.140134868526388E-004
  2.376218973848271E-004  1.151593414327819E-004
  2.400100371564016E-004  1.163167120425268E-004
  2.424221781317008E-004  1.174857144198832E-004
  2.448585615268323E-004  1.186664654660472E-004
  2.473194309821660E-004  1.198590832570909E-004
  2.498050325866981E-004  1.210636870557705E-004
  2.523156149026604E-004  1.222803973234521E-004
  2.548514289903768E-004  1.235093357321583E-004
  2.574127284333690E-004  1.247506251767359E-004
  2.599997693637159E-004  1.260043897871444E-004
  2.626128104876664E-004  1.272707549408700E-004
  2.652521131115104E-004  1.285498472754633E-004
  2.679179411677097E-004  1.298417947012026E-004
  2.706105612412915E-004  1.311467264138857E-004
  2.733302425965069E-004  1.324647729077490E-004
  2.760772572037580E-004  1.337960659885176E-004
  2.788518797667946E-004  1.351407387865853E-004
  2.816543877501851E-004  1.364989257703283E-004
  2.844850614070635E-004  1.378707627595516E-004
  2.873441838071543E-004  1.392563869390718E-004
  2.902320408650801E-004  1.406559368724348E-004
  2.931489213689532E-004  1.420695525157730E-004
  2.960951170092547E-004  1.434973752318005E-004
  2.990709224080040E-004  1.449395478039498E-004
  3.020766351482207E-004  1.463962144506498E-004
  3.051125558036835E-004  1.478675208397484E-004
  3.081789879689881E-004  1.493536141030787E-004
  3.112762382899062E-004  1.508546428511727E-004
  3.144046164940510E-004  1.523707571881224E-004
  3.175644354218500E-004  1.539021087265901E-004
  3.207560110578290E-004  1.554488506029698E-004
  3.239796625622114E-004  1.570111374927014E-004
  3.272357123028340E-004  1.585891256257376E-004
  3.305244858873842E-004  1.601829728021675E-004
  3.338463121959611E-004  1.617928384079966E-004
  3.372015234139638E-004  1.634188834310853E-004
  3.405904550653101E-004  1.650612704772480E-004
  3.440134460459893E-004  1.667201637865140E-004
  3.474708386579519E-004  1.683957292495508E-004
  3.509629786433403E-004  1.700881344242542E-004
  3.544902152190631E-004  1.717975485525037E-004
  3.580529011117173E-004  1.735241425770867E-004
  3.616513925928612E-004  1.752680891587931E-004
  3.652860495146414E-004  1.770295626936814E-004
  3.689572353457793E-004  1.788087393305186E-004
  3.726653172079170E-004  1.806057969883946E-004
  3.764106659123311E-004  1.824209153745150E-004
  3.801936559970129E-004  1.842542760021712E-004
  3.840146657641236E-004  1.861060622088924E-004
  3.878740773178239E-004  1.879764591747789E-004
  3.917722766024855E-004  1.898656539410209E-004
  3.957096534412853E-004  1.917738354286017E-004
  3.996866015751884E-004  1.937011944571912E-004
  4.037035187023224E-004  1.956479237642268E-004
  4.077608065177472E-004  1.976142180241879E-004
  4.118588707536257E-004  1.996002738680631E-004
  4.159981212197964E-004  2.016062899030138E-004
  4.201789718447553E-004  2.036324667322344E-004
  4.244018407170490E-004  2.056790069750135E-004
  4.286671501270838E-004  2.077461152869953E-004
  4.329753266093551E-004  2.098339983806452E-004
  4.373268009851013E-004  2.119428650459218E-004
  4.417220084053862E-004  2.140729261711554E-004
  4.461613883946145E-004  2.162243947641372E-004
  4.506453848944847E-004  2.183974859734198E-004
  4.551744463083835E-004  2.205924171098328E-004
  4.597490255462263E-004  2.228094076682133E-004
  4.643695800697493E-004  2.250486793493561E-004
  4.690365719382552E-004  2.273104560821830E-004
  4.737504678548200E-004  2.295949640461368E-004
  4.785117392129637E-004  2.319024316937987E-004
  4.833208621437898E-004  2.342330897737336E-004
  4.881783175635990E-004  2.365871713535655E-004
  4.930845912219812E-004  2.389649118432838E-004
  4.980401737503908E-004  2.413665490187849E-004
  5.030455607112102E-004  2.437923230456493E-004
  5.081012526473069E-004  2.462424765031588E-004
  5.132077551320874E-004  2.487172544085542E-004
  5.183655788200556E-004  2.512169042415370E-004
  5.235752394978785E-004  2.537416759690176E-004
  5.288372581359655E-004  2.562918220701123E-004
  5.341521609405652E-004  2.588675975613907E-004
  5.395204794063872E-004  2.614692600223779E-004
  5.449427503697519E-004  2.640970696213122E-004
  5.504195160622739E-004  2.667512891411623E-004
  5.559513241650865E-004  2.694321840059055E-004
  5.615387278636101E-004  2.721400223070699E-004
  5.671822859028704E-004  2.748750748305441E-004
  5.728825626433746E-004  2.776376150836555E-004
  5.786401281175469E-004  2.804279193225209E-004
  5.844555580867326E-004  2.832462665796729E-004
  5.903294340987749E-004  2.860929386919622E-004
  5.962623435461700E-004  2.889682203287421E-004
  6.022548797248065E-004  2.918723990203352E-004
  6.083076418932963E-004  2.948057651867863E-004
  6.144212353329002E-004  2.977686121669045E-004
  6.205962714080567E-004  3.007612362475973E-004
  6.268333676275193E-004  3.037839366934993E-004
  6.331331477061076E-004  3.068370157768981E-004
  6.394962416270792E-004  3.099207788079626E-004
  6.459232857051288E-004  3.130355341652729E-004
  6.524149226500201E-004  3.161815933266586E-004
  6.589718016308573E-004  3.193592709003469E-004
  6.655945783410026E-004  3.225688846564229E-004
  6.722839150636460E-004  3.258107555586071E-004
  6.790404807380342E-004  3.290852077963510E-004
  6.858649510263652E-004  3.323925688172569E-004
  6.927580083813549E-004  3.357331693598218E-004
  6.997203421144829E-004  3.391073434865119E-004
  7.067526484649246E-004  3.425154286171680E-004
  7.138556306691753E-004  3.459577655627484E-004
  7.210299990313746E-004  3.494346985594092E-004
  7.282764709943374E-004  3.529465753029278E-004
  7.355957712112987E-004  3.564937469834729E-004
  7.429886316183797E-004  3.600765683207232E-004
  7.504557915077816E-004  3.636953975993390E-004
  7.579979976017164E-004  3.673505967047909E-004
  7.656160041270783E-004  3.710425311595480E-004
  7.733105728908685E-004  3.747715701596302E-004
  7.810824733563754E-004  3.785380866115275E-004
  7.889324827201221E-004  3.823424571694906E-004
  7.968613859895868E-004  3.861850622731960E-004
  8.048699760617038E-004  3.900662861857899E-004
  8.129590538021542E-004  3.939865170323145E-004
  8.211294281254529E-004  3.979461468385200E-004
  8.293819160758410E-004  4.019455715700672E-004
  8.377173429089906E-004  4.059851911721235E-004
  8.461365421745311E-004  4.100654096093575E-004
  8.546403557994053E-004  4.141866349063353E-004
  8.632296341720621E-004  4.183492791883224E-004
  8.719052362274964E-004  4.225537587224956E-004
  8.806680295331436E-004  4.268004939595707E-004
  8.895188903756367E-004  4.310899095758459E-004
  8.984587038484355E-004  4.354224345156694E-004
  9.074883639403372E-004  4.397985020343341E-004
  9.166087736248758E-004  4.442185497414023E-004
  9.258208449506200E-004  4.486830196444661E-004
  9.351254991323793E-004  4.531923581933482E-004
  9.445236666433257E-004  4.577470163247461E-004
  9.540162873080421E-004  4.623474495073255E-004
  9.636043103965054E-004  4.669941177872665E-004
  9.732886947190147E-004  4.716874858342680E-004
  9.830704087220726E-004  4.764280229880143E-004
  9.929504305852307E-004  4.812162033051075E-004
  1.002929748318909E-003  4.860525056064743E-004
  1.013009359863196E-003  4.909374135252459E-004
  1.023190273187647E-003  4.958714155551214E-004
  1.033473506392079E-003  5.008550050992169E-004
  1.043860087808380E-003  5.058886805194041E-004
  1.054351056103348E-003  5.109729451861473E-004
  1.064947460382556E-003  5.161083075288380E-004
  1.075650360295261E-003  5.212952810866386E-004
  1.086460826140374E-003  5.265343845598342E-004
  1.097379938973488E-003  5.318261418617029E-004
  1.108408790714985E-003  5.371710821709058E-004
  1.119548484259231E-003  5.425697399844041E-004
  1.130800133584864E-003  5.480226551709073E-004
  1.142164863866191E-003  5.535303730248602E-004
  1.153643811585712E-003  5.590934443209703E-004
  1.165238124647765E-003  5.647124253692849E-004
  1.176948962493318E-003  5.703878780708204E-004
  1.188777496215914E-003  5.761203699737525E-004
  1.200724908678782E-003  5.819104743301681E-004
  1.212792394633126E-003  5.877587701533905E-004
  1.224981160837598E-003  5.936658422758792E-004
  1.237292426178973E-003  5.996322814077122E-004
  1.249727421794048E-003  6.056586841956546E-004
  1.262287391192744E-003  6.117456532828230E-004
  1.274973590382470E-003  6.178937973689473E-004
  1.287787287993715E-003  6.241037312712406E-004
  1.300729765406920E-003  6.303760759858775E-004
  1.313802316880610E-003  6.367114587500939E-004
  1.327006249680827E-003  6.431105131049076E-004
  1.340342884211854E-003  6.495738789584717E-004
  1.353813554148259E-003  6.561022026500626E-004
  1.367419606568260E-003  6.626961370147132E-004
  1.381162402088439E-003  6.693563414484930E-004
  1.395043314999798E-003  6.760834819744470E-004
  1.409063733405198E-003  6.828782313091958E-004
  1.423225059358161E-003  6.897412689302037E-004
  1.437528709003086E-003  6.966732811437259E-004
  1.451976112716855E-003  7.036749611534356E-004
  1.466568715251880E-003  7.107470091297435E-004
  1.481307975880575E-003  7.178901322798096E-004
  1.496195368541286E-003  7.251050449182643E-004
  1.511232381985684E-003  7.323924685386352E-004
  1.526420519927645E-003  7.397531318854950E-004
  1.541761301193620E-003  7.471877710273320E-004
  1.557256259874520E-003  7.546971294301539E-004
  1.572906945479126E-003  7.622819580318330E-004
  1.588714923089039E-003  7.699430153171951E-004
  1.604681773515195E-003  7.776810673938652E-004
  1.620809093455942E-003  7.854968880688747E-004
  1.637098495656713E-003  7.933912589260399E-004
  1.653551609071303E-003  8.013649694041140E-004
  1.670170079024764E-003  8.094188168757300E-004
  1.686955567377941E-003  8.175536067271329E-004
  1.703909752693657E-003  8.257701524387136E-004
  1.721034330404571E-003  8.340692756663544E-004
  1.738331012982726E-003  8.424518063235892E-004
  1.755801530110794E-003  8.509185826645901E-004
  1.773447628855045E-003  8.594704513679891E-004
  1.791271073840059E-003  8.681082676215412E-004
  1.809273647425189E-003  8.768328952076373E-004
  1.827457149882794E-003  8.856452065896787E-004
  1.845823399578274E-003  8.945460829993167E-004
  1.864374233151902E-003  9.035364145245718E-004
  1.883111505702496E-003  9.126171001988360E-004
  1.902037090972925E-003  9.217890480907705E-004
  1.921152881537488E-003  9.310531753951071E-004
  1.940460788991171E-003  9.404104085243607E-004
  1.959962744140808E-003  9.498616832014652E-004
  1.979660697198168E-003  9.594079445533380E-004
  1.999556617974969E-003  9.690501472053865E-004
  2.019652496079871E-003  9.787892553769642E-004
  2.039950341117431E-003  9.886262429777849E-004
  2.060452182889067E-003  9.985620937053054E-004
  2.081160071596040E-003  1.008597801143088E-003
  2.102076078044479E-003  1.018734368860153E-003
  2.123202293852459E-003  1.028972810511323E-003
  2.144540831659165E-003  1.039314149938584E-003
  2.166093825336160E-003  1.049759421273458E-003
  2.187863430200773E-003  1.060309669040409E-003
  2.209851823231631E-003  1.070965948261285E-003
  2.232061203286362E-003  1.081729324560812E-003
  2.254493791321479E-003  1.092600874273143E-003
  2.277151830614479E-003  1.103581684549485E-003
  2.300037586988174E-003  1.114672853466802E-003
  2.323153349037271E-003  1.125875490137610E-003
  2.346501428357240E-003  1.137190714820880E-003
  2.370084159775469E-003  1.148619659034051E-003
  2.393903901584753E-003  1.160163465666169E-003
  2.417963035779121E-003  1.171823289092163E-003
  2.442263968292043E-003  1.183600295288271E-003
  2.466809129237021E-003  1.195495661948624E-003
  2.491600973150604E-003  1.207510578603002E-003
  2.516641979237843E-003  1.219646246735772E-003
  2.541934651620214E-003  1.231903879906021E-003
  2.567481519586034E-003  1.244284703868901E-003
  2.593285137843387E-003  1.256789956698183E-003
  2.619348086775602E-003  1.269420888910055E-003
  2.645672972699293E-003  1.282178763588150E-003
  2.672262428124988E-003  1.295064856509842E-003
  2.699119112020388E-003  1.308080456273807E-003
  2.726245710076264E-003  1.321226864428860E-003
  2.753644934975027E-003  1.334505395604096E-003
  2.781319526661998E-003  1.347917377640330E-003
  2.809272252619410E-003  1.361464151722863E-003
  2.837505908143152E-003  1.375147072515581E-003
  2.866023316622305E-003  1.388967508296398E-003
  2.894827329821480E-003  1.402926841094062E-003
  2.923920828166001E-003  1.417026466826336E-003
  2.953306721029949E-003  1.431267795439568E-003
  2.982987947027096E-003  1.445652251049659E-003
  3.012967474304777E-003  1.460181272084452E-003
  3.043248300840704E-003  1.474856311427548E-003
  3.073833454742763E-003  1.489678836563566E-003
  3.104725994551833E-003  1.504650329724870E-003
  3.135929009547639E-003  1.519772288039759E-003
  3.167445620057682E-003  1.535046223682154E-003
  3.199278977769278E-003  1.550473664022782E-003
  3.231432266044725E-003  1.566056151781887E-003
  3.263908700239646E-003  1.581795245183467E-003
  3.296711528024524E-003  1.597692518111064E-003
  3.329844029709473E-003  1.613749560265121E-003
  3.363309518572272E-003  1.629967977321914E-003
  3.397111341189696E-003  1.646349391094086E-003
  3.431252877772174E-003  1.662895439692791E-003
  3.465737542501817E-003  1.679607777691467E-003
  3.500568783873834E-003  1.696488076291252E-003
  3.535750085041388E-003  1.713538023488067E-003
  3.571284964163915E-003  1.730759324241371E-003
  3.607176974758939E-003  1.748153700644616E-003
  3.643429706057430E-003  1.765722892097410E-003
  3.680046783362728E-003  1.783468655479411E-003
  3.717031868413078E-003  1.801392765325972E-003
  3.754388659747807E-003  1.819497014005538E-003
  3.792120893077178E-003  1.837783211898840E-003
  3.830232341655968E-003  1.856253187579878E-003
  3.868726816660794E-003  1.874908787998725E-003
  3.907608167571236E-003  1.893751878666167E-003
  3.946880282554787E-003  1.912784343840197E-003
  3.986547088855670E-003  1.932008086714384E-003
  4.026612553187573E-003  1.951425029608132E-003
  4.067080682130316E-003  1.971037114158846E-003
  4.107955522530517E-003  1.990846301516035E-003
  4.149241161906279E-003  2.010854572537361E-003
  4.190941728855944E-003  2.031063927986654E-003
  4.233061393470959E-003  2.051476388733922E-003
  4.275604367752883E-003  2.072093995957361E-003
  4.318574906034598E-003  2.092918811347402E-003
  4.361977305405740E-003  2.113952917312799E-003
  4.405815906142417E-003  2.135198417188796E-003
  4.450095092141232E-003  2.156657435447373E-003
  4.494819291357688E-003  2.178332117909613E-003
  4.539992976248974E-003  2.200224631960194E-003
  4.585620664221224E-003  2.222337166764042E-003
  4.631706918081261E-003  2.244671933485147E-003
  4.678256346492874E-003  2.267231165507597E-003
  4.725273604437696E-003  2.290017118658804E-003
  4.772763393680704E-003  2.313032071434995E-003
  4.820730463240395E-003  2.336278325228955E-003
  4.869179609863700E-003  2.359758204560055E-003
  4.918115678505653E-003  2.383474057306600E-003
  4.967543562813901E-003  2.407428254940496E-003
  5.017468205618064E-003  2.431623192764285E-003
  5.067894599424026E-003  2.456061290150545E-003
  5.118827786913189E-003  2.480744990783712E-003
  5.170272861446748E-003  2.505676762904316E-003
  5.222234967575027E-003  2.530859099555667E-003
  5.274719301551940E-003  2.556294518833030E-003
  5.327731111854623E-003  2.581985564135289E-003
  5.381275699708282E-003  2.607934804419139E-003
  5.435358419616323E-003  2.634144834455837E-003
  5.489984679895806E-003  2.660618275090519E-003
  5.545159943218281E-003  2.687357773504131E-003
  5.600889727156061E-003  2.714366003477976E-003
  5.657179604733979E-003  2.741645665660927E-003
  5.714035204986703E-003  2.769199487839313E-003
  5.771462213521638E-003  2.797030225209525E-003
  5.829466373087492E-003  2.825140660653341E-003
  5.888053484148560E-003  2.853533605016032E-003
  5.947229405464770E-003  2.882211897387240E-003
  6.007000054677568E-003  2.911178405384689E-003
  6.067371408901684E-003  2.940436025440740E-003
  6.128349505322849E-003  2.969987683091810E-003
  6.189940441801521E-003  2.999836333270711E-003
  6.252150377482675E-003  3.029984960601910E-003
  6.314985533411720E-003  3.060436579699758E-003
  6.378452193156611E-003  3.091194235469700E-003
  6.442556703436212E-003  3.122261003412527E-003
  6.507305474754973E-003  3.153639989931655E-003
  6.572704982043981E-003  3.185334332643507E-003
  6.638761765308467E-003  3.217347200690994E-003
  6.705482430281803E-003  3.249681795060152E-003
  6.772873649086087E-003  3.282341348899942E-003
  6.840942160899361E-003  3.315329127845267E-003
  6.909694772629528E-003  3.348648430343228E-003
  6.979138359595057E-003  3.382302587982645E-003
  7.049279866212513E-003  3.416294965826884E-003
  7.120126306691010E-003  3.450628962750033E-003
  7.191684765733635E-003  3.485308011776430E-003
  7.263962399245923E-003  3.520335580423610E-003
  7.336966435051459E-003  3.555715171048683E-003
  7.410704173614658E-003  3.591450321198185E-003
  7.485182988770826E-003  3.627544603961445E-003
  7.560410328463545E-003  3.664001628327475E-003
  7.636393715489472E-003  3.700825039545459E-003
  7.713140748250632E-003  3.738018519488845E-003
  7.790659101514255E-003  3.775585787023083E-003
  7.868956527180266E-003  3.813530598377054E-003
  7.948040855056482E-003  3.851856747518218E-003
  8.027919993641592E-003  3.890568066531530E-003
  8.108601930916023E-003  3.929668426002135E-003
  8.190094735140737E-003  3.969161735401920E-003
  8.272406555664065E-003  4.009051943479916E-003
  8.355545623736655E-003  4.049343038656636E-003
  8.439520253334597E-003  4.090039049422337E-003
  8.524338841990829E-003  4.131144044739293E-003
  8.610009871634900E-003  4.172662134448089E-003
  8.696541909441165E-003  4.214597469677977E-003
  8.783943608685518E-003  4.256954243261360E-003
  8.872223709610716E-003  4.299736690152411E-003
  8.961391040300420E-003  4.342949087849885E-003
  9.051454517562004E-003  4.386595756824181E-003
  9.142423147818249E-003  4.430681060948653E-003
  9.234306028007988E-003  4.475209407935265E-003
  9.327112346495808E-003  4.520185249774592E-003
  9.420851383990897E-003  4.565613083180228E-003
  9.515532514475121E-003  4.611497450037650E-003
  9.611165206140429E-003  4.657842937857561E-003
  9.707759022335682E-003  4.704654180233781E-003
  9.805323622522994E-003  4.751935857305715E-003
  9.903868763243690E-003  4.799692696225447E-003
  1.000340429909396E-002  4.847929471629518E-003
  1.010394018371034E-002  4.896651006115404E-003
  1.020548647076507E-002  4.945862170722778E-003
  1.030805331497147E-002  4.995567885419579E-003
  1.041165097309945E-002  5.045773119592940E-003
  1.051628980500114E-002  5.096482892545029E-003
  1.062198027464693E-002  5.147702273993846E-003
  1.072873295117187E-002  5.199436384579028E-003
  1.083655850993256E-002  5.251690396372711E-003
  1.094546773357475E-002  5.304469533395494E-003
  1.105547151311154E-002  5.357779072137569E-003
  1.116658084901257E-002  5.411624342085052E-003
  1.127880685230402E-002  5.466010726251570E-003
  1.139216074567974E-002  5.520943661715173E-003
  1.150665386462352E-002  5.576428640160592E-003
  1.162229765854267E-002  5.632471208426928E-003
  1.173910369191296E-002  5.689076969060813E-003
  1.185708364543506E-002  5.746251580875068E-003
  1.197624931720263E-002  5.804000759512985E-003
  1.209661262388217E-002  5.862330278018196E-003
  1.221818560190464E-002  5.921245967410263E-003
  1.234098040866916E-002  5.980753717265999E-003
  1.246500932375873E-002  6.040859476306597E-003
  1.259028475016822E-002  6.101569252990604E-003
  1.271681921554466E-002  6.162889116112833E-003
  1.284462537344004E-002  6.224825195409234E-003
  1.297371600457665E-002  6.287383682167793E-003
  1.310410401812519E-002  6.350570829845545E-003
  1.323580245299567E-002  6.414392954691717E-003
  1.336882447914131E-002  6.478856436377091E-003
  1.350318339887560E-002  6.543967718629648E-003
  1.363889264820246E-002  6.609733309876530E-003
  1.377596579815993E-002  6.676159783892419E-003
  1.391441655617722E-002  6.743253780454356E-003
  1.405425876744551E-002  6.811022006003095E-003
  1.419550641630247E-002  6.879471234311041E-003
  1.433817362763069E-002  6.948608307156831E-003
  1.448227466827019E-002  7.018440135006644E-003
  1.462782394844512E-002  7.088973697702275E-003
  1.477483602320478E-002  7.160216045156081E-003
  1.492332559387917E-002  7.232174298052806E-003
  1.507330750954910E-002  7.304855648558424E-003
  1.522479676853111E-002  7.378267361036007E-003
  1.537780851987735E-002  7.452416772768715E-003
  1.553235806489046E-002  7.527311294689984E-003
  1.568846085865373E-002  7.602958412120958E-003
  1.584613251157663E-002  7.679365685515254E-003
  1.600538879095584E-002  7.756540751211125E-003
  1.616624562255202E-002  7.834491322191092E-003
  1.632871909218236E-002  7.913225188849123E-003
  1.649282544732924E-002  7.992750219765418E-003
  1.665858109876491E-002  8.073074362488898E-003
  1.682600262219266E-002  8.154205644327431E-003
  1.699510675990435E-002  8.236152173145937E-003
  1.716591042245466E-002  8.318922138172364E-003
  1.733843069035219E-002  8.402523810811684E-003
  1.751268481576749E-002  8.486965545467946E-003
  1.768869022425833E-002  8.572255780374467E-003
  1.786646451651221E-002  8.658403038432261E-003
  1.804602547010652E-002  8.745415928056759E-003
  1.822739104128624E-002  8.833303144032920E-003
  1.841057936675963E-002  8.922073468378779E-003
  1.859560876551190E-002  9.011735771217588E-003
  1.878249774063711E-002  9.102299011658521E-003
  1.897126498118852E-002  9.193772238686140E-003
  1.916192936404749E-002  9.286164592058610E-003
  1.935450995581120E-002  9.379485303214819E-003
  1.954902601469929E-002  9.473743696190444E-003
  1.974549699247977E-002  9.568949188543049E-003
  1.994394253641412E-002  9.665111292286340E-003
  2.014438249122213E-002  9.762239614833605E-003
  2.034683690106630E-002  9.860343859950490E-003
  2.055132601155633E-002  9.959433828717151E-003
  2.075787027177368E-002  1.005951942049987E-002
  2.096649033631649E-002  1.016061063393229E-002
  2.117720706736506E-002  1.026271756790623E-002
  2.139004153676810E-002  1.036585042257237E-002
  2.160501502814991E-002  1.047001950035064E-002
  2.182214903903878E-002  1.057523520695068E-002
  2.204146528301673E-002  1.068150805240220E-002
  2.226298569189094E-002  1.078884865209559E-002
  2.248673241788688E-002  1.089726772783263E-002
  2.271272783586362E-002  1.100677610888761E-002
  2.294099454555128E-002  1.111738473307879E-002
  2.317155537381105E-002  1.122910464785042E-002
  2.340443337691791E-002  1.134194701136529E-002
  2.363965184286621E-002  1.145592309360808E-002
  2.387723429369857E-002  1.157104427749943E-002
  2.411720448785807E-002  1.168732206002095E-002
  2.435958642256409E-002  1.180476805335119E-002
  2.460440433621209E-002  1.192339398601280E-002
  2.485168271079745E-002  1.204321170403080E-002
  2.510144627436369E-002  1.216423317210218E-002
  2.535372000347531E-002  1.228647047477698E-002
  2.560852912571544E-002  1.240993581765077E-002
  2.586589912220866E-002  1.253464152856885E-002
  2.612585573016910E-002  1.266060005884212E-002
  2.638842494547416E-002  1.278782398447480E-002
  2.665363302526420E-002  1.291632600740408E-002
  2.692150649056821E-002  1.304611895675185E-002
  2.719207212895593E-002  1.317721579008853E-002
  2.746535699721668E-002  1.330962959470918E-002
  2.774138842406503E-002  1.344337358892206E-002
  2.802019401287368E-002  1.357846112334953E-002
  2.830180164443387E-002  1.371490568224172E-002
  2.858623947974340E-002  1.385272088480272E-002
  2.887353596282286E-002  1.399192048652978E-002
  2.916371982355996E-002  1.413251838056527E-002
  2.945682008058260E-002  1.427452859906187E-002
  2.975286604416073E-002  1.441796531456072E-002
  3.005188731913742E-002  1.456284284138302E-002
  3.035391380788934E-002  1.470917563703498E-002
  3.065897571331706E-002  1.485697830362616E-002
  3.096710354186534E-002  1.500626558930167E-002
  3.127832810657381E-002  1.515705238968788E-002
  3.159268053015830E-002  1.530935374935215E-002
  3.191019224812314E-002  1.546318486327651E-002
  3.223089501190469E-002  1.561856107834538E-002
  3.255482089204662E-002  1.577549789484761E-002
  3.288200228140684E-002  1.593401096799277E-002
  3.321247189839698E-002  1.609411610944204E-002
  3.354626279025410E-002  1.625582928885351E-002
  3.388340833634556E-002  1.641916663544232E-002
  3.422394225150692E-002  1.658414443955560E-002
  3.456789858941348E-002  1.675077915426239E-002
  3.491531174598565E-002  1.691908739695855E-002
  3.526621646282862E-002  1.708908595098699E-002
  3.562064783070648E-002  1.726079176727317E-002
  3.597864129305139E-002  1.743422196597606E-002
  3.634023264950790E-002  1.760939383815466E-002
  3.670545805951299E-002  1.778632484745027E-002
  3.707435404591201E-002  1.796503263178460E-002
  3.744695749861103E-002  1.814553500507373E-002
  3.782330567826581E-002  1.832784995895831E-002
  3.820343622000794E-002  1.851199566454985E-002
  3.858738713720837E-002  1.869799047419343E-002
  3.897519682527879E-002  1.888585292324678E-002
  3.936690406551117E-002  1.907560173187610E-002
  3.976254802895596E-002  1.926725580686842E-002
  4.016216828033922E-002  1.946083424346099E-002
  4.056580478201910E-002  1.965635632718751E-002
  4.097349789798213E-002  1.985384153574152E-002
  4.138528839787965E-002  2.005330954085705E-002
  4.180121746110482E-002  2.025478021020656E-002
  4.222132668091057E-002  2.045827360931643E-002
  4.264565806856896E-002  2.066381000350004E-002
  4.307425405757237E-002  2.087140985980860E-002
  4.350715750787687E-002  2.108109384899981E-002
  4.394441171018824E-002  2.129288284752460E-002
  4.438606039029110E-002  2.150679793953192E-002
  4.483214771342150E-002  2.172286041889180E-002
  4.528271828868348E-002  2.194109179123679E-002
  4.573781717351005E-002  2.216151377602190E-002
  4.619748987816896E-002  2.238414830860318E-002
  4.666178237031371E-002  2.260901754233500E-002
  4.713074107958044E-002  2.283614385068624E-002
  4.760441290223089E-002  2.306554982937549E-002
  4.808284520584203E-002  2.329725829852531E-002
  4.856608583404293E-002  2.353129230483579E-002
  4.905418311129910E-002  2.376767512377741E-002
  4.954718584774503E-002  2.400643026180346E-002
  5.004514334406519E-002  2.424758145858191E-002
  5.054810539642417E-002  2.449115268924713E-002
  5.105612230144637E-002  2.473716816667141E-002
  5.156924486124562E-002  2.498565234375633E-002
  5.208752438850550E-002  2.523662991574428E-002
  5.261101271161066E-002  2.549012582255013E-002
  5.313976217982963E-002  2.574616525111311E-002
  5.367382566854987E-002  2.600477363776915E-002
  5.421325658456530E-002  2.626597667064365E-002
  5.475810887141705E-002  2.652980029206487E-002
  5.530843701478785E-002  2.679627070099798E-002
  5.586429604795065E-002  2.706541435550000E-002
  5.642574155727198E-002  2.733725797519546E-002
  5.699282968777064E-002  2.761182854377319E-002
  5.756561714873226E-002  2.788915331150416E-002
  5.814416121938026E-002  2.816925979778041E-002
  5.872851975460383E-002  2.845217579367535E-002
  5.931875119074346E-002  2.873792936452529E-002
  5.991491455143462E-002  2.902654885253246E-002
  6.051706945351018E-002  2.931806287938951E-002
  6.112527611296215E-002  2.961250034892559E-002
  6.173959535096332E-002  2.990989044977398E-002
  6.236008859994942E-002  3.021026265806166E-002
  6.298681790976243E-002  3.051364674012036E-002
  6.361984595385561E-002  3.082007275521965E-002
  6.425923603556088E-002  3.112957105832187E-002
  6.490505209441925E-002  3.144217230285896E-002
  6.555735871257479E-002  3.175790744353127E-002
  6.621622112123289E-002  3.207680773912850E-002
  6.688170520718349E-002  3.239890475537256E-002
  6.755387751938975E-002  3.272423036778258E-002
  6.823280527564303E-002  3.305281676456213E-002
  6.891855636928473E-002  3.338469644950835E-002
  6.961119937599569E-002  3.371990224494357E-002
  7.031080356065378E-002  3.405846729466869E-002
  7.101743888426046E-002  3.440042506693906E-002
  7.173117601093697E-002  3.474580935746236E-002
  7.245208631499074E-002  3.509465429241856E-002
  7.318024188805296E-002  3.544699433150223E-002
  7.391571554628772E-002  3.580286427098667E-002
  7.465858083767374E-002  3.616229924681027E-002
  7.540891204935922E-002  3.652533473768491E-002
  7.616678421509060E-002  3.689200656822621E-002
  7.693227312271603E-002  3.726235091210572E-002
  7.770545532176416E-002  3.763640429522504E-002
  7.848640813109924E-002  3.801420359891158E-002
  7.927520964665298E-002  3.839578606313604E-002
  8.007193874923428E-002  3.878118928975144E-002
  8.087667511241735E-002  3.917045124575370E-002
  8.168949921050911E-002  3.956361026656340E-002
  8.251049232659673E-002  3.996070505932887E-002
  8.333973656067598E-002  4.036177470625035E-002
  8.417731483786131E-002  4.076685866792493E-002
  8.502331091667843E-002  4.117599678671242E-002
  8.587780939744021E-002  4.158922929012163E-002
  8.674089573070681E-002  4.200659679421710E-002
  8.761265622583081E-002  4.242814030704589E-002
  8.849317805958817E-002  4.285390123208444E-002
  8.938254928489606E-002  4.328392137170504E-002
  9.028085883961814E-002  4.371824293066173E-002
  9.118819655545848E-002  4.415690851959535E-002
  9.210465316694479E-002  4.459996115855762E-002
  9.303032032050192E-002  4.504744428055358E-002
  9.396529058361662E-002  4.549940173510246E-002
  9.490965745409435E-002  4.595587779181637E-002
  9.586351536940915E-002  4.641691714399659E-002
  9.682695971614742E-002  4.688256491224699E-002
  9.780008683954670E-002  4.735286664810428E-002
  9.878299405313028E-002  4.782786833768453E-002
  9.977577964843860E-002  4.830761640534569E-002
  0.100778542904859       4.879215771736548E-002
  0.101791384099551       4.928153958563428E-002
  0.102814404517481       4.977580977136242E-002
  0.103847706461540       5.027501648880135E-002
  0.104891393262787       5.077920840897816E-002
  0.105945569290769       5.128843466344293E-002
  0.107010339963968       5.180274484802799E-002
  0.108085811760340       5.232218902661886E-002
  0.109172092227959       5.284681773493587E-002
  0.110269289995778       5.337668198432584E-002
  0.111377514784488       5.391183326556319E-002
  0.112496877417492       5.445232355265951E-002
  0.113627489831985       5.499820530668106E-002
  0.114769465090151       5.554953147957293E-002
  0.115922917390468       5.610635551798950E-002
  0.117087962079126       5.666873136712981E-002
  0.118264715661566       5.723671347457734E-002
  0.119453295814126       5.781035679414269E-002
  0.120653821395813       5.838971678970864E-002
  0.121866412460184       5.897484943907610E-002
  0.123091190267357       5.956581123781018E-002
  0.124328277296133       6.016265920308490E-002
  0.125577797256246       6.076545087752552E-002
  0.126839875100733       6.137424433304721E-002
  0.128114637038430       6.198909817468878E-002
  0.129402210546594       6.261007154443977E-002
  0.130702724383648       6.323722412506025E-002
  0.132016308602060       6.387061614389090E-002
  0.133343094561345       6.451030837665270E-002
  0.134683214941207       6.515636215123405E-002
  0.136036803754799       6.580883935146406E-002
  0.137403996362131       6.646780242087003E-002
  0.138784929483603       6.713331436641769E-002
  0.140179741213677       6.780543876223183E-002
  0.141588571034690       6.848423975329623E-002
  0.143011559830797       6.916978205912998E-002
  0.144448849902064       6.986213097743889E-002
  0.145900584978696       7.056135238773961E-002
  0.147366910235410       7.126751275495406E-002
  0.148847972305953       7.198067913297247E-002
  0.150343919297768       7.270091916818190E-002
  0.151854900806799       7.342830110295859E-002
  0.153381067932457       7.416289377912104E-002
  0.154922573292726       7.490476664134148E-002
  0.156479571039428       7.565398974051313E-002
  0.158052216873633       7.641063373706999E-002
  0.159640668061236       7.717476990425699E-002
  0.161245083448679       7.794647013134670E-002
  0.162865623478839       7.872580692680031E-002
  0.164502450207069       7.951285342136892E-002
  0.166155727317405       8.030768337113245E-002
  0.167825620138936       8.111037116047237E-002
  0.169512295662337       8.192099180497489E-002
  0.171215922556564       8.273962095426073E-002
  0.172936671185727       8.356633489473815E-002
  0.174674713626124       8.440121055227473E-002
  0.176430223683446       8.524432549478429E-002
  0.178203376910161       8.609575793472468E-002
  0.179994350623071       8.695558673150194E-002
  0.181803323921040       8.782389139377665E-002
  0.183630477702903       8.870075208166775E-002
  0.185475994685563       8.958624960884880E-002
  0.187340059422255       9.048046544453248E-002
  0.189222858321007       9.138348171533728E-002
  0.191124579663277       9.229538120703205E-002
  0.193045413622784       9.321624736615237E-002
  0.194985552284525       9.414616430148359E-002
  0.196945189663983       9.508521678540431E-002
  0.198924521726530       9.603349025508488E-002
  0.200923746407019       9.699107081353439E-002
  0.202943063629587       9.795804523048983E-002
  0.204982675327637       9.893450094314109E-002
  0.207042785464040       9.992052605668497E-002
  0.209123600051525       0.100916209344701     
  0.211225327173285       0.101921640249342     
  0.213348177003785       0.102936908881334     
  0.215492361829776       0.103962106019770     
  0.217658096071527       0.104997323111704     
  0.219845596304268       0.106042652271523     
  0.222055081279844       0.107098186280095     
  0.224286771948595       0.108164018583683     
  0.226540891481447       0.109240243292625     
  0.228817665292232       0.110326955179745     
  0.231117321060228       0.111424249678523     
  0.233440088752929       0.112532222880982     
  0.235786200649039       0.113650971535294     
  0.238155891361703       0.114780593043102     
  0.240549397861967       0.115921185456535     
  0.242966959502475       0.117072847474909     
  0.245408818041408       0.118235678441109     
  0.247875217666652       0.119409778337628     
  0.250366405020226       0.120595247782265     
  0.252882629222942       0.121792188023454     
  0.255424141899316       0.123000700935229     
  0.257991197202735       0.124220889011795     
  0.260584051840867       0.125452855361701     
  0.263202965101337       0.126696703701600     
  0.265848198877654       0.127952538349579     
  0.268520017695399       0.129220464218044     
  0.271218688738682       0.130500586806152     
  0.273944481876854       0.131793012191759     
  0.276697669691503       0.133097847022890     
  0.279478527503702       0.134415198508685     
  0.282287333401552       0.135745174409839     
  0.285124368267981       0.137087883028482     
  0.287989915808842       0.138443433197510     
  0.290884262581277       0.139811934269330     
  0.293807698022374       0.141193496104014     
  0.296760514478113       0.142588229056822     
  0.299743007232602       0.143996243965100     
  0.302755474537600       0.145417652134505     
  0.305798217642350       0.146852565324557     
  0.308871540823696       0.148301095733484     
  0.311975751416519       0.149763355982337     
  0.315111159844464       0.151239459098363     
  0.318278079650987       0.152729518497587     
  0.321476827530707       0.154233647966616     
  0.324707723361079       0.155751961643596     
  0.327971090234378       0.157284573998332     
  0.331267254490010       0.158831599811521     
  0.334596545747148       0.160393154153081     
  0.337959296937692       0.161969352359543     
  0.341355844339564       0.163560310010478     
  0.344786527610334       0.165166142903931     
  0.348251689821188       0.166786967030820     
  0.351751677491235       0.168422898548285     
  0.355286840622158       0.170074053751942     
  0.358857532733217       0.171740549047007     
  0.362464110896598       0.173422500918265     
  0.366106935773123       0.175120025898837     
  0.369786371648316       0.176833240537719     
  0.373502786468830       0.178562261366047     
  0.377256551879244       0.180307204862048     
  0.381048043259227       0.182068187414647     
  0.384877639761078       0.183845325285681     
  0.388745724347637       0.185638734570678     
  0.392652683830586       0.187448531158158     
  0.396598908909131       0.189274830687418     
  0.400584794209066       0.191117748504746     
  0.404610738322244       0.192977399618017     
  0.408677143846431       0.194853898649642     
  0.412784417425568       0.196747359787786     
  0.416932969790436       0.198657896735836     
  0.421123215799729       0.200585622660051     
  0.425355574481538       0.202530650135344     
  0.429630469075260       0.204493091089138     
  0.433948327073916       0.206473056743246     
  0.438309580266904       0.208470657553712     
  0.442714664783177       0.210486003148551     
  0.447164021134860       0.212519202263335     
  0.451658094261293       0.214570362674556     
  0.456197333573536       0.216639591130702     
  0.460782192999302       0.218726993280985     
  0.465413131028355       0.220832673601642     
  0.470090610758355       0.222956735319757     
  0.474815099941175       0.225099280334513     
  0.479587071029670       0.227260409135819     
  0.484407001224925       0.229440220720221     
  0.489275372523976       0.231638812504028     
  0.494192671768011       0.233856280233585     
  0.499159390691051       0.236092717892579     
  0.504176025969127       0.238348217606339     
  0.509243079269949       0.240622869543005     
  0.514361057303068       0.242916761811507     
  0.519530471870553       0.245229980356247     
  0.524751839918169       0.247562608848405     
  0.530025683587071       0.249914728573762     
  0.535352530266021       0.252286418316958     
  0.540732912644127       0.254677754242073     
  0.546167368764109       0.257088809769445     
  0.551656442076109       0.259519655448605     
  0.557200681492031       0.261970358827233     
  0.562800641440438       0.264440984316030     
  0.568456881921992       0.266931593049386     
  0.574169968565453       0.269442242741737     
  0.579940472684247       0.271972987539494     
  0.585768971333595       0.274523877868422     
  0.591656047368219       0.277094960276352     
  0.597602289500628       0.279686277271105     
  0.603608292359990       0.282297867153491     
  0.609674656551598       0.284929763845263     
  0.615801988716924       0.287581996711898     
  0.621990901594292       0.290254590380057     
  0.628242014080147       0.292947564549597     
  0.634555951290946       0.295660933800001     
  0.640933344625674       0.298394707391067     
  0.647374831828976       0.301148889057728     
  0.653881057054943       0.303923476798854     
  0.660452670931517       0.306718462659877     
  0.667090330625564       0.309533832509098     
  0.673794699908584       0.312369565807526     
  0.680566449223092       0.315225635372081     
  0.687406255749663       0.318102007132021     
  0.694314803474649       0.320998639878423     
  0.701292783258581       0.323915485006572     
  0.708340892905250       0.326852486251084     
  0.715459837231497       0.329809579413619     
  0.722650328137685       0.332786692083018     
  0.729913084678898       0.335783743347703     
  0.737248833136841       0.338800643500191     
  0.744658307092474       0.341837293733553     
  0.752142247499367       0.344893585829690     
  0.759701402757797       0.347969401839239     
  0.767336528789590       0.351064613753010     
  0.775048389113711       0.354179083164767     
  0.782837754922619       0.357312660925258     
  0.790705405159386       0.360465186787348     
  0.798652126595593       0.363636489042135     
  0.806678713910004       0.366826384145967     
  0.814785969768042       0.370034676338224     
  0.822974704902046       0.373261157249837     
  0.831245738192356       0.376505605502439     
  0.839599896749192       0.379767786298122     
  0.848038015995371       0.383047450999774     
  0.856560939749851       0.386344336701997     
  0.865169520312109       0.389658165792634     
  0.873864618547375       0.392988645504972     
  0.882647103972719       0.396335467460689     
  0.891517854844001       0.399698307203728     
  0.900477758243703       0.403076823725209     
  0.909527710169629       0.406470658979667     
  0.918668615624514       0.409879437392854     
  0.927901388706522       0.413302765361458     
  0.937226952700654       0.416740230745141     
  0.946646240171081       0.420191402351379     
  0.956160193054400       0.423655829413659     
  0.965769762753827       0.427133041063664     
  0.975475910234340       0.430622545798242     
  0.985279606118776       0.434123830941925     
  0.995181830784893       0.437636362106062     
   1.00518357446341       0.441159582645591     
   1.01528583733703       0.444692913114679     
   1.02548962964045       0.448235750722698     
   1.03579597176142       0.451787468791957     
   1.04620589434273       0.455347416219031     
   1.05672043838532       0.458914916941481     
   1.06734065535235       0.462489269412186     
   1.07806760727436       0.466069746083542     
   1.08890236685550       0.469655592904091     
   1.09984601758074       0.473246028830445     
   1.11089965382429       0.476840245357476     
   1.12206438095896       0.480437406070195     
   1.13334131546680       0.484036646220916     
   1.14473158505063       0.487637072335596     
   1.15623632874691       0.491237761853636     
   1.16785669703960       0.494837762805694     
   1.17959385197521       0.498436093534312     
   1.19144896727902       0.502031742462691     
   1.20342322847244       0.505623667917017     
   1.21551783299155       0.509210798008274     
   1.22773399030690       0.512792030579656     
   1.24007292204440       0.516366233226081     
   1.25253586210750       0.519932243392420     
   1.26512405680059       0.523488868557461     
   1.27783876495364       0.527034886510685     
   1.29068125804805       0.530569045729023     
   1.30365282034384       0.534090065860867     
   1.31675474900804       0.537596638324550     
   1.32998835424444       0.541087427028149     
   1.34335495942459       0.544561069217410     
   1.35685590122016       0.548016176457851     
   1.37049252973656       0.551451335756537     
   1.38426620864802       0.554865110828060     
   1.39817831533390       0.558256043508074     
   1.41223024101646       0.561622655316131     
   1.42642339089999       0.564963449167949     
   1.44075918431130       0.568276911234663     
   1.45523905484168       0.571561512944201     
   1.46986445049025       0.574815713116528     
   1.48463683380875       0.578037960220839     
   1.49955768204784       0.581226694738323     
   1.51462848730477       0.584380351609138     
   1.52985075667262       0.587497362736484     
   1.54522601239102       0.590576159513820     
   1.56075579199835       0.593615175334414     
   1.57644164848552       0.596612848033551     
   1.59228515045124       0.599567622204981     
   1.60828788225892       0.602477951322986     
   1.62445144419506       0.605342299590468     
   1.64077745262934       0.608159143421690     
   1.65726754017620       0.610926972455777     
   1.67392335585814       0.613644289983793     
   1.69074656527060       0.616309612658616     
   1.70773885074856       0.618921469342849     
   1.72490191153470       0.621478398936407     
   1.74223746394943       0.623978947012066     
   1.75974724156242       0.626421661075310     
   1.77743299536602       0.628805084254262     
   1.79529649395037       0.631127747218131     
   1.81333952368019       0.633388158118127     
   1.83156388887350       0.635584790345695     
   1.84997141198201       0.637716067909761     
   1.86856393377336       0.639780348249323     
   1.88734331351523       0.641775902322056     
   1.90631142916125       0.643700891845785     
   1.92547017753878       0.645553343619690     
   1.94482147453862       0.647331120919061     
   1.96436725530661       0.649031892043371     
   1.98410947443711       0.650653096205696     
   2.00405010616849       0.652191907084645     
   2.02419114458053       0.653645194520577     
   2.04453460379385       0.655009485028548     
   2.06508251817134       0.656280922022512     
   2.08583694252156       0.657455226899728     
   2.10679995230423       0.658527662420200     
   2.12797364383781       0.659493000130637     
   2.14936013450908       0.660345493919853     
   2.17096156298495       0.661078862143803     
   2.19278008942625       0.661686281108683     
   2.21481789570382       0.662160393029007     
   2.23707718561665       0.662493331855449     
   2.25956018511228       0.662676770554890     
   2.28226914250939       0.662701993470729     
   2.30520632872265       0.662559997227076     
   2.32837403748980       0.662241623179261     
   2.35177458560101       0.661737723545182     
   2.37541031313060       0.661039361940477     
   2.39928358367102       0.660138046915778     
   2.42339678456921       0.659025994050290     
   2.44775232716537       0.657696407943027     
   2.47235264703404       0.656143769763820     
   2.49720020422772       0.654364108529549     
   2.52229748352282       0.652355224547511     
   2.54764699466820       0.650116821046292     
   2.57325127263610       0.647650484360911     
   2.59911287787564       0.644959433557614     
   2.62523439656890       0.642047936423455     
   2.65161844088952       0.638920588963462     
   2.67826764926392       0.635582317473055     
   2.70518468663515       0.632037812549287     
   2.73237224472936       0.628292012106763     
   2.75983304232504       0.624349956613315     
   2.78756982552481       0.620216746254856     
   2.81558536803012       0.615897556795102     
   2.84388247141856       0.611397636013706     
   2.87246396542406       0.606722298864864     
   2.90133270821982       0.601876922670775     
   2.93049158670419       0.596866942233686     
   2.95994351678932       0.591697844856538     
   2.98969144369275       0.586375165269212     
   3.01973834223197       0.580904480456660     
   3.05008721712187       0.575291404388641     
   3.08074110327523       0.569541582650079     
   3.11170306610621       0.563660686974963     
   3.14297620183689       0.557654409686340     
   3.17456363780692       0.551528458049100     
   3.20646853278620       0.545288548542050     
   3.23869407729083       0.538940401060051     
   3.27124349390210       0.532489733057013     
   3.30412003758882       0.525942253644550     
   3.33732699603273       0.519303657661309     
   3.37086768995737       0.512579619731588     
   3.40474547346006       0.505775788331986     
   3.43896373434740       0.498897779888011     
   3.47352589447398       0.491951172907478     
   3.50843541008463       0.484941502247324     
   3.54369577215999       0.477874253395322     
   3.57931050676566       0.470754856931324     
   3.61528317540477       0.463588683123753     
   3.65161737537417       0.456381036699921     
   3.68831674012413       0.449137151813216     
   3.72538493962172       0.441862187230774     
   3.76282568071776       0.434561221762389     
   3.80064270751757       0.427239249951306     
   3.83883980175534       0.419901178044114     
   3.87742078317234       0.412551820256256     
   3.91638950989885       0.405195895345797     
   3.95574987884001       0.397838023506936     
   3.99550582606553       0.390482723590575     
   4.03566132720326       0.383134410657794     
   4.07622039783677       0.375797393867857     
   4.11718709390692       0.368475874700574     
   4.15856551211746       0.361173945508788     
   4.20035979034470       0.353895588395484     
   4.24257410805129       0.346644674404350     
   4.28521268670417       0.339424963013528     
   4.32827979019674       0.332240101919431     
   4.37177972527525       0.325093627085528     
   4.41571684196944       0.317988963050245     
   4.46009553402761       0.310929423461752     
   4.50492023935594       0.303918211820457     
   4.55019544046231       0.296958422409656     
   4.59592566490458       0.290053041379597     
   4.64211548574328       0.283204947966783     
   4.68876952199901       0.276416915818655     
   4.73589243911425       0.269691614397721     
   4.78348894942000       0.263031610437889     
   4.83156381260694       0.256439369427534     
   4.88012183620146       0.249917257093457     
   4.92916787604638       0.243467540862450     
   4.97870683678656       0.237092391277417     
   5.02874367235935       0.230793883348135     
   5.07928338649002       0.224573997818122     
   5.13033103319208       0.218434622331968     
   5.18189171727275       0.212377552489987     
   5.23397059484341       0.206404492780625     
   5.28657287383521       0.200517057382914     
   5.33970381451988       0.194716770836277     
   5.39336873003577       0.189005068576279     
   5.44757298691916       0.183383297339870     
   5.50232200564090       0.177852715445412     
   5.55762126114848       0.172414492957042     
   5.61347628341355       0.167069711744463     
   5.66989265798487       0.161819365453165     
   5.72687602654691       0.156664359400701     
   5.78443208748403       0.151605510418016     
   5.84256659645026       0.146643546656207     
   5.90128536694497       0.141779107376841     
   5.96059427089412       0.137012742751825     
   6.02049923923754       0.132344913690890     
   6.08100626252198       0.127775991719444     
   6.14212139150020       0.123306258929453     
   6.20385073773602       0.118935908020139     
   6.26620047421550       0.114665042450286     
   6.32917683596426       0.110493676717971     
   6.39278612067095       0.106421736783847     
   6.45703468931704       0.102449060650904     
   6.52192896681295       9.857539911261347E-002
   6.58747544264049       9.480041667799491E-002
   6.65368067150188       9.112369268099131E-002
   6.72055127397517       8.754472257811162E-002
   6.78809393717634       8.406291943714252E-002
   6.85631541542799       8.067761561645653E-002
   6.92522253093480       7.738806463340561E-002
   6.99482217446574       7.419344321728680E-002
   7.06512130604316       7.109285354156342E-002
   7.13612695563881       6.808532562737288E-002
   7.20784622387682       6.516981990985178E-002
   7.28028628274377       6.234522995655215E-002
   7.35345437630592       5.961038532705180E-002
   7.42735782143360       5.696405456101588E-002
   7.50200400853291       5.440494828212187E-002
   7.57740040228476       5.193172240381044E-002
   7.65355454239136       4.954298142328510E-002
   7.73047404433019       4.723728178909362E-002
   7.80816660011553       4.501313532835320E-002
   7.88663997906771       4.286901271890770E-002
   7.96590202859002       4.080334699265255E-002
   8.04596067495346       3.881453705576066E-002
   8.12682392408939       3.690095121265395E-002
   8.20849986239010       3.506093068028727E-002
   8.29099665751749       3.329279308053600E-002
   8.37432255921982       3.159483589837799E-002
   8.45848590015670       2.996533989485421E-002
   8.54349509673235       2.840257246382361E-002
   8.62935864993728       2.690479092285376E-002
   8.71608514619836       2.547024572871209E-002
   8.80368325823749       2.409718360924798E-002
   8.89216174593887       2.278385060363977E-002
   8.98152945722500       2.152849500427825E-002
   9.07179532894149       2.032937019377638E-002
   9.16296838775072       1.918473737184230E-002
   9.25505775103457       1.809286816698667E-002
   9.34807262780609       1.705204712921344E-002
   9.44202231963048       1.606057410007878E-002
   9.53691622155521       1.511676645760019E-002
   9.63276382304955       1.421896123372081E-002
   9.72957470895352       1.336551710304603E-002
   9.82735856043640       1.255481624176792E-002
   9.92612515596481       1.178526605661756E-002
   10.0258843722806       1.105530078385215E-002
   10.1266461853886       1.036338295911897E-002
   10.2284206715540       9.708004759170306E-003
   10.3312180083103       9.087689217148275E-003
   10.4350484754768       8.500991313254824E-003
   10.5399224561867       7.946498943277694E-003
   10.6458504379255       7.422833767503640E-003
   10.7528430135798       6.928651943118807E-003
   10.8609108824961       6.462644743221658E-003
   10.9700648515514       6.023539066059539E-003
   11.0803158362337       5.610097838091411E-003
   11.1916748617332       5.221120314886683E-003
   11.3041530640453       4.855442283829758E-003
   11.4177616910839       4.511936172933606E-003
   11.5325121038065       4.189511069996064E-003
   11.6484157773500       3.887112656598333E-003
   11.7654843021782       3.603723061348369E-003
   11.8837293852412       3.338360636975736E-003
   12.0031628511459       3.090079665763308E-003
   12.1237966433384       2.857969997948828E-003
   12.2456428252985       2.641156627586871E-003
   12.3687135817458       2.438799210458995E-003
   12.4930212198585       2.250091528458872E-003
   12.6185781705042       2.074260904932153E-003
   12.7453969894824       1.910567575274147E-003
   12.8734903587807       1.758304017102702E-003
   13.0028710878429       1.616794244134550E-003
   13.1335521148496       1.485393067874181E-003
   13.2655465080125       1.363485331026120E-003
   13.3988674668808       1.250485116493573E-003
   13.5335283236616       1.145834935622361E-003
   13.6695425445527       1.049004899277322E-003
   13.8069237310896       9.594918751311594E-004
   13.9456856215054       8.768186344549169E-004
   14.0858420921048       8.005329914914747E-004
   14.2274071586517       7.302069383879881E-004
   14.3703949777706       6.654357784572879E-004
   14.5148198483627       6.058372604220731E-004
   14.6606962130353       5.510507160940752E-004
   14.8080386595466       5.007362038170810E-004
   14.9568619222638       4.545736598072964E-004
   15.1071808836374       4.122620593976295E-004
   15.2590105756887       3.735185900049283E-004
   15.4123661815135       3.380778375118090E-004
   15.5672630368000       3.056909875765495E-004
   15.7237166313631       2.761250432592013E-004
   15.8817426106924       2.491620601846820E-004
   16.0413567775176       2.245984003425586E-004
   16.2025750933884       2.022440054677068E-004
   16.3654136802707       1.819216908311326E-004
   16.5298888221590       1.634664601274613E-004
   16.6960169667044       1.467248420380759E-004
   16.8638147268599       1.315542489189320E-004
   17.0332988825413       1.178223579728629E-004
   17.2044863823054       1.054065151143166E-004
   17.3773943450448       9.419316171588344E-005
   17.5520400617000       8.407728425343088E-005
   17.7284409969881       7.496188681769678E-005
   17.9066147911497       6.675748638583368E-005
   18.0865792617125       5.938163063158234E-005
   18.2683524052738       5.275843802961768E-005
   18.4519523992993       4.681815993140259E-005
   18.6373976039413       4.149676422724459E-005
   18.8247065638750       3.673554016417070E-005
   19.0138980101524       3.248072383598971E-005
   19.2049908620758       2.868314382857313E-005
   19.3980042290895       2.529788646327396E-005
   19.5929574126913       2.228398005371508E-005
   19.7898699083618       1.960409756510237E-005
   19.9887614075148       1.722427704454757E-005
   20.1896517994659       1.511365917317260E-005
   20.3925611734217       1.324424128057478E-005
   20.5975098204887       1.159064715199215E-005
   20.8045182357024       1.012991195546579E-005
   21.0136071200768       8.841281613501413E-006
   21.2247973826747       7.706025946924324E-006
   21.4381101426982       6.707264922206297E-006
   21.6535667316011       5.829807342028955E-006
   21.8711886952218       5.060001327761478E-006
   22.0909977959382       4.385595955380986E-006
   22.3130160148434       3.795613419587902E-006
   22.5372655539442       3.280231117183177E-006
   22.7637688383816       2.830673057347483E-006
   22.9925485186728       2.439110025384947E-006
   23.2236274729763       2.098567945526371E-006
   23.4570288093801       1.802843909123546E-006
   23.6927758682126       1.546429355248151E-006
   23.9308922243758       1.324439912541239E-006
   24.1714016897040       1.132551432770157E-006
   24.4143283153441       9.669417688433927E-007
   24.6596963941610       8.242378719471493E-007
   24.9075304631672       7.014678046759091E-007
   25.1578553059760       5.960172887148874E-007
   25.4106959552804       5.055904272989505E-007
   25.6660776953560       4.281742636961714E-007
   25.9240260645895       3.620068577209075E-007
   26.1845668580330       3.055485823004698E-007
   26.4477261299828       2.574563616830606E-007
   26.7135301965854       2.165605916331965E-007
   26.9820056384691       1.818445001275172E-007
   27.2531793034017       1.524257243842997E-007
   27.5270783089756       1.275398966978358E-007
   27.8037300453198       1.065260473238267E-007
   28.0831621778384       8.881364770239997E-008
   28.3654026499774       7.391113148835651E-008
   28.6504796860194       6.139574428700053E-008
   28.9384217939055       5.090458558933259E-008
   29.2292577680863       4.212671824787856E-008
   29.5230166924018       3.479623188797796E-008
   29.8197279429891       2.868615698155670E-008
   30.1194211912206       2.360313589970739E-008
   30.4221264066708       1.938276616997249E-008
   30.7278738601135       1.588553939013197E-008
   31.0366941265489       1.299330684849739E-008
   31.3486180882609       1.060620987949817E-008
   31.6636769379057       8.640019392827907E-009
   31.9819021816308       7.023834870921976E-009
   32.3033256422257       5.698098478161462E-009
   32.6279794623044       4.612884787077421E-009
   32.9558961075193       3.726431042535715E-009
   33.2871083698084       3.003876877938380E-009
   33.6216493706737       2.416186004225278E-009
   33.9595525644943       1.939225637032288E-009
   34.3008517418711       1.552982342076548E-009
   34.6455810330062       1.240895587178082E-009
   34.9937749111159       9.892926197576997E-010
   35.3454681958784       7.869103631653433E-010
   35.7006960569151       6.244918686027525E-010
   36.0594940173082       4.944464917010493E-010
   36.4218979571527       3.905644053744604E-010
   36.7879441171446       3.077773311201722E-010
   37.1576691022050       2.419584876607926E-010
   37.5311098851404       1.897557341060020E-010
   37.9083038103403       1.484527399258104E-010
   38.2892885975116       1.158537590635930E-010
   38.6741023454505       9.018823314814379E-011
   39.0627835358525       7.003200992913938E-011
   39.4553710371605       5.424244813656946E-011
   39.8519041084518       4.190509794628541E-011
   40.2524224033640       3.229000550476460E-011
   40.6569659740603       2.481599780612395E-011
   41.0655752752350       1.902156730779967E-011
   41.4782911681585       1.454119982091014E-011
   41.8951549247643       1.108617967616557E-011
   42.3162082317753       8.429067503864914E-012
   42.7414931948731       6.391182259709080E-012
   43.1710523429084       4.832533904953166E-012
   43.6049286321540       3.643749537072902E-012
   44.0431654506003       2.739616458047041E-012
   44.4858066222945       2.053933024935771E-012
   44.9328964117226       1.535414177473602E-012
   45.3844795282360       1.144445041975228E-012
   45.8406011305228       8.505144729134017E-013
   46.3013068311232       6.301921090750004E-013
   46.7666427009913       4.655385897040694E-013
   47.2366552741019       3.428599377330671E-013
   47.7113915521038       2.517345651680944E-013
   48.1908990090206       1.842555627023536E-013
   48.6752255959976       1.344424657479706E-013
   49.1644197460969       9.778601703460472E-014
   49.6585303791413       7.089696725527116E-014
   50.1576069066059       5.123600026204632E-014
   50.6616992365594       3.690671144992134E-014
   51.1708577786546       2.649743380744138E-014
   51.6851334491703       1.896078196974529E-014
   52.2045776761020       1.352222370623611E-014
   52.7292424043052       9.610915734576504E-015
   53.2591801006901       6.807558692566665E-015
   53.7944437594678       4.805217325716670E-015
   54.3350869074504       3.379983525986915E-015
   54.8811636094030       2.369085779520343E-015
   55.4327284734511       1.654612242245841E-015
   55.9898366565406       1.151450743140910E-015
   56.5525438699541       7.983851734107838E-016
   57.1209063848819       5.515458959980146E-016
   57.6949810380490       3.796093642886827E-016
   58.2748252373993       2.602927390872408E-016
   58.8604969678359       1.778036684473119E-016
   59.4520547970198       1.209919277268661E-016
   60.0495578812270       8.201483510219251E-017
   60.6530659712637       5.537732029466521E-017
   61.2626394184420       3.724414003916125E-017
   61.8783391806144       2.494900816163237E-017
   62.5002268282704       1.664564372350035E-017
   63.1283645506930       1.106069369509415E-017
   63.7628151621777       7.319491477465383E-018
   64.4036421083145       4.823678622416394E-018
   65.0509094723320       3.165604800973369E-018
   65.7046819815060       2.068700824235994E-018
   66.3650250136323       1.346117429098868E-018
   67.0320046035642       8.721554580422748E-019
   67.7056874498168       5.626156390257654E-019
   68.3861409212359       3.613413820578683E-019
   69.0734330637358       2.310428242868675E-019
   69.7676326071034       1.470675448629108E-019
   70.4688089718716       9.319042202470547E-020
   71.1770322762612       5.878088334508650E-020
   71.8923733431929       3.690553082041680E-020
   72.6149037073694       2.306307731810902E-020
   73.3446956224292       1.434475857025327E-020
   74.0818220681720       8.879713730093557E-021
   74.8263567578568       5.470333039081551E-021
   75.5783741455728       3.353642772426482E-021
   76.3379494336856       2.045912297449665E-021
   77.1051585803569       1.241947263705463E-021
   77.8800783071407       7.501425036518636E-022
   78.6627861066556       4.508034304898304E-022
   79.4533602503336       2.695327916161932E-022
   80.2518797962481       1.603226554438515E-022
   81.0584245970189       9.486692010729871E-023
   81.8730753077984       5.584044064408401E-023
   82.6959133943364       3.269447061536545E-023
   83.5270211411274       1.904006009554029E-023
   84.3664816596386       1.102827873383955E-023
   85.2143788966213       6.352859288998579E-024
   86.0707976425060       3.639395665734645E-024
   86.9358235398808       2.073309251248740E-024
   87.8095430920563       1.174491003649502E-024
   88.6920436717159       6.615488054677031E-025
   89.5834135296530       3.704898147046828E-025
   90.4837418035961       2.062852644453600E-025
   91.3931185271229       1.141859497891849E-025
   92.3116346386637       6.283260357853960E-026
   93.2393819905949       3.436832294819891E-026
   94.1764533584250       1.868541892477824E-026
   95.1229424500715       1.009767201859672E-026
   96.0789439152324       5.421902774715511E-027
   97.0445533548509       2.890919876251661E-027
   98.0198673306756       1.532864202824337E-027
   99.0049833749169       8.068195767849082E-028
   100.000000000000       4.235305524110046E-028
