  0.0000000000E+00  0.0000000000E+00
  3.0000000000E-04 -2.1663748228E-09
  1.2000000000E-03 -8.6623989910E-09
  2.7000000000E-03 -1.9478776234E-08
  4.8000000000E-03 -3.4600028193E-08
  7.5000000000E-03 -5.4004517530E-08
  1.0800000000E-02 -7.7664480235E-08
  1.4700000000E-02 -1.0554606707E-07
  1.9200000000E-02 -1.3760939408E-07
  2.4300000000E-02 -1.7380860212E-07
  3.0000000000E-02 -2.1409192528E-07
  3.6300000000E-02 -2.5840176803E-07
  4.3200000000E-02 -3.0667479116E-07
  5.0700000000E-02 -3.5884200615E-07
  5.8800000000E-02 -4.1482887791E-07
  6.7500000000E-02 -4.7455543585E-07
  7.6800000000E-02 -5.3793639282E-07
  8.6700000000E-02 -6.0488127206E-07
  9.7200000000E-02 -6.7529454167E-07
  1.0830000000E-01 -7.4907575661E-07
  1.2000000000E-01 -8.2611970779E-07
  1.3230000000E-01 -9.0631657828E-07
  1.4520000000E-01 -9.8955210610E-07
  1.5870000000E-01 -1.0757077535E-06
  1.7280000000E-01 -1.1646608827E-06
  1.8750000000E-01 -1.2562849367E-06
  2.0280000000E-01 -1.3504496271E-06
  2.1870000000E-01 -1.4470211260E-06
  2.3520000000E-01 -1.5458622633E-06
  2.5230000000E-01 -1.6468327292E-06
  2.7000000000E-01 -1.7497892804E-06
  2.8830000000E-01 -1.8545859509E-06
  3.0720000000E-01 -1.9610742659E-06
  3.2670000000E-01 -2.0691034598E-06
  3.4680000000E-01 -2.1785206973E-06
  3.6750000000E-01 -2.2891712960E-06
  3.8880000000E-01 -2.4008989531E-06
  4.1070000000E-01 -2.5135459726E-06
  4.3320000000E-01 -2.6269534951E-06
  4.5630000000E-01 -2.7409617286E-06
  4.8000000000E-01 -2.8554101801E-06
  5.0430000000E-01 -2.9701378878E-06
  5.2920000000E-01 -3.0849836537E-06
  5.5470000000E-01 -3.1997862759E-06
  5.8080000000E-01 -3.3143847804E-06
  6.0750000000E-01 -3.4286186522E-06
  6.3480000000E-01 -3.5423280647E-06
  6.6270000000E-01 -3.6553541082E-06
  6.9120000000E-01 -3.7675390161E-06
  7.2030000000E-01 -3.8787263883E-06
  7.5000000000E-01 -3.9887614134E-06
  7.8030000000E-01 -4.0974910864E-06
  8.1120000000E-01 -4.2047644242E-06
  8.4270000000E-01 -4.3104326768E-06
  8.7480000000E-01 -4.4143495351E-06
  9.0750000000E-01 -4.5163713341E-06
  9.4080000000E-01 -4.6163572518E-06
  9.7470000000E-01 -4.7141695030E-06
  1.0092000000E+00 -4.8096735283E-06
  1.0443000000E+00 -4.9027381776E-06
  1.0800000000E+00 -4.9932358873E-06
  1.1163000000E+00 -5.0810428530E-06
  1.1532000000E+00 -5.1660391945E-06
  1.1907000000E+00 -5.2481091154E-06
  1.2288000000E+00 -5.3271410555E-06
  1.2675000000E+00 -5.4030278366E-06
  1.3068000000E+00 -5.4756668012E-06
  1.3467000000E+00 -5.5449599442E-06
  1.3872000000E+00 -5.6108140363E-06
  1.4283000000E+00 -5.6731407411E-06
  1.4700000000E+00 -5.7318567232E-06
  1.5123000000E+00 -5.7868837495E-06
  1.5552000000E+00 -5.8381487814E-06
  1.5987000000E+00 -5.8855840599E-06
  1.6428000000E+00 -5.9291271816E-06
  1.6875000000E+00 -5.9687211669E-06
  1.7328000000E+00 -6.0043145198E-06
  1.7787000000E+00 -6.0358612790E-06
  1.8252000000E+00 -6.0633210604E-06
  1.8723000000E+00 -6.0866590917E-06
  1.9200000000E+00 -6.1058462375E-06
  1.9683000000E+00 -6.1208590169E-06
  2.0172000000E+00 -6.1316796114E-06
  2.0667000000E+00 -6.1382958656E-06
  2.1168000000E+00 -6.1407012779E-06
  2.1675000000E+00 -6.1388949843E-06
  2.2188000000E+00 -6.1328817326E-06
  2.2707000000E+00 -6.1226718488E-06
  2.3232000000E+00 -6.1082811958E-06
  2.3763000000E+00 -6.0897311229E-06
  2.4300000000E+00 -6.0670484080E-06
  2.4843000000E+00 -6.0402651920E-06
  2.5392000000E+00 -6.0094189055E-06
  2.5947000000E+00 -5.9745521871E-06
  2.6508000000E+00 -5.9357127957E-06
  2.7075000000E+00 -5.8929535144E-06
  2.7648000000E+00 -5.8463320477E-06
  2.8227000000E+00 -5.7959109124E-06
  2.8812000000E+00 -5.7417573208E-06
  2.9403000000E+00 -5.6839430585E-06
  3.0000000000E+00 -5.6225443556E-06
  3.0603000000E+00 -5.5576417516E-06
  3.1212000000E+00 -5.4893199552E-06
  3.1827000000E+00 -5.4176676982E-06
  3.2448000000E+00 -5.3427775843E-06
  3.3075000000E+00 -5.2647459332E-06
  3.3708000000E+00 -5.1836726195E-06
  3.4347000000E+00 -5.0996609080E-06
  3.4992000000E+00 -5.0128172838E-06
  3.5643000000E+00 -4.9232512799E-06
  3.6300000000E+00 -4.8310753000E-06
  3.6963000000E+00 -4.7364044393E-06
  3.7632000000E+00 -4.6393563010E-06
  3.8307000000E+00 -4.5400508118E-06
  3.8988000000E+00 -4.4386100334E-06
  3.9675000000E+00 -4.3351579737E-06
  4.0368000000E+00 -4.2298203946E-06
  4.1067000000E+00 -4.1227246202E-06
  4.1772000000E+00 -4.0139993423E-06
  4.2483000000E+00 -3.9037744262E-06
  4.3200000000E+00 -3.7921807159E-06
  4.3923000000E+00 -3.6793498389E-06
  4.4652000000E+00 -3.5654140112E-06
  4.5387000000E+00 -3.4505058432E-06
  4.6128000000E+00 -3.3347581462E-06
  4.6875000000E+00 -3.2183037396E-06
  4.7628000000E+00 -3.1012752599E-06
  4.8387000000E+00 -2.9838049718E-06
  4.9152000000E+00 -2.8660245802E-06
  4.9923000000E+00 -2.7480650457E-06
  5.0700000000E+00 -2.6300564014E-06
  5.1483000000E+00 -2.5121275737E-06
  5.2272000000E+00 -2.3944062055E-06
  5.3067000000E+00 -2.2770184826E-06
  5.3868000000E+00 -2.1600889644E-06
  5.4675000000E+00 -2.0437404180E-06
  5.5488000000E+00 -1.9280936559E-06
  5.6307000000E+00 -1.8132673794E-06
  5.7132000000E+00 -1.6993780246E-06
  5.7963000000E+00 -1.5865396153E-06
  5.8800000000E+00 -1.4748636186E-06
  5.9643000000E+00 -1.3644588078E-06
  6.0492000000E+00 -1.2554311287E-06
  6.1347000000E+00 -1.1478835729E-06
  6.2208000000E+00 -1.0419160556E-06
  6.3075000000E+00 -9.3762530020E-07
  6.3948000000E+00 -8.3510472776E-07
  6.4827000000E+00 -7.3444435356E-07
  6.5712000000E+00 -6.3573068916E-07
  6.6603000000E+00 -5.3904665106E-07
  6.7500000000E+00 -4.4447147561E-07
  6.8403000000E+00 -3.5208064050E-07
  6.9312000000E+00 -2.6194579272E-07
  7.0227000000E+00 -1.7413468314E-07
  7.1148000000E+00 -8.8711107820E-08
  7.2075000000E+00 -5.7348558918E-09
  7.3008000000E+00  7.4738335713E-08
  7.3947000000E+00  1.5265682087E-07
  7.4892000000E+00  2.2797307607E-07
  7.5843000000E+00  3.0064372556E-07
  7.6800000000E+00  3.7062955968E-07
  7.7763000000E+00  4.3789554656E-07
  7.8732000000E+00  5.0241083718E-07
  7.9707000000E+00  5.6414876375E-07
  8.0688000000E+00  6.2308683165E-07
  8.1675000000E+00  6.7920670484E-07
  8.2668000000E+00  7.3249418490E-07
  8.3667000000E+00  7.8293918381E-07
  8.4672000000E+00  8.3053569047E-07
  8.5683000000E+00  8.7528173122E-07
  8.6700000000E+00  9.1717932437E-07
  8.7723000000E+00  9.5623442888E-07
  8.8752000000E+00  9.9245688742E-07
  8.9787000000E+00  1.0258603638E-06
  9.0828000000E+00  1.0564622751E-06
  9.1875000000E+00  1.0842837186E-06
  9.2928000000E+00  1.1093493935E-06
  9.3987000000E+00  1.1316875178E-06
  9.5052000000E+00  1.1513297410E-06
  9.6123000000E+00  1.1683110513E-06
  9.7200000000E+00  1.1826696795E-06
  9.8283000000E+00  1.1944469981E-06
  9.9372000000E+00  1.2036874170E-06
  1.0046700000E+01  1.2104382754E-06
  1.0156800000E+01  1.2147497296E-06
  1.0267500000E+01  1.2166746389E-06
  1.0378800000E+01  1.2162684470E-06
  1.0490700000E+01  1.2135890619E-06
  1.0603200000E+01  1.2086967322E-06
  1.0716300000E+01  1.2016539218E-06
  1.0830000000E+01  1.1925251820E-06
  1.0944300000E+01  1.1813770223E-06
  1.1059200000E+01  1.1682777791E-06
  1.1174700000E+01  1.1532974831E-06
  1.1290800000E+01  1.1365077258E-06
  1.1407500000E+01  1.1179815248E-06
  1.1524800000E+01  1.0977931886E-06
  1.1642700000E+01  1.0760181810E-06
  1.1761200000E+01  1.0527329851E-06
  1.1880300000E+01  1.0280149673E-06
  1.2000000000E+01  1.0019422423E-06
  1.2120300000E+01  9.7459353703E-07
  1.2241200000E+01  9.4604805714E-07
  1.2362700000E+01  9.1638535297E-07
  1.2484800000E+01  8.8568518736E-07
  1.2607500000E+01  8.5402740467E-07
  1.2730800000E+01  8.2149180131E-07
  1.2854700000E+01  7.8815799809E-07
  1.2979200000E+01  7.5410531452E-07
  1.3104300000E+01  7.1941264519E-07
  1.3230000000E+01  6.8415833864E-07
  1.3356300000E+01  6.4842007860E-07
  1.3483200000E+01  6.1227476802E-07
  1.3610700000E+01  5.7579841591E-07
  1.3738800000E+01  5.3906602720E-07
  1.3867500000E+01  5.0215149583E-07
  1.3996800000E+01  4.6512750113E-07
  1.4126700000E+01  4.2806540759E-07
  1.4257200000E+01  3.9103516837E-07
  1.4388300000E+01  3.5410523239E-07
  1.4520000000E+01  3.1734245535E-07
  1.4652300000E+01  2.8081201458E-07
  1.4785200000E+01  2.4457732808E-07
  1.4918700000E+01  2.0869997754E-07
  1.5052800000E+01  1.7323963566E-07
  1.5187500000E+01  1.3825399777E-07
  1.5322800000E+01  1.0379871773E-07
  1.5458700000E+01  6.9927348313E-08
  1.5595200000E+01  3.6691286032E-08
  1.5732300000E+01  4.1397204400E-09
  1.5870000000E+01 -2.7680411990E-08
  1.6008300000E+01 -5.8724469455E-08
  1.6147200000E+01 -8.8950141827E-08
  1.6286700000E+01 -1.1831748307E-07
  1.6426800000E+01 -1.4678893910E-07
  1.6567500000E+01 -1.7432937104E-07
  1.6708800000E+01 -2.0090607393E-07
  1.6850700000E+01 -2.2648879096E-07
  1.6993200000E+01 -2.5104972310E-07
  1.7136300000E+01 -2.7456353440E-07
  1.7280000000E+01 -2.9700735278E-07
  1.7424300000E+01 -3.1836076654E-07
  1.7569200000E+01 -3.3860581657E-07
  1.7714700000E+01 -3.5772698428E-07
  1.7860800000E+01 -3.7571117551E-07
  1.8007500000E+01 -3.9254770029E-07
  1.8154800000E+01 -4.0822824864E-07
  1.8302700000E+01 -4.2274686258E-07
  1.8451200000E+01 -4.3609990428E-07
  1.8600300000E+01 -4.4828602059E-07
  1.8750000000E+01 -4.5930610403E-07
  1.8900300000E+01 -4.6916325039E-07
  1.9051200000E+01 -4.7786271290E-07
  1.9202700000E+01 -4.8541185337E-07
  1.9354800000E+01 -4.9182009020E-07
  1.9507500000E+01 -4.9709884352E-07
  1.9660800000E+01 -5.0126147751E-07
  1.9814700000E+01 -5.0432324015E-07
  1.9969200000E+01 -5.0630120048E-07
  2.0124300000E+01 -5.0721418351E-07
  2.0280000000E+01 -5.0708270292E-07
  2.0436300000E+01 -5.0592889186E-07
  2.0593200000E+01 -5.0377643169E-07
  2.0750700000E+01 -5.0065047920E-07
  2.0908800000E+01 -4.9657759212E-07
  2.1067500000E+01 -4.9158565334E-07
  2.1226800000E+01 -4.8570379384E-07
  2.1386700000E+01 -4.7896231452E-07
  2.1547200000E+01 -4.7139260724E-07
  2.1708300000E+01 -4.6302707490E-07
  2.1870000000E+01 -4.5389905113E-07
  2.2032300000E+01 -4.4404271940E-07
  2.2195200000E+01 -4.3349303192E-07
  2.2358700000E+01 -4.2228562836E-07
  2.2522800000E+01 -4.1045675466E-07
  2.2687500000E+01 -3.9804318195E-07
  2.2852800000E+01 -3.8508212589E-07
  2.3018700000E+01 -3.7161116636E-07
  2.3185200000E+01 -3.5766816789E-07
  2.3352300000E+01 -3.4329120081E-07
  2.3520000000E+01 -3.2851846324E-07
  2.3688300000E+01 -3.1338820420E-07
  2.3857200000E+01 -2.9793864787E-07
  2.4026700000E+01 -2.8220791906E-07
  2.4196800000E+01 -2.6623397021E-07
  2.4367500000E+01 -2.5005450985E-07
  2.4538800000E+01 -2.3370693268E-07
  2.4710700000E+01 -2.1722825153E-07
  2.4883200000E+01 -2.0065503102E-07
  2.5056300000E+01 -1.8402332329E-07
  2.5230000000E+01 -1.6736860577E-07
  2.5404300000E+01 -1.5072572102E-07
  2.5579200000E+01 -1.3412881892E-07
  2.5754700000E+01 -1.1761130103E-07
  2.5930800000E+01 -1.0120576745E-07
  2.6107500000E+01 -8.4943966025E-08
  2.6284800000E+01 -6.8856744149E-08
  2.6462700000E+01 -5.2974003065E-08
  2.6641200000E+01 -3.7324654815E-08
  2.6820300000E+01 -2.1936581834E-08
  2.7000000000E+01 -6.8365992580E-09
  2.7180300000E+01  7.9495800502E-09
  2.7361200000E+01  2.2397377706E-08
  2.7542700000E+01  3.6483379233E-08
  2.7724800000E+01  5.0185360688E-08
  2.7907500000E+01  6.3482312486E-08
  2.8090800000E+01  7.6354460409E-08
  2.8274700000E+01  8.8783283802E-08
  2.8459200000E+01  1.0075153097E-07
  2.8644300000E+01  1.1224323176E-07
  2.8830000000E+01  1.2324370741E-07
  2.9016300000E+01  1.3373957760E-07
  2.9203200000E+01  1.4371876481E-07
  2.9390700000E+01  1.5317049592E-07
  2.9578800000E+01  1.6208530129E-07
  2.9767500000E+01  1.7045501103E-07
  2.9956800000E+01  1.7827274892E-07
  3.0146700000E+01  1.8553292359E-07
  3.0337200000E+01  1.9223121746E-07
  3.0528300000E+01  1.9836457308E-07
  3.0720000000E+01  2.0393117728E-07
  3.0912300000E+01  2.0893044296E-07
  3.1105200000E+01  2.1336298873E-07
  3.1298700000E+01  2.1723061640E-07
  3.1492800000E+01  2.2053628641E-07
  3.1687500000E+01  2.2328409133E-07
  3.1882800000E+01  2.2547922747E-07
  3.2078700000E+01  2.2712796465E-07
  3.2275200000E+01  2.2823761428E-07
  3.2472300000E+01  2.2881649588E-07
  3.2670000000E+01  2.2887390198E-07
  3.2868300000E+01  2.2842006165E-07
  3.3067200000E+01  2.2746610267E-07
  3.3266700000E+01  2.2602401249E-07
  3.3466800000E+01  2.2410659799E-07
  3.3667500000E+01  2.2172744428E-07
  3.3868800000E+01  2.1890087250E-07
  3.4070700000E+01  2.1564189679E-07
  3.4273200000E+01  2.1196618056E-07
  3.4476300000E+01  2.0788999207E-07
  3.4680000000E+01  2.0343015951E-07
  3.4884300000E+01  1.9860402563E-07
  3.5089200000E+01  1.9342940204E-07
  3.5294700000E+01  1.8792452328E-07
  3.5500800000E+01  1.8210800071E-07
  3.5707500000E+01  1.7599877646E-07
  3.5914800000E+01  1.6961607730E-07
  3.6122700000E+01  1.6297936879E-07
  3.6331200000E+01  1.5610830956E-07
  3.6540300000E+01  1.4902270605E-07
  3.6750000000E+01  1.4174246753E-07
  3.6960300000E+01  1.3428756179E-07
  3.7171200000E+01  1.2667797125E-07
  3.7382700000E+01  1.1893364993E-07
  3.7594800000E+01  1.1107448103E-07
  3.7807500000E+01  1.0312023545E-07
  3.8020800000E+01  9.5090531143E-08
  3.8234700000E+01  8.7004793496E-08
  3.8449200000E+01  7.8882216758E-08
  3.8664300000E+01  7.0741726565E-08
  3.8880000000E+01  6.2601943653E-08
  3.9096300000E+01  5.4481148802E-08
  3.9313200000E+01  4.6397249078E-08
  3.9530700000E+01  3.8367745409E-08
  3.9748800000E+01  3.0409701560E-08
  3.9967500000E+01  2.2539714538E-08
  4.0186800000E+01  1.4773886475E-08
  4.0406700000E+01  7.1277980288E-09
  4.0627200000E+01 -3.8351667820E-10
  4.0848300000E+01 -7.7455935315E-09
  4.1070000000E+01 -1.4944560301E-08
  4.1292300000E+01 -2.1967156890E-08
  4.1515200000E+01 -2.8800753938E-08
  4.1738700000E+01 -3.5433369765E-08
  4.1962800000E+01 -4.1853685646E-08
  4.2187500000E+01 -4.8051059409E-08
  4.2412800000E+01 -5.4015537343E-08
  4.2638700000E+01 -5.9737864434E-08
  4.2865200000E+01 -6.5209492920E-08
  4.3092300000E+01 -7.0422589165E-08
  4.3320000000E+01 -7.5370038882E-08
  4.3548300000E+01 -8.0045450707E-08
  4.3777200000E+01 -8.4443158133E-08
  4.4006700000E+01 -8.8558219844E-08
  4.4236800000E+01 -9.2386418458E-08
  4.4467500000E+01 -9.5924257707E-08
  4.4698800000E+01 -9.9168958086E-08
  4.4930700000E+01 -1.0211845101E-07
  4.5163200000E+01 -1.0477137150E-07
  4.5396300000E+01 -1.0712704943E-07
  4.5630000000E+01 -1.0918549943E-07
  4.5864300000E+01 -1.1094740941E-07
  4.6099200000E+01 -1.1241412777E-07
  4.6334700000E+01 -1.1358764941E-07
  4.6570800000E+01 -1.1447060050E-07
  4.6807500000E+01 -1.1506622212E-07
  4.7044800000E+01 -1.1537835278E-07
  4.7282700000E+01 -1.1541140991E-07
  4.7521200000E+01 -1.1517037036E-07
  4.7760300000E+01 -1.1466074997E-07
  4.8000000000E+01 -1.1388858227E-07
  4.8240300000E+01 -1.1286039638E-07
  4.8481200000E+01 -1.1158319410E-07
  4.8722700000E+01 -1.1006442640E-07
  4.8964800000E+01 -1.0831196920E-07
  4.9207500000E+01 -1.0633409865E-07
  4.9450800000E+01 -1.0413946582E-07
  4.9694700000E+01 -1.0173707107E-07
  4.9939200000E+01 -9.9136237926E-08
  5.0184300000E+01 -9.6346586714E-08
  5.0430000000E+01 -9.3378007911E-08
  5.0676300000E+01 -9.0240635322E-08
  5.0923200000E+01 -8.6944819119E-08
  5.1170700000E+01 -8.3501098819E-08
  5.1418800000E+01 -7.9920176264E-08
  5.1667500000E+01 -7.6212888641E-08
  5.1916800000E+01 -7.2390181631E-08
  5.2166700000E+01 -6.8463082719E-08
  5.2417200000E+01 -6.4442674741E-08
  5.2668300000E+01 -6.0340069712E-08
  5.2920000000E+01 -5.6166382988E-08
  5.3172300000E+01 -5.1932707825E-08
  5.3425200000E+01 -4.7650090377E-08
  5.3678700000E+01 -4.3329505185E-08
  5.3932800000E+01 -3.8981831203E-08
  5.4187500000E+01 -3.4617828412E-08
  5.4442800000E+01 -3.0248115056E-08
  5.4698700000E+01 -2.5883145554E-08
  5.4955200000E+01 -2.1533189116E-08
  5.5212300000E+01 -1.7208309106E-08
  5.5470000000E+01 -1.2918343194E-08
  5.5728300000E+01 -8.6728843103E-09
  5.5987200000E+01 -4.4812624613E-09
  5.6246700000E+01 -3.5252740650E-10
  5.6506800000E+01  3.7045677553E-09
  5.6767500000E+01  7.6815820783E-09
  5.7028800000E+01  1.1570401315E-08
  5.7290700000E+01  1.5363251495E-08
  5.7553200000E+01  1.9052711526E-08
  5.7816300000E+01  2.2631724792E-08
  5.8080000000E+01  2.6093609750E-08
  5.8344300000E+01  2.9432069503E-08
  5.8609200000E+01  3.2641200357E-08
  5.8874700000E+01  3.5715499338E-08
  5.9140800000E+01  3.8649870687E-08
  5.9407500000E+01  4.1439631322E-08
  5.9674800000E+01  4.4080515266E-08
  5.9942700000E+01  4.6568677056E-08
  6.0211200000E+01  4.8900694135E-08
  6.0480300000E+01  5.1073568235E-08
  6.0750000000E+01  5.3084725760E-08
  6.1020300000E+01  5.4932017194E-08
  6.1291200000E+01  5.6613715530E-08
  6.1562700000E+01  5.8128513760E-08
  6.1834800000E+01  5.9475521424E-08
  6.2107500000E+01  6.0654260256E-08
  6.2380800000E+01  6.1664658938E-08
  6.2654700000E+01  6.2507046995E-08
  6.2929200000E+01  6.3182147851E-08
  6.3204300000E+01  6.3691071076E-08
  6.3480000000E+01  6.4035303859E-08
  6.3756300000E+01  6.4216701722E-08
  6.4033200000E+01  6.4237478529E-08
  6.4310700000E+01  6.4100195801E-08
  6.4588800000E+01  6.3807751385E-08
  6.4867500000E+01  6.3363367513E-08
  6.5146800000E+01  6.2770578273E-08
  6.5426700000E+01  6.2033216545E-08
  6.5707200000E+01  6.1155400434E-08
  6.5988300000E+01  6.0141519233E-08
  6.6270000000E+01  5.8996218962E-08
  6.6552300000E+01  5.7724387519E-08
  6.6835200000E+01  5.6331139482E-08
  6.7118700000E+01  5.4821800607E-08
  6.7402800000E+01  5.3201892054E-08
  6.7687500000E+01  5.1477114388E-08
  6.7972800000E+01  4.9653331394E-08
  6.8258700000E+01  4.7736553736E-08
  6.8545200000E+01  4.5732922526E-08
  6.8832300000E+01  4.3648692803E-08
  6.9120000000E+01  4.1490217004E-08
  6.9408300000E+01  3.9263928430E-08
  6.9697200000E+01  3.6976324770E-08
  6.9986700000E+01  3.4633951704E-08
  7.0276800000E+01  3.2243386635E-08
  7.0567500000E+01  2.9811222575E-08
  7.0858800000E+01  2.7344052225E-08
  7.1150700000E+01  2.4848452290E-08
  7.1443200000E+01  2.2330968047E-08
  7.1736300000E+01  1.9798098216E-08
  7.2030000000E+01  1.7256280147E-08
  7.2324300000E+01  1.4711875373E-08
  7.2619200000E+01  1.2171155537E-08
  7.2914700000E+01  9.6402887386E-09
  7.3210800000E+01  7.1253263171E-09
  7.3507500000E+01  4.6321900943E-09
  7.3804800000E+01  2.1666601076E-09
  7.4102700000E+01 -2.6563714948E-10
  7.4401200000E+01 -2.6592399578E-09
  7.4700300000E+01 -5.0088620543E-09
  7.5000000000E+01 -7.3094027480E-09
  7.5300300000E+01 -9.5559564540E-09
  7.5601200000E+01 -1.1743821631E-08
  7.5902700000E+01 -1.3868509109E-08
  7.6204800000E+01 -1.5925749798E-08
  7.6507500000E+01 -1.7911501765E-08
  7.6810800000E+01 -1.9821956671E-08
  7.7114700000E+01 -2.1653545567E-08
  7.7419200000E+01 -2.3402944037E-08
  7.7724300000E+01 -2.5067076688E-08
  7.8030000000E+01 -2.6643120987E-08
  7.8336300000E+01 -2.8128510438E-08
  7.8643200000E+01 -2.9520937112E-08
  7.8950700000E+01 -3.0818353520E-08
  7.9258800000E+01 -3.2018973839E-08
  7.9567500000E+01 -3.3121274504E-08
  7.9876800000E+01 -3.4123994154E-08
  8.0186700000E+01 -3.5026132964E-08
  8.0497200000E+01 -3.5826951356E-08
  8.0808300000E+01 -3.6525968107E-08
  8.1120000000E+01 -3.7122957862E-08
  8.1432300000E+01 -3.7617948075E-08
  8.1745200000E+01 -3.8011215381E-08
  8.2058700000E+01 -3.8303281427E-08
  8.2372800000E+01 -3.8494908166E-08
  8.2687500000E+01 -3.8587092646E-08
  8.3002800000E+01 -3.8581061303E-08
  8.3318700000E+01 -3.8478263779E-08
  8.3635200000E+01 -3.8280366295E-08
  8.3952300000E+01 -3.7989244588E-08
  8.4270000000E+01 -3.7606976445E-08
  8.4588300000E+01 -3.7135833847E-08
  8.4907200000E+01 -3.6578274759E-08
  8.5226700000E+01 -3.5936934578E-08
  8.5546800000E+01 -3.5214617274E-08
  8.5867500000E+01 -3.4414286241E-08
  8.6188800000E+01 -3.3539054887E-08
  8.6510700000E+01 -3.2592176994E-08
  8.6833200000E+01 -3.1577036864E-08
  8.7156300000E+01 -3.0497139282E-08
  8.7480000000E+01 -2.9356099326E-08
  8.7804300000E+01 -2.8157632048E-08
  8.8129200000E+01 -2.6905542042E-08
  8.8454700000E+01 -2.5603712950E-08
  8.8780800000E+01 -2.4256096903E-08
  8.9107500000E+01 -2.2866703940E-08
  8.9434800000E+01 -2.1439591438E-08
  8.9762700000E+01 -1.9978853549E-08
  9.0091200000E+01 -1.8488610704E-08
  9.0420300000E+01 -1.6972999183E-08
  9.0750000000E+01 -1.5436160792E-08
  9.1080300000E+01 -1.3882232648E-08
  9.1411200000E+01 -1.2315337131E-08
  9.1742700000E+01 -1.0739571985E-08
  9.2074800000E+01 -9.1590006186E-09
  9.2407500000E+01 -7.5776426125E-09
  9.2740800000E+01 -5.9994644603E-09
  9.3074700000E+01 -4.4283705564E-09
  9.3409200000E+01 -2.8681944541E-09
  9.3744300000E+01 -1.3226904087E-09
  9.4080000000E+01  2.0447477505E-10
  9.4416300000E+01  1.7097295788E-09
  9.4753200000E+01  3.1896052712E-09
  9.5090700000E+01  4.6407430624E-09
  9.5428800000E+01  6.0599008975E-09
  9.5767500000E+01  7.4439598786E-09
  9.6106800000E+01  8.7899303033E-09
  9.6446700000E+01  1.0094957311E-08
  9.6787200000E+01  1.1356326128E-08
  9.7128300000E+01  1.2571466902E-08
  9.7470000000E+01  1.3737959125E-08
  9.7812300000E+01  1.4853535630E-08
  9.8155200000E+01  1.5916086164E-08
  9.8498700000E+01  1.6923660539E-08
  9.8842800000E+01  1.7874471337E-08
  9.9187500000E+01  1.8766896197E-08
  9.9532800000E+01  1.9599479666E-08
  9.9878700000E+01  2.0370934611E-08
  1.0022520000E+02  2.1080143210E-08
  1.0057230000E+02  2.1726157517E-08
  1.0092000000E+02  2.2308199592E-08
  1.0126830000E+02  2.2825661232E-08
  1.0161720000E+02  2.3278103270E-08
  1.0196670000E+02  2.3665254487E-08
  1.0231680000E+02  2.3987010113E-08
  1.0266750000E+02  2.4243429943E-08
  1.0301880000E+02  2.4434736078E-08
  1.0337070000E+02  2.4561310289E-08
  1.0372320000E+02  2.4623691030E-08
  1.0407630000E+02  2.4622570095E-08
  1.0443000000E+02  2.4558788947E-08
  1.0478430000E+02  2.4433334727E-08
  1.0513920000E+02  2.4247335948E-08
  1.0549470000E+02  2.4002057899E-08
  1.0585080000E+02  2.3698897774E-08
  1.0620750000E+02  2.3339379531E-08
  1.0656480000E+02  2.2925148506E-08
  1.0692270000E+02  2.2457965795E-08
  1.0728120000E+02  2.1939702421E-08
  1.0764030000E+02  2.1372333304E-08
  1.0800000000E+02  2.0757931044E-08
  1.0836030000E+02  2.0098659549E-08
  1.0872120000E+02  1.9396767510E-08
  1.0908270000E+02  1.8654581748E-08
  1.0944480000E+02  1.7874500453E-08
  1.0980750000E+02  1.7058986330E-08
  1.1017080000E+02  1.6210559663E-08
  1.1053470000E+02  1.5331791335E-08
  1.1089920000E+02  1.4425295794E-08
  1.1126430000E+02  1.3493724007E-08
  1.1163000000E+02  1.2539756409E-08
  1.1199630000E+02  1.1566095859E-08
  1.1236320000E+02  1.0575460633E-08
  1.1273070000E+02  9.5705774589E-09
  1.1309880000E+02  8.5541746213E-09
  1.1346750000E+02  7.5289751381E-09
  1.1383680000E+02  6.4976900388E-09
  1.1420670000E+02  5.4630117509E-09
  1.1457720000E+02  4.4276076132E-09
  1.1494830000E+02  3.3941135282E-09
  1.1532000000E+02  2.3651277705E-09
  1.1569230000E+02  1.3432049610E-09
  1.1606520000E+02  3.3085022247E-10
  1.1643870000E+02 -6.6948647198E-10
  1.1681280000E+02 -1.6554157466E-09
  1.1718750000E+02 -2.6246140553E-09
  1.1756280000E+02 -3.5748286876E-09
  1.1793870000E+02 -4.5038825403E-09
  1.1831520000E+02 -5.4096786436E-09
  1.1869230000E+02 -6.2902044352E-09
  1.1907000000E+02 -7.1435357741E-09
  1.1944830000E+02 -7.9678406870E-09
  1.1982720000E+02 -8.7613828416E-09
  1.2020670000E+02 -9.5225247408E-09
  1.2058680000E+02 -1.0249730635E-08
  1.2096750000E+02 -1.0941569144E-08
  1.2134880000E+02 -1.1596715593E-08
  1.2173070000E+02 -1.2213954054E-08
  1.2211320000E+02 -1.2792179087E-08
  1.2249630000E+02 -1.3330397198E-08
  1.2288000000E+02 -1.3827727991E-08
  1.2326430000E+02 -1.4283405028E-08
  1.2364920000E+02 -1.4696776396E-08
  1.2403470000E+02 -1.5067304984E-08
  1.2442080000E+02 -1.5394568465E-08
  1.2480750000E+02 -1.5678259003E-08
  1.2519480000E+02 -1.5918182662E-08
  1.2558270000E+02 -1.6114258554E-08
  1.2597120000E+02 -1.6266517706E-08
  1.2636030000E+02 -1.6375101663E-08
  1.2675000000E+02 -1.6440260834E-08
  1.2714030000E+02 -1.6462352581E-08
  1.2753120000E+02 -1.6441839066E-08
  1.2792270000E+02 -1.6379284862E-08
  1.2831480000E+02 -1.6275354336E-08
  1.2870750000E+02 -1.6130808807E-08
  1.2910080000E+02 -1.5946503505E-08
  1.2949470000E+02 -1.5723384322E-08
  1.2988920000E+02 -1.5462484375E-08
  1.3028430000E+02 -1.5164920394E-08
  1.3068000000E+02 -1.4831888939E-08
  1.3107630000E+02 -1.4464662461E-08
  1.3147320000E+02 -1.4064585220E-08
  1.3187070000E+02 -1.3633069067E-08
  1.3226880000E+02 -1.3171589108E-08
  1.3266750000E+02 -1.2681679257E-08
  1.3306680000E+02 -1.2164927691E-08
  1.3346670000E+02 -1.1622972226E-08
  1.3386720000E+02 -1.1057495611E-08
  1.3426830000E+02 -1.0470220778E-08
  1.3467000000E+02 -9.8629060269E-09
  1.3507230000E+02 -9.2373401916E-09
  1.3547520000E+02 -8.5953377743E-09
  1.3587870000E+02 -7.9387340742E-09
  1.3628280000E+02 -7.2693803180E-09
  1.3668750000E+02 -6.5891388053E-09
  1.3709280000E+02 -5.8998780797E-09
  1.3749870000E+02 -5.2034681394E-09
  1.3790520000E+02 -4.5017756970E-09
  1.3831230000E+02 -3.7966595005E-09
  1.3872000000E+02 -3.0899657268E-09
  1.3912830000E+02 -2.3835234575E-09
  1.3953720000E+02 -1.6791402484E-09
  1.3994670000E+02 -9.7859780161E-10
  1.4035680000E+02 -2.8364775173E-10
  1.4076750000E+02  4.0399242704E-10
  1.4117880000E+02  1.0826433818E-09
  1.4159070000E+02  1.7506677029E-09
  1.4200320000E+02  2.4064735973E-09
  1.4241630000E+02  3.0485184083E-09
  1.4283000000E+02  3.6753119711E-09
  1.4324430000E+02  4.2854198013E-09
  1.4365920000E+02  4.8774661068E-09
  1.4407470000E+02  5.4501366198E-09
  1.4449080000E+02  6.0021812428E-09
  1.4490750000E+02  6.5324165038E-09
  1.4532480000E+02  7.0397278178E-09
  1.4574270000E+02  7.5230715487E-09
  1.4616120000E+02  7.9814768718E-09
  1.4658030000E+02  8.4140474311E-09
  1.4700000000E+02  8.8199627917E-09
  1.4742030000E+02  9.1984796852E-09
  1.4784120000E+02  9.5489330465E-09
  1.4826270000E+02  9.8707368429E-09
  1.4868480000E+02  1.0163384695E-08
  1.4910750000E+02  1.0426450288E-08
  1.4953080000E+02  1.0659587582E-08
  1.4995470000E+02  1.0862530808E-08
  1.5037920000E+02  1.1035094275E-08
  1.5080430000E+02  1.1177171960E-08
  1.5123000000E+02  1.1288736920E-08
  1.5165630000E+02  1.1369840496E-08
  1.5208320000E+02  1.1420611332E-08
  1.5251070000E+02  1.1441254214E-08
  1.5293880000E+02  1.1432048725E-08
  1.5336750000E+02  1.1393347725E-08
  1.5379680000E+02  1.1325575663E-08
  1.5422670000E+02  1.1229226725E-08
  1.5465720000E+02  1.1104862829E-08
  1.5508830000E+02  1.0953111466E-08
  1.5552000000E+02  1.0774663402E-08
  1.5595230000E+02  1.0570270237E-08
  1.5638520000E+02  1.0340741845E-08
  1.5681870000E+02  1.0086943690E-08
  1.5725280000E+02  9.8097940281E-09
  1.5768750000E+02  9.5102610049E-09
  1.5812280000E+02  9.1893596625E-09
  1.5855870000E+02  8.8481488535E-09
  1.5899520000E+02  8.4877280799E-09
  1.5943230000E+02  8.1092342606E-09
  1.5987000000E+02  7.7138384387E-09
  1.6030830000E+02  7.3027424368E-09
  1.6074720000E+02  6.8771754693E-09
  1.6118670000E+02  6.4383907203E-09
  1.6162680000E+02  5.9876618967E-09
  1.6206750000E+02  5.5262797656E-09
  1.6250880000E+02  5.0555486836E-09
  1.6295070000E+02  4.5767831283E-09
  1.6339320000E+02  4.0913042401E-09
  1.6383630000E+02  3.6004363830E-09
  1.6428000000E+02  3.1055037323E-09
  1.6472430000E+02  2.6078268988E-09
  1.6516920000E+02  2.1087195961E-09
  1.6561470000E+02  1.6094853610E-09
  1.6606080000E+02  1.1114143320E-09
  1.6650750000E+02  6.1578009600E-10
  1.6695480000E+02  1.2383660921E-10
  1.6740270000E+02 -3.6318480060E-10
  1.6785120000E+02 -8.4407834368E-10
  1.6830030000E+02 -1.3176665830E-09
  1.6875000000E+02 -1.7828031485E-09
  1.6920030000E+02 -2.2383753443E-09
  1.6965120000E+02 -2.6833066437E-09
  1.7010270000E+02 -3.1165590675E-09
  1.7055480000E+02 -3.5371354395E-09
  1.7100750000E+02 -3.9440815153E-09
  1.7146080000E+02 -4.3364879806E-09
  1.7191470000E+02 -4.7134923152E-09
  1.7236920000E+02 -5.0742805186E-09
  1.7282430000E+02 -5.4180886952E-09
  1.7328000000E+02 -5.7442044951E-09
  1.7373630000E+02 -6.0519684111E-09
  1.7419320000E+02 -6.3407749257E-09
  1.7465070000E+02 -6.6100735114E-09
  1.7510880000E+02 -6.8593694794E-09
  1.7556750000E+02 -7.0882246784E-09
  1.7602680000E+02 -7.2962580424E-09
  1.7648670000E+02 -7.4831459874E-09
  1.7694720000E+02 -7.6486226579E-09
  1.7740830000E+02 -7.7924800237E-09
  1.7787000000E+02 -7.9145678290E-09
  1.7833230000E+02 -8.0147933942E-09
  1.7879520000E+02 -8.0931212731E-09
  1.7925870000E+02 -8.1495727680E-09
  1.7972280000E+02 -8.1842253049E-09
  1.8018750000E+02 -8.1972116712E-09
  1.8065280000E+02 -8.1887191208E-09
  1.8111870000E+02 -8.1589883487E-09
  1.8158520000E+02 -8.1083123394E-09
  1.8205230000E+02 -8.0370350936E-09
  1.8252000000E+02 -7.9455502372E-09
  1.8298830000E+02 -7.8342995171E-09
  1.8345720000E+02 -7.7037711901E-09
  1.8392670000E+02 -7.5544983078E-09
  1.8439680000E+02 -7.3870569045E-09
  1.8486750000E+02 -7.2020640935E-09
  1.8533880000E+02 -7.0001760766E-09
  1.8581070000E+02 -6.7820860741E-09
  1.8628320000E+02 -6.5485221798E-09
  1.8675630000E+02 -6.3002451480E-09
  1.8723000000E+02 -6.0380461193E-09
  1.8770430000E+02 -5.7627442906E-09
  1.8817920000E+02 -5.4751845355E-09
  1.8865470000E+02 -5.1762349835E-09
  1.8913080000E+02 -4.8667845625E-09
  1.8960750000E+02 -4.5477405116E-09
  1.9008480000E+02 -4.2200258728E-09
  1.9056270000E+02 -3.8845769644E-09
  1.9104120000E+02 -3.5423408472E-09
  1.9152030000E+02 -3.1942727857E-09
  1.9200000000E+02 -2.8413337142E-09
  1.9248030000E+02 -2.4844877122E-09
  1.9296120000E+02 -2.1246994964E-09
  1.9344270000E+02 -1.7629319345E-09
  1.9392480000E+02 -1.4001435890E-09
  1.9440750000E+02 -1.0372862937E-09
  1.9489080000E+02 -6.7530277255E-10
  1.9537470000E+02 -3.1512430310E-10
  1.9585920000E+02  4.2331567437E-11
  1.9634430000E+02  3.9616324959E-10
  1.9683000000E+02  7.4548727686E-10
  1.9731630000E+02  1.0894404039E-09
  1.9780320000E+02  1.4271816328E-09
  1.9829070000E+02  1.7578941635E-09
  1.9877880000E+02  2.0807872633E-09
  1.9926750000E+02  2.3950980520E-09
  1.9975680000E+02  2.7000931989E-09
  2.0024670000E+02  2.9950705277E-09
  2.0073720000E+02  3.2793605271E-09
  2.0122830000E+02  3.5523277623E-09
  2.0172000000E+02  3.8133721870E-09
  2.0221230000E+02  4.0619303517E-09
  2.0270520000E+02  4.2974765067E-09
  2.0319870000E+02  4.5195235985E-09
  2.0369280000E+02  4.7276241576E-09
  2.0418750000E+02  4.9213710760E-09
  2.0468280000E+02  5.1003982744E-09
  2.0517870000E+02  5.2643812575E-09
  2.0567520000E+02  5.4130375581E-09
  2.0617230000E+02  5.5461270684E-09
  2.0667000000E+02  5.6634522602E-09
  2.0716830000E+02  5.7648582935E-09
  2.0766720000E+02  5.8502330144E-09
  2.0816670000E+02  5.9195068439E-09
  2.0866680000E+02  5.9726525580E-09
  2.0916750000E+02  6.0096849618E-09
  2.0966880000E+02  6.0306604574E-09
  2.1017070000E+02  6.0356765107E-09
  2.1067320000E+02  6.0248710165E-09
  2.1117630000E+02  5.9984215661E-09
  2.1168000000E+02  5.9565446192E-09
  2.1218430000E+02  5.8994945846E-09
  2.1268920000E+02  5.8275628112E-09
  2.1319470000E+02  5.7410764930E-09
  2.1370080000E+02  5.6403974929E-09
  2.1420750000E+02  5.5259210881E-09
  2.1471480000E+02  5.3980746402E-09
  2.1522270000E+02  5.2573161964E-09
  2.1573120000E+02  5.1041330237E-09
  2.1624030000E+02  4.9390400813E-09
  2.1675000000E+02  4.7625784366E-09
  2.1726030000E+02  4.5753136277E-09
  2.1777120000E+02  4.3778339781E-09
  2.1828270000E+02  4.1707488687E-09
  2.1879480000E+02  3.9546869703E-09
  2.1930750000E+02  3.7302944435E-09
  2.1982080000E+02  3.4982331094E-09
  2.2033470000E+02  3.2591785969E-09
  2.2084920000E+02  3.0138184708E-09
  2.2136430000E+02  2.7628503467E-09
  2.2188000000E+02  2.5069799966E-09
  2.2239630000E+02  2.2469194508E-09
  2.2291320000E+02  1.9833851008E-09
  2.2343070000E+02  1.7170958080E-09
  2.2394880000E+02  1.4487710227E-09
  2.2446750000E+02  1.1791289195E-09
  2.2498680000E+02  9.0888455167E-10
  2.2550670000E+02  6.3874803030E-10
  2.2602720000E+02  3.6942273308E-10
  2.2654830000E+02  1.0160354576E-10
  2.2707000000E+02 -1.6402485846E-10
  2.2759230000E+02 -4.2678969793E-10
  2.2811520000E+02 -6.8603171601E-10
  2.2863870000E+02 -9.4110676510E-10
  2.2916280000E+02 -1.1913873376E-09
  2.2968750000E+02 -1.4362640405E-09
  2.3021280000E+02 -1.6751470099E-09
  2.3073870000E+02 -1.9074672633E-09
  2.3126520000E+02 -2.1326779853E-09
  2.3179230000E+02 -2.3502557450E-09
  2.3232000000E+02 -2.5597016432E-09
  2.3284830000E+02 -2.7605423846E-09
  2.3337720000E+02 -2.9523312762E-09
  2.3390670000E+02 -3.1346491470E-09
  2.3443680000E+02 -3.3071051894E-09
  2.3496750000E+02 -3.4693377200E-09
  2.3549880000E+02 -3.6210148580E-09
  2.3603070000E+02 -3.7618351213E-09
  2.3656320000E+02 -3.8915279390E-09
  2.3709630000E+02 -4.0098540794E-09
  2.3763000000E+02 -4.1166059934E-09
  2.3816430000E+02 -4.2116080731E-09
  2.3869920000E+02 -4.2947168261E-09
  2.3923470000E+02 -4.3658209652E-09
  2.3977080000E+02 -4.4248414136E-09
  2.4030750000E+02 -4.4717312279E-09
  2.4084480000E+02 -4.5064754382E-09
  2.4138270000E+02 -4.5290908070E-09
  2.4192120000E+02 -4.5396255087E-09
  2.4246030000E+02 -4.5381587304E-09
  2.4300000000E+02 -4.5248001960E-09
  2.4354030000E+02 -4.4996896161E-09
  2.4408120000E+02 -4.4629960642E-09
  2.4462270000E+02 -4.4149172839E-09
  2.4516480000E+02 -4.3556789263E-09
  2.4570750000E+02 -4.2855337232E-09
  2.4625080000E+02 -4.2047605971E-09
  2.4679470000E+02 -4.1136637107E-09
  2.4733920000E+02 -4.0125714597E-09
  2.4788430000E+02 -3.9018354119E-09
  2.4843000000E+02 -3.7818291950E-09
  2.4897630000E+02 -3.6529473372E-09
  2.4952320000E+02 -3.5156040634E-09
  2.5007070000E+02 -3.3702320510E-09
  2.5061880000E+02 -3.2172811489E-09
  2.5116750000E+02 -3.0572170620E-09
  2.5171680000E+02 -2.8905200075E-09
  2.5226670000E+02 -2.7176833432E-09
  2.5281720000E+02 -2.5392121751E-09
  2.5336830000E+02 -2.3556219458E-09
  2.5392000000E+02 -2.1674370077E-09
  2.5447230000E+02 -1.9751891860E-09
  2.5502520000E+02 -1.7794163342E-09
  2.5557870000E+02 -1.5806608859E-09
  2.5613280000E+02 -1.3794684077E-09
  2.5668750000E+02 -1.1763861556E-09
  2.5724280000E+02 -9.7196163943E-10
  2.5779870000E+02 -7.6674119848E-10
  2.5835520000E+02 -5.6126859264E-10
  2.5891230000E+02 -3.5608361157E-10
  2.5947000000E+02 -1.5172070604E-10
  2.6002830000E+02  5.1292355452E-11
  2.6058720000E+02  2.5243580159E-10
  2.6114670000E+02  4.5119914131E-10
  2.6170680000E+02  6.4708241218E-10
  2.6226750000E+02  8.3959739119E-10
  2.6282880000E+02  1.0282687648E-09
  2.6339070000E+02  1.2126352559E-09
  2.6395320000E+02  1.3922507055E-09
  2.6451630000E+02  1.5666851051E-09
  2.6508000000E+02  1.7355255801E-09
  2.6564430000E+02  1.8983773194E-09
  2.6620920000E+02  2.0548644514E-09
  2.6677470000E+02  2.2046308631E-09
  2.6734080000E+02  2.3473409613E-09
  2.6790750000E+02  2.4826803750E-09
  2.6847480000E+02  2.6103565956E-09
  2.6904270000E+02  2.7300995568E-09
  2.6961120000E+02  2.8416621503E-09
  2.7018030000E+02  2.9448206785E-09
  2.7075000000E+02  3.0393752420E-09
  2.7132030000E+02  3.1251500634E-09
  2.7189120000E+02  3.2019937446E-09
  2.7246270000E+02  3.2697794599E-09
  2.7303480000E+02  3.3284050828E-09
  2.7360750000E+02  3.3777932485E-09
  2.7418080000E+02  3.4178913515E-09
  2.7475470000E+02  3.4486714787E-09
  2.7532920000E+02  3.4701302790E-09
  2.7590430000E+02  3.4822887709E-09
  2.7648000000E+02  3.4851920877E-09
  2.7705630000E+02  3.4789091624E-09
  2.7763320000E+02  3.4635323541E-09
  2.7821070000E+02  3.4391770153E-09
  2.7878880000E+02  3.4059810045E-09
  2.7936750000E+02  3.3641041432E-09
  2.7994680000E+02  3.3137276210E-09
  2.8052670000E+02  3.2550533501E-09
  2.8110720000E+02  3.1883032704E-09
  2.8168830000E+02  3.1137186094E-09
  2.8227000000E+02  3.0315590968E-09
  2.8285230000E+02  2.9421021388E-09
  2.8343520000E+02  2.8456419515E-09
  2.8401870000E+02  2.7424886591E-09
  2.8460280000E+02  2.6329673574E-09
  2.8518750000E+02  2.5174171456E-09
  2.8577280000E+02  2.3961901303E-09
  2.8635870000E+02  2.2696504030E-09
  2.8694520000E+02  2.1381729951E-09
  2.8753230000E+02  2.0021428128E-09
  2.8812000000E+02  1.8619535545E-09
  2.8870830000E+02  1.7180066143E-09
  2.8929720000E+02  1.5707099743E-09
  2.8988670000E+02  1.4204770886E-09
  2.9047680000E+02  1.2677257616E-09
  2.9106750000E+02  1.1128770245E-09
  2.9165880000E+02  9.5635401186E-10
  2.9225070000E+02  7.9858084169E-10
  2.9284320000E+02  6.3998150223E-10
  2.9343630000E+02  4.8097874743E-10
  2.9403000000E+02  3.2199300453E-10
  2.9462430000E+02  1.6344129649E-10
  2.9521920000E+02  5.7361815334E-12
  2.9581470000E+02 -1.5071528719E-10
  2.9641080000E+02 -3.0551257949E-10
  2.9700750000E+02 -4.5826268098E-10
  2.9760480000E+02 -6.0858105865E-10
  2.9820270000E+02 -7.5609259680E-10
  2.9880120000E+02 -9.0043250100E-10
  2.9940030000E+02 -1.0412471683E-09
  3.0000000000E+02 -1.1781950214E-09
