  -4.00000000000000        1.81473776446362     
  -3.99000000022352        1.81225756995025     
  -3.98000000044703        1.80977432047760     
  -3.97000000067055        1.80728800472952     
  -3.96000000089407        1.80479861131963     
  -3.95000000111759        1.80230612879075     
  -3.94000000134110        1.79981054561429     
  -3.93000000156462        1.79731185018958     
  -3.92000000178814        1.79481003084325     
  -3.91000000201166        1.79230507582860     
  -3.90000000223517        1.78979697332496     
  -3.89000000245869        1.78728571143699     
  -3.88000000268221        1.78477127819405     
  -3.87000000290573        1.78225366154950     
  -3.86000000312924        1.77973284938007     
  -3.85000000335276        1.77720882948510     
  -3.84000000357628        1.77468158958591     
  -3.83000000379980        1.77215111732503     
  -3.82000000402331        1.76961740026555     
  -3.81000000424683        1.76708042589036     
  -3.80000000447035        1.76454018160142     
  -3.79000000469387        1.76199665471905     
  -3.78000000491738        1.75944983248115     
  -3.77000000514090        1.75689970204244     
  -3.76000000536442        1.75434625047374     
  -3.75000000558794        1.75178946476114     
  -3.74000000581145        1.74922933180525     
  -3.73000000603497        1.74666583842040     
  -3.72000000625849        1.74409897133382     
  -3.71000000648201        1.74152871718486     
  -3.70000000670552        1.73895506252412     
  -3.69000000692904        1.73637799381267     
  -3.68000000715256        1.73379749742116     
  -3.67000000737607        1.73121355962901     
  -3.66000000759959        1.72862616662349     
  -3.65000000782311        1.72603530449889     
  -3.64000000804663        1.72344095925565     
  -3.63000000827014        1.72084311679939     
  -3.62000000849366        1.71824176294007     
  -3.61000000871718        1.71563688339105     
  -3.60000000894070        1.71302846376814     
  -3.59000000916421        1.71041648958869     
  -3.58000000938773        1.70780094627061     
  -3.57000000961125        1.70518181913141     
  -3.56000000983477        1.70255909338723     
  -3.55000001005828        1.69993275415185     
  -3.54000001028180        1.69730278643565     
  -3.53000001050532        1.69466917514464     
  -3.52000001072884        1.69203190507942     
  -3.51000001095235        1.68939096093409     
  -3.50000001117587        1.68674632729527     
  -3.49000001139939        1.68409798864097     
  -3.48000001162291        1.68144592933952     
  -3.47000001184642        1.67879013364848     
  -3.46000001206994        1.67613058571353     
  -3.45000001229346        1.67346726956732     
  -3.44000001251698        1.67080016912834     
  -3.43000001274049        1.66812926819978     
  -3.42000001296401        1.66545455046833     
  -3.41000001318753        1.66277599950298     
  -3.40000001341105        1.66009359875386     
  -3.39000001363456        1.65740733155099     
  -3.38000001385808        1.65471718110302     
  -3.37000001408160        1.65202313049604     
  -3.36000001430511        1.64932516269223     
  -3.35000001452863        1.64662326052863     
  -3.34000001475215        1.64391740671581     
  -3.33000001497567        1.64120758383654     
  -3.32000001519918        1.63849377434447     
  -3.31000001542270        1.63577596056274     
  -3.30000001564622        1.63305412468261     
  -3.29000001586974        1.63032824876208     
  -3.28000001609325        1.62759831472443     
  -3.27000001631677        1.62486430435684     
  -3.26000001654029        1.62212619930886     
  -3.25000001676381        1.61938398109097     
  -3.24000001698732        1.61663763107310     
  -3.23000001721084        1.61388713048306     
  -3.22000001743436        1.61113246040502     
  -3.21000001765788        1.60837360177795     
  -3.20000001788139        1.60561053539401     
  -3.19000001810491        1.60284324189696     
  -3.18000001832843        1.60007170178052     
  -3.17000001855195        1.59729589538668     
  -3.16000001877546        1.59451580290407     
  -3.15000001899898        1.59173140436622     
  -3.14000001922250        1.58894267964983     
  -3.13000001944602        1.58614960847300     
  -3.12000001966953        1.58335217039347     
  -3.11000001989305        1.58055034480679     
  -3.10000002011657        1.57774411094450     
  -3.09000002034009        1.57493344787223     
  -3.08000002056360        1.57211833448785     
  -3.07000002078712        1.56929874951950     
  -3.06000002101064        1.56647467152368     
  -3.05000002123415        1.56364607888323     
  -3.04000002145767        1.56081294980534     
  -3.03000002168119        1.55797526231952     
  -3.02000002190471        1.55513299427547     
  -3.01000002212822        1.55228612334104     
  -3.00000002235174        1.54943462700006     
  -2.99000002257526        1.54657848255012     
  -2.98000002279878        1.54371766710046     
  -2.97000002302229        1.54085215756963     
  -2.96000002324581        1.53798193068328     
  -2.95000002346933        1.53510696297181     
  -2.94000002369285        1.53222723076801     
  -2.93000002391636        1.52934271020470     
  -2.92000002413988        1.52645337721230     
  -2.91000002436340        1.52355920751632     
  -2.90000002458692        1.52066017663489     
  -2.89000002481043        1.51775625987621     
  -2.88000002503395        1.51484743233594     
  -2.87000002525747        1.51193366889459     
  -2.86000002548099        1.50901494421479     
  -2.85000002570450        1.50609123273865     
  -2.84000002592802        1.50316250868491     
  -2.83000002615154        1.50022874604618     
  -2.82000002637506        1.49728991858606     
  -2.81000002659857        1.49434599983620     
  -2.80000002682209        1.49139696309340     
  -2.79000002704561        1.48844278141655     
  -2.78000002726912        1.48548342762356     
  -2.77000002749264        1.48251887428829     
  -2.76000002771616        1.47954909373734     
  -2.75000002793968        1.47657405804684     
  -2.74000002816319        1.47359373903915     
  -2.73000002838671        1.47060810827953     
  -2.72000002861023        1.46761713707275     
  -2.71000002883375        1.46462079645959     
  -2.70000002905726        1.46161905721336     
  -2.69000002928078        1.45861188983629     
  -2.68000002950430        1.45559926455587     
  -2.67000002972782        1.45258115132115     
  -2.66000002995133        1.44955751979893     
  -2.65000003017485        1.44652833936991     
  -2.64000003039837        1.44349357912477     
  -2.63000003062189        1.44045320786015     
  -2.62000003084540        1.43740719407458     
  -2.61000003106892        1.43435550596434     
  -2.60000003129244        1.43129811141919     
  -2.59000003151596        1.42823497801808     
  -2.58000003173947        1.42516607302475     
  -2.57000003196299        1.42209136338323     
  -2.56000003218651        1.41901081571330     
  -2.55000003241003        1.41592439630581     
  -2.54000003263354        1.41283207111792     
  -2.53000003285706        1.40973380576827     
  -2.52000003308058        1.40662956553205     
  -2.51000003330410        1.40351931533592     
  -2.50000003352761        1.40040301975292     
  -2.49000003375113        1.39728064299716     
  -2.48000003397465        1.39415214891854     
  -2.47000003419816        1.39101750099723     
  -2.46000003442168        1.38787666233812     
  -2.45000003464520        1.38472959566511     
  -2.44000003486872        1.38157626331533     
  -2.43000003509223        1.37841662723316     
  -2.42000003531575        1.37525064896424     
  -2.41000003553927        1.37207828964920     
  -2.40000003576279        1.36889951001739     
  -2.39000003598630        1.36571427038042     
  -2.38000003620982        1.36252253062554     
  -2.37000003643334        1.35932425020892     
  -2.36000003665686        1.35611938814873     
  -2.35000003688037        1.35290790301813     
  -2.34000003710389        1.34968975293802     
  -2.33000003732741        1.34646489556973     
  -2.32000003755093        1.34323328810745     
  -2.31000003777444        1.33999488727051     
  -2.30000003799796        1.33674964929556     
  -2.29000003822148        1.33349752992842     
  -2.28000003844500        1.33023848441591     
  -2.27000003866851        1.32697246749734     
  -2.26000003889203        1.32369943339589     
  -2.25000003911555        1.32041933580973     
  -2.24000003933907        1.31713212790299     
  -2.23000003956258        1.31383776229641     
  -2.22000003978610        1.31053619105789     
  -2.21000004000962        1.30722736569269     
  -2.20000004023314        1.30391123713345     
  -2.19000004045665        1.30058775572994     
  -2.18000004068017        1.29725687123857     
  -2.17000004090369        1.29391853281158     
  -2.16000004112720        1.29057268898603     
  -2.15000004135072        1.28721928767246     
  -2.14000004157424        1.28385827614323     
  -2.13000004179776        1.28048960102061     
  -2.12000004202127        1.27711320826449     
  -2.11000004224479        1.27372904315983     
  -2.10000004246831        1.27033705030373     
  -2.09000004269183        1.26693717359213     
  -2.08000004291534        1.26352935620616     
  -2.07000004313886        1.26011354059818     
  -2.06000004336238        1.25668966847728     
  -2.05000004358590        1.25325768079450     
  -2.04000004380941        1.24981751772760     
  -2.03000004403293        1.24636911866534     
  -2.02000004425645        1.24291242219133     
  -2.01000004447997        1.23944736606746     
  -2.00000004470348        1.23597388721676     
  -1.99000004492700        1.23249192170577     
  -1.98000004515052        1.22900140472640     
  -1.97000004537404        1.22550227057725     
  -1.96000004559755        1.22199445264426     
  -1.95000004582107        1.21847788338089     
  -1.94000004604459        1.21495249428758     
  -1.93000004626811        1.21141821589061     
  -1.92000004649162        1.20787497772023     
  -1.91000004671514        1.20432270828814     
  -1.90000004693866        1.20076133506420     
  -1.89000004716218        1.19719078445239     
  -1.88000004738569        1.19361098176591     
  -1.87000004760921        1.19002185120155     
  -1.86000004783273        1.18642331581303     
  -1.85000004805624        1.18281529748359     
  -1.84000004827976        1.17919771689749     
  -1.83000004850328        1.17557049351055     
  -1.82000004872680        1.17193354551971     
  -1.81000004895031        1.16828678983133     
  -1.80000004917383        1.16463014202851     
  -1.79000004939735        1.16096351633709     
  -1.78000004962087        1.15728682559044     
  -1.77000004984438        1.15359998119289     
  -1.76000005006790        1.14990289308176     
  -1.75000005029142        1.14619546968797     
  -1.74000005051494        1.14247761789510     
  -1.73000005073845        1.13874924299675     
  -1.72000005096197        1.13501024865233     
  -1.71000005118549        1.13126053684097     
  -1.70000005140901        1.12750000781356     
  -1.69000005163252        1.12372856004285     
  -1.68000005185604        1.11994609017136     
  -1.67000005207956        1.11615249295721     
  -1.66000005230308        1.11234766121748     
  -1.65000005252659        1.10853148576927     
  -1.64000005275011        1.10470385536799     
  -1.63000005297363        1.10086465664303     
  -1.62000005319715        1.09701377403047     
  -1.61000005342066        1.09315108970275     
  -1.60000005364418        1.08927648349499     
  -1.59000005386770        1.08538983282799     
  -1.58000005409122        1.08149101262748     
  -1.57000005431473        1.07757989523949     
  -1.56000005453825        1.07365635034163     
  -1.55000005476177        1.06972024484998     
  -1.54000005498528        1.06577144282128     
  -1.53000005520880        1.06180980535022     
  -1.52000005543232        1.05783519046140     
  -1.51000005565584        1.05384745299570     
  -1.50000005587935        1.04984644449061     
  -1.49000005610287        1.04583201305422     
  -1.48000005632639        1.04180400323230     
  -1.47000005654991        1.03776225586816     
  -1.46000005677342        1.03370660795459     
  -1.45000005699694        1.02963689247752     
  -1.44000005722046        1.02555293825069     
  -1.43000005744398        1.02145456974071     
  -1.42000005766749        1.01734160688180     
  -1.41000005789101        1.01321386487947     
  -1.40000005811453        1.00907115400230     
  -1.39000005833805        1.00491327936090     
  -1.38000005856156        1.00074004067307     
  -1.37000005878508       0.996551232014133     
  -1.36000005900860       0.992346641551181     
  -1.35000005923212       0.988126051260036     
  -1.34000005945563       0.983889236623473     
  -1.33000005967915       0.979635966309192     
  -1.32000005990267       0.975366001825840     
  -1.31000006012619       0.971079097155242     
  -1.30000006034970       0.966774998358819     
  -1.29000006057322       0.962453443155926     
  -1.28000006079674       0.958114160471676     
  -1.27000006102026       0.953756869951519     
  -1.26000006124377       0.949381281439570     
  -1.25000006146729       0.944987094417380     
  -1.24000006169081       0.940573997399448     
  -1.23000006191432       0.936141667281429     
  -1.22000006213784       0.931689768636487     
  -1.21000006236136       0.927217952954756     
  -1.20000006258488       0.922725857820328     
  -1.19000006280839       0.918213106019481     
  -1.18000006303191       0.913679304573187     
  -1.17000006325543       0.909124043686059     
  -1.16000006347895       0.904546895603007     
  -1.15000006370246       0.899947413363738     
  -1.14000006392598       0.895325129444062     
  -1.13000006414950       0.890679554271538     
  -1.12000006437302       0.886010174601404     
  -1.11000006459653       0.881316451736893     
  -1.10000006482005       0.876597819575923     
  -1.09000006504357       0.871853682463721     
  -1.08000006526709       0.867083412828122     
  -1.07000006549060       0.862286348571032     
  -1.06000006571412       0.857461790185767     
  -1.05000006593764       0.852608997565584     
  -1.04000006616116       0.847727186463607     
  -1.03000006638467       0.842815524558321     
  -1.02000006660819       0.837873127071831     
  -1.01000006683171       0.832899051879762     
  -1.00000006705523       0.827892294041952     
 -0.990000067278743       0.822851779671546     
 -0.980000067502260       0.817776359046358     
 -0.970000067725778       0.812664798850113     
 -0.960000067949295       0.807515773411586     
 -0.950000068172812       0.802327854786303     
 -0.940000068396330       0.797099501497267     
 -0.930000068619847       0.791829045717062     
 -0.920000068843365       0.786514678632360     
 -0.910000069066882       0.781154433681393     
 -0.900000069290400       0.775746167293187     
 -0.890000069513917       0.770287536681372     
 -0.880000069737434       0.764775974151435     
 -0.870000069960952       0.759208657263483     
 -0.860000070184469       0.753582474046718     
 -0.850000070407987       0.747893982278452     
 -0.840000070631504       0.742139361608743     
 -0.830000070855021       0.736314357016831     
 -0.820000071078539       0.730414211708003     
 -0.810000071302056       0.724433587072495     
 -0.800000071525574       0.718366466695286     
 -0.790000071749091       0.712206040577048     
 -0.780000071972609       0.705944564632123     
 -0.770000072196126       0.699573189071260     
 -0.760000072419643       0.693081747315242     
 -0.750000072643161       0.686458494419746     
 -0.740000072866678       0.679689780329161     
 -0.730000073090196       0.672759638185611     
 -0.720000073313713       0.665649260751602     
 -0.710000073537230       0.658336327775079     
 -0.700000073760748       0.650794132308530     
 -0.690000073984265       0.642990432183605     
 -0.680000074207783       0.634885920169125     
 -0.670000074431300       0.626432156439268     
 -0.660000074654818       0.617568729129260     
 -0.650000074878335       0.608219284411379     
 -0.640000075101852       0.598285863637479     
 -0.630000075325370       0.587640640803272     
 -0.620000075548887       0.576113552562502     
 -0.610000075772405       0.563473223319410     
 -0.600000075995922       0.549396524244761     
 -0.590000076219440       0.533417993455079     
 -0.580000076442957       0.514841647136919     
 -0.570000076666474       0.492577941058576     
 -0.560000076889992       0.464819554497725     
 -0.550000077113509       0.428333431120921     
 -0.540000077337027       0.376708957076867     
 -0.530000077560544       0.295181562153451     
 -0.520000077784061       0.140446928139975     
 -0.510000078007579      -0.292794104119584     
 -0.500000078231096       -13.0659062147271     
 -0.490000078454614        1.59553923712992     
 -0.480000078678131        1.06335920945955     
 -0.470000078901649       0.890220144341103     
 -0.460000079125166       0.802067278808506     
 -0.450000079348683       0.747168947084310     
 -0.440000079572201       0.708683604581796     
 -0.430000079795718       0.679489243377469     
 -0.420000080019236       0.656055617537514     
 -0.410000080242753       0.636433334450465     
 -0.400000080466270       0.619457906284508     
 -0.390000080689788       0.604390705932120     
 -0.380000080913305       0.590740486886966     
 -0.370000081136823       0.578167719510575     
 -0.360000081360340       0.566430129599126     
 -0.350000081583858       0.555350122299896     
 -0.340000081807375       0.544794474894620     
 -0.330000082030892       0.534661225883388     
 -0.320000082254410       0.524870950984690     
 -0.310000082477927       0.515360803893172     
 -0.300000082701445       0.506080350754363     
 -0.290000082924962       0.496988598459250     
 -0.280000083148479       0.488051835694342     
 -0.270000083371997       0.479242038626560     
 -0.260000083595514       0.470535676047836     
 -0.250000083819032       0.461912801806447     
 -0.240000084042549       0.453356356958270     
 -0.230000084266067       0.444851627112212     
 -0.220000084489584       0.436385816060698     
 -0.210000084713101       0.427947707544445     
 -0.200000084936619       0.419527394524169     
 -0.190000085160136       0.411116060666044     
 -0.180000085383654       0.402705802578383     
 -0.170000085607171       0.394289484120685     
 -0.160000085830688       0.385860616151412     
 -0.150000086054206       0.377413256599085     
 -0.140000086277723       0.368941926879117     
 -0.130000086501241       0.360441541539303     
 -0.120000086724758       0.351907348673060     
 -0.110000086948276       0.343334879144028     
 -0.100000087171793       0.334719903056181     
 -9.000008739531040E-002  0.326058392208343     
 -8.000008761882782E-002  0.317346487511102     
 -7.000008784234524E-002  0.308580470533040     
 -6.000008806586266E-002  0.299756738493311     
 -5.000008828938007E-002  0.290871782137462     
 -4.000008851289749E-002  0.281922166029713     
 -3.000008873641491E-002  0.272904510872548     
 -2.000008895993233E-002  0.263815477527434     
 -1.000008918344975E-002  0.254651752461671     
 -8.940696716308594E-008  0.245410034388197     
  9.999910369515419E-003  0.236087021899368     
  1.999991014599800E-002  0.226679401923890     
  2.999990992248058E-002  0.217183838859141     
  3.999990969896317E-002  0.207596964250184     
  4.999990947544575E-002  0.197915366902437     
  5.999990925192833E-002  0.188135583327836     
  6.999990902841091E-002  0.178254088434913     
  7.999990880489349E-002  0.168267286381824     
  8.999990858137608E-002  0.158171501518338     
  9.999990835785866E-002  0.147962969348344     
  0.109999908134341       0.137637827448859     
  0.119999907910824       0.127192106284745     
  0.129999907687306       0.116621719860797     
  0.139999907463789       0.105922456154370     
  0.149999907240272       9.508996727254690E-002
  0.159999907016754       8.411975927791228E-002
  0.169999906793237       7.300718162649476E-002
  0.179999906569719       6.174741616022646E-002
  0.189999906346202       5.033546559450829E-002
  0.199999906122684       3.876614143905115E-002
  0.209999905899167       2.703405128718394E-002
  0.219999905675650       1.513358540514132E-002
  0.229999905452132       3.058902548578777E-003
  0.239999905228615      -9.196085071468917E-003
  0.249999905005097      -2.163772775670985E-002
  0.259999904781580      -3.427265531386745E-002
  0.269999904558063      -4.710779516863543E-002
  0.279999904334545      -6.015039170723862E-002
  0.289999904111028      -7.340802696099978E-002
  0.299999903887510      -8.688864275997769E-002
  0.309999903663993      -0.100600564493716     
  0.319999903440475      -0.114552526630603     
  0.329999903216958      -0.128753700162476     
  0.339999902993441      -0.143213722158048     
  0.349999902769923      -0.157942727627896     
  0.359999902546406      -0.172951383925177     
  0.369999902322888      -0.188250927930473     
  0.379999902099371      -0.203853206296415     
  0.389999901875854      -0.219770719058560     
  0.399999901652336      -0.236016666953749     
  0.409999901428819      -0.252605002826613     
  0.419999901205301      -0.269550487549502     
  0.429999900981784      -0.286868750931843     
  0.439999900758266      -0.304576358152573     
  0.449999900534749      -0.322690882315020     
  0.459999900311232      -0.341230983798568     
  0.469999900087714      -0.360216497167241     
  0.479999899864197      -0.379668526493624     
  0.489999899640679      -0.399609550069365     
  0.499999899417162      -0.420063535603429     
  0.509999899193645      -0.441056067159008     
  0.519999898970127      -0.462614485253141     
  0.529999898746610      -0.484768041743685     
  0.539999898523092      -0.507548071361243     
  0.549999898299575      -0.530988182014960     
  0.559999898076057      -0.555124466317766     
  0.569999897852540      -0.579995737147408     
  0.579999897629023      -0.605643790494796     
  0.589999897405505      -0.632113699363567     
  0.599999897181988      -0.659454143089835     
  0.609999896958470      -0.687717777167817     
  0.619999896734953      -0.716961649518843     
  0.629999896511436      -0.747247670156995     
  0.639999896287918      -0.778643142420211     
  0.649999896064401      -0.811221365395588     
  0.659999895840883      -0.845062318927881     
  0.669999895617366      -0.880253444730915     
  0.679999895393848      -0.916890539711534     
  0.689999895170331      -0.955078780777514     
  0.699999894946814      -0.994933904278361     
  0.709999894723296       -1.03658356800579     
  0.719999894499779       -1.08016892959721     
  0.729999894276261       -1.12584648255092     
  0.739999894052744       -1.17379020028039     
  0.749999893829226       -1.22419405024090     
  0.759999893605709       -1.27727495486147     
  0.769999893382192       -1.33327629475340     
  0.779999893158674       -1.39247207371413     
  0.789999892935157       -1.45517189613015     
  0.799999892711639       -1.52172694786644     
  0.809999892488122       -1.59253722488416     
  0.819999892264605       -1.66806032421391     
  0.829999892041087       -1.74882220597124     
  0.839999891817570       -1.83543046202130     
  0.849999891594052       -1.92859079995443     
  0.859999891370535       -2.02912768964027     
  0.869999891147017       -2.13801045258484     
  0.879999890923500       -2.25638654498361     
  0.889999890699983       -2.38562446007805     
  0.899999890476465       -2.52736965744527     
  0.909999890252948       -2.68361837998881     
  0.919999890029430       -2.85681640892128     
  0.929999889805913       -3.04999317230158     
  0.939999889582396       -3.26694690974255     
  0.949999889358878       -3.51250510674614     
  0.959999889135361       -3.79289848960739     
  0.969999888911843       -4.11631087848946     
  0.979999888688326       -4.49370957521409     
  0.989999888464808       -4.94013878797629     
  0.999999888241291       -5.47680818555218     
   1.00999988801777       -6.13461195080674     
   1.01999988779426       -6.96036871483500     
   1.02999988757074       -8.02859980777471     
   1.03999988734722       -9.46557629637242     
   1.04999988712370       -11.5036767424711     
   1.05999988690019       -14.6224836351021     
   1.06999988667667       -19.9965994894776     
   1.07999988645315       -31.4700173662399     
   1.08999988622963       -73.1154668241398     
   1.09999988600612        232.382658297307     
   1.10999988578260        45.0894348085563     
   1.11999988555908        25.0242709848354     
   1.12999988533556        17.3413047296433     
   1.13999988511205        13.2793050439593     
   1.14999988488853        10.7651376511920     
   1.15999988466501        9.05462265707802     
   1.16999988444149        7.81473501466704     
   1.17999988421798        6.87411416545536     
   1.18999988399446        6.13558225397690     
   1.19999988377094        5.53992172825313     
   1.20999988354743        5.04898892183309     
   1.21999988332391        4.63710536283996     
   1.22999988310039        4.28635033343026     
   1.23999988287687        3.98383691597453     
   1.24999988265336        3.72006046932816     
   1.25999988242984        3.48785727784178     
   1.26999988220632        3.28172562164307     
   1.27999988198280        3.09737018027287     
   1.28999988175929        2.93138851488982     
   1.29999988153577        2.78105049094022     
   1.30999988131225        2.64414001104216     
   1.31999988108873        2.51883944596053     
   1.32999988086522        2.40364390274178     
   1.33999988064170        2.29729671362683     
   1.34999988041818        2.19874026039650     
   1.35999988019466        2.10707804312350     
   1.36999987997115        2.02154510378558     
   1.37999987974763        1.94148473376567     
   1.38999987952411        1.86632996088049     
   1.39999987930059        1.79558870955919     
   1.40999987907708        1.72883181111769     
   1.41999987885356        1.66568324530704     
   1.42999987863004        1.60581214324853     
   1.43999987840652        1.54892619165529     
   1.44999987818301        1.49476615998846     
   1.45999987795949        1.44310133364233     
   1.46999987773597        1.39372568284903     
   1.47999987751245        1.34645463262315     
   1.48999987728894        1.30112232652415     
   1.49999987706542        1.25757929833073     
   1.50999987684190        1.21569048238611     
   1.51999987661839        1.17533350648677     
   1.52999987639487        1.13639722157132     
   1.53999987617135        1.09878043073820     
   1.54999987594783        1.06239078674689     
   1.55999987572432        1.02714383249357     
   1.56999987550080       0.992962163272324     
   1.57999987527728       0.959774693146373     
   1.58999987505376       0.927516010625777     
   1.59999987483025       0.896125811204837     
   1.60999987460673       0.865548396255791     
   1.61999987438321       0.835732229383621     
   1.62999987415969       0.806629542683278     
   1.63999987393618       0.778195986455318     
   1.64999987371266       0.750390316868977     
   1.65999987348914       0.723174116845510     
   1.66999987326562       0.696511546095044     
   1.67999987304211       0.670369116798682     
   1.68999987281859       0.644715491901163     
   1.69999987259507       0.619521303382122     
   1.70999987237155       0.594758988217691     
   1.71999987214804       0.570402640038011     
   1.72999987192452       0.546427874738336     
   1.73999987170100       0.522811708518118     
   1.74999987147748       0.499532447009294     
   1.75999987125397       0.476569584316446     
   1.76999987103045       0.453903710931270     
   1.77999987080693       0.431516429605161     
   1.78999987058342       0.409390278369301     
   1.79999987035990       0.387508659983632     
   1.80999987013638       0.365855777176481     
   1.81999986991286       0.344416573106925     
   1.82999986968935       0.323176676543729     
   1.83999986946583       0.302122351308796     
   1.84999986924231       0.281240449580789     
   1.85999986901879       0.260518368696626     
   1.86999986879528       0.239944011125602     
   1.87999986857176       0.219505747323778     
   1.88999986834824       0.199192381205280     
   1.89999986812472       0.178993117992950     
   1.90999986790121       0.158897534233671     
   1.91999986767769       0.138895549784053     
   1.92999986745417       0.118977401590260     
   1.93999986723065       9.913361910193778E-002
   1.94999986700714       7.935500117457164E-002
   1.95999986678362       5.963259432752480E-002
   1.96999986656010       3.995767223639872E-002
   1.97999986633658       2.032171634878973E-002
   1.98999986611307       7.163975215314298E-004
   1.99999986588955      -1.886644141409801E-002
