  5.000000000000000E-005  0.247740226845827     
  2.000000000000000E-004  0.247740226674733     
  4.500000000000000E-004  0.247740224745959     
  8.000000000000000E-004  0.247740214064256     
  1.250000000000000E-003  0.247740174062141     
  1.800000000000000E-003  0.247740057261974     
  2.450000000000000E-003  0.247739770362754     
  3.200000000000000E-003  0.247739149971362     
  4.050000000000000E-003  0.247737933791621     
  5.000000000000000E-003  0.247735728587682     
  6.050000000000001E-003  0.247731976605261     
  7.200000000000001E-003  0.247725922339062     
  8.450000000000001E-003  0.247716581570967     
  9.800000000000000E-003  0.247702714483656     
  1.125000000000000E-002  0.247682804404349     
  1.280000000000000E-002  0.247655043388874     
  1.445000000000000E-002  0.247617325456081     
  1.620000000000000E-002  0.247567247864814     
  1.805000000000000E-002  0.247502120423390     
  2.000000000000000E-002  0.247418982460779     
  2.205000000000000E-002  0.247314626787754     
  2.420000000000000E-002  0.247185629744917     
  2.645000000000000E-002  0.247028386275797     
  2.880000000000000E-002  0.246839148874236     
  3.125000000000001E-002  0.246614069228959     
  3.380000000000000E-002  0.246349241414963     
  3.645000000000000E-002  0.246040745550139     
  3.920000000000000E-002  0.245684690935352     
  4.205000000000000E-002  0.245277257816532     
  4.500000000000000E-002  0.244814737039048     
  4.805000000000000E-002  0.244293566999878     
  5.120000000000000E-002  0.243710367435855     
  5.445000000000001E-002  0.243061969711804     
  5.780000000000000E-002  0.242345443387646     
  6.125000000000001E-002  0.241558118946378     
  6.480000000000000E-002  0.240697606654388     
  6.845000000000001E-002  0.239761811601500     
  7.220000000000000E-002  0.238748945030900     
  7.605000000000001E-002  0.237657532119364     
  8.000000000000000E-002  0.236486416407149     
  8.405000000000001E-002  0.235234761105601     
  8.820000000000000E-002  0.233902047530346     
  9.244999999999999E-002  0.232488070920027     
  9.680000000000001E-002  0.230992933906215     
  0.101250000000000       0.229417037900353     
  0.105800000000000       0.227761072659511     
  0.110450000000000       0.226026004285080     
  0.115200000000000       0.224213061898266     
  0.120050000000000       0.222323723223865     
  0.125000000000000       0.220359699300092     
  0.130050000000000       0.218322918517469     
  0.135200000000000       0.216215510174613     
  0.140450000000000       0.214039787723266     
  0.145800000000000       0.211798231859541     
  0.151250000000000       0.209493473603214     
  0.156800000000000       0.207128277492124     
  0.162450000000000       0.204705525004544     
  0.168200000000000       0.202228198308809     
  0.174050000000000       0.199699364426611     
  0.180000000000000       0.197122159884270     
  0.186050000000000       0.194499775914992     
  0.192200000000000       0.191835444264594     
  0.198450000000000       0.189132423643425     
  0.204800000000000       0.186393986858247     
  0.211250000000000       0.183623408649572     
  0.217800000000000       0.180823954252405     
  0.224450000000000       0.177998868691533     
  0.231200000000000       0.175151366816323     
  0.238050000000000       0.172284624074534     
  0.245000000000000       0.169401768019745     
  0.252050000000000       0.166505870542747     
  0.259200000000000       0.163599940813447     
  0.266450000000000       0.160686918916588     
  0.273800000000000       0.157769670161720     
  0.281250000000000       0.154850980045468     
  0.288800000000000       0.151933549842120     
  0.296450000000000       0.149019992796957     
  0.304200000000000       0.146112830895452     
  0.312050000000000       0.143214492180555     
  0.320000000000000       0.140327308589596     
  0.328050000000000       0.137453514281946     
  0.336200000000000       0.134595244428349     
  0.344450000000000       0.131754534432820     
  0.352800000000000       0.128933319558161     
  0.361250000000000       0.126133434926482     
  0.369800000000000       0.123356615866559     
  0.378450000000000       0.120604498580529     
  0.387200000000000       0.117878621103134     
  0.396050000000000       0.115180424527569     
  0.405000000000000       0.112511254472880     
  0.414050000000000       0.109872362768780     
  0.423200000000000       0.107264909334714     
  0.432450000000000       0.104689964231024     
  0.441800000000000       0.102148509861063     
  0.451250000000000       9.964144330419497E-002
  0.460800000000000       9.716957876071391E-002
  0.470450000000000       9.473365009082244E-002
  0.480200000000000       9.233431343089635E-002
  0.490050000000000       8.997214987134677E-002
  0.500000000000000       8.764766818142047E-002
  0.510050000000000       8.536130756727819E-002
  0.520200000000000       8.311344045067931E-002
  0.530450000000000       8.090437525654515E-002
  0.540800000000000       7.873435919863411E-002
  0.551250000000000       7.660358105348597E-002
  0.561800000000000       7.451217391369602E-002
  0.572450000000000       7.246021791244267E-002
  0.583200000000000       7.044774291199191E-002
  0.594050000000000       6.847473114965738E-002
  0.605000000000000       6.654111983539426E-002
  0.616050000000000       6.464680369586875E-002
  0.627200000000000       6.279163746047978E-002
  0.638450000000000       6.097543828543406E-002
  0.649800000000000       5.919798811255642E-002
  0.661250000000000       5.745903596008511E-002
  0.672800000000000       5.575830014321495E-002
  0.684450000000000       5.409547042261714E-002
  0.696200000000000       5.247021007957919E-002
  0.708050000000000       5.088215791678893E-002
  0.720000000000000       4.933093018412843E-002
  0.732050000000000       4.781612242917713E-002
  0.744200000000000       4.633731127243834E-002
  0.756450000000000       4.489405610760361E-002
  0.768800000000000       4.348590072744460E-002
  0.781250000000000       4.211237487616074E-002
  0.793800000000000       4.077299572922100E-002
  0.806450000000000       3.946726930189570E-002
  0.819200000000000       3.819469178782020E-002
  0.832050000000000       3.695475082905456E-002
  0.845000000000000       3.574692671921909E-002
  0.858050000000000       3.457069354139908E-002
  0.871200000000000       3.342552024261730E-002
  0.884450000000000       3.231087164676269E-002
  0.897800000000000       3.122620940792881E-002
  0.911250000000000       3.017099290615932E-002
  0.924800000000000       2.914468008761148E-002
  0.938450000000000       2.814672825115253E-002
  0.952200000000000       2.717659478340156E-002
  0.966050000000000       2.623373784422764E-002
  0.980000000000000       2.531761700471891E-002
  0.994050000000000       2.442769383963883E-002
   1.00820000000000       2.356343247638074E-002
   1.02245000000000       2.272430010240889E-002
   1.03680000000000       2.190976743314055E-002
   1.05125000000000       2.111930914216764E-002
   1.06580000000000       2.035240425566107E-002
   1.08045000000000       1.960853651274516E-002
   1.09520000000000       1.888719469358266E-002
   1.11005000000000       1.818787291686971E-002
   1.12500000000000       1.751007090840589E-002
   1.14005000000000       1.685329424236323E-002
   1.15520000000000       1.621705455683120E-002
   1.17045000000000       1.560086974515393E-002
   1.18580000000000       1.500426412450978E-002
   1.20125000000000       1.442676858311728E-002
   1.21680000000000       1.386792070738815E-002
   1.23245000000000       1.332726489029812E-002
   1.24820000000000       1.280435242220371E-002
   1.26405000000000       1.229874156529517E-002
   1.28000000000000       1.180999761283427E-002
   1.29605000000000       1.133769293427880E-002
   1.31220000000000       1.088140700734069E-002
   1.32845000000000       1.044072643796207E-002
   1.34480000000000       1.001524496913667E-002
   1.36125000000000       9.604563479448852E-003
   1.37780000000000       9.208289972160000E-003
   1.39445000000000       8.826039555634213E-003
   1.41120000000000       8.457434415864884E-003
   1.42805000000000       8.102103781825909E-003
   1.44500000000000       7.759683884330876E-003
   1.46205000000000       7.429817909037267E-003
   1.47920000000000       7.112155944181353E-003
   1.49645000000000       6.806354923582919E-003
   1.51380000000000       6.512078565418078E-003
   1.53125000000000       6.228997307224871E-003
   1.54880000000000       5.956788237584554E-003
   1.56645000000000       5.695135024896048E-003
   1.58420000000000       5.443727843639223E-003
   1.60205000000000       5.202263298492577E-003
   1.62000000000000       4.970444346639541E-003
   1.63805000000000       4.747980218561293E-003
   1.65620000000000       4.534586337583607E-003
   1.67445000000000       4.329984238420431E-003
   1.69280000000000       4.133901484938585E-003
   1.71125000000000       3.946071587354327E-003
   1.72980000000000       3.766233919064554E-003
   1.74845000000000       3.594133633299551E-003
   1.76720000000000       3.429521579767947E-003
   1.78605000000000       3.272154221443002E-003
   1.80500000000000       3.121793551617347E-003
   1.82405000000000       2.978207011332362E-003
   1.84320000000000       2.841167407275969E-003
   1.86245000000000       2.710452830230359E-003
   1.88180000000000       2.585846574148870E-003
   1.90125000000000       2.467137055933433E-003
   1.92080000000000       2.354117735978017E-003
   1.94045000000000       2.246587039530595E-003
   1.96020000000000       2.144348278912994E-003
   1.98005000000000       2.047209576621800E-003
   2.00000000000000       1.954983789322184E-003
   2.02005000000000       1.867488432738373E-003
   2.04020000000000       1.784545607441290E-003
   2.06045000000000       1.705981925534034E-003
   2.08080000000000       1.631628438234806E-003
   2.10125000000000       1.561320564355761E-003
   2.12180000000000       1.494898019669927E-003
   2.14245000000000       1.432204747152166E-003
   2.16320000000000       1.373088848072412E-003
   2.18405000000000       1.317402513916238E-003
   2.20500000000000       1.265001959105616E-003
   2.22605000000000       1.215747354495700E-003
   2.24720000000000       1.169502761628693E-003
   2.26845000000000       1.126136067727296E-003
   2.28980000000000       1.085518921413120E-003
   2.31125000000000       1.047526669132742E-003
   2.33280000000000       1.012038292271783E-003
   2.35445000000000       9.789363449327348E-004
   2.37620000000000       9.481068923527236E-004
   2.39805000000000       9.194394499359160E-004
   2.42000000000000       8.928269228796748E-004
   2.44205000000000       8.681655463763094E-004
   2.46420000000000       8.453548263749611E-004
   2.48645000000000       8.242974808884973E-004
   2.50880000000000       8.048993818284278E-004
   2.53125000000000       7.870694973491632E-004
   2.55380000000000       7.707198346804944E-004
   2.57645000000000       7.557653834261158E-004
   2.59920000000000       7.421240593081246E-004
   2.62205000000000       7.297166483401507E-004
   2.64500000000000       7.184667514142928E-004
   2.66805000000000       7.083007292892352E-004
   2.69120000000000       6.991476479681902E-004
   2.71445000000000       6.909392244542067E-004
   2.73780000000000       6.836097728689094E-004
   2.76125000000000       6.770961509212914E-004
   2.78480000000000       6.713377067132653E-004
   2.80845000000000       6.662762258706489E-004
   2.83220000000000       6.618558789916462E-004
   2.85605000000000       6.580231694068295E-004
   2.88000000000000       6.547268812474860E-004
   2.90405000000000       6.519180278190539E-004
   2.92820000000000       6.495498002785371E-004
   2.95245000000000       6.475775166128739E-004
   2.97680000000000       6.459585709184534E-004
   3.00125000000000       6.446523829820860E-004
   3.02580000000000       6.436203481670066E-004
   3.05045000000000       6.428257876105736E-004
   3.07520000000000       6.422338987410181E-004
   3.10005000000000       6.418117061247341E-004
   3.12500000000000       6.415280126538803E-004
   3.15005000000000       6.413533510865599E-004
   3.17520000000000       6.412599359516269E-004
   3.20045000000000       6.412216158319384E-004
   3.22580000000000       6.412138260399325E-004
   3.25125000000000       6.412135417019071E-004
   3.27680000000000       6.411992312679859E-004
   3.30245000000000       6.411508104635366E-004
   3.32820000000000       6.410495967004159E-004
   3.35405000000000       6.408782639620303E-004
   3.38000000000000       6.406207981791145E-004
   3.40605000000000       6.402624531105239E-004
   3.43220000000000       6.397897067439429E-004
   3.45845000000000       6.391902182323606E-004
   3.48480000000000       6.384527853814104E-004
   3.51125000000000       6.375673027013695E-004
   3.53780000000000       6.365247200388890E-004
   3.56445000000000       6.353170018000287E-004
   3.59120000000000       6.339370867765870E-004
   3.61805000000000       6.323788485869675E-004
   3.64500000000000       6.306370567427388E-004
   3.67205000000000       6.287073383524078E-004
   3.69920000000000       6.265861404737838E-004
   3.72645000000000       6.242706931251785E-004
   3.75380000000000       6.217589729653472E-004
   3.78125000000000       6.190496676495572E-004
   3.80880000000000       6.161421408672485E-004
   3.83645000000000       6.130363980668962E-004
   3.86420000000000       6.097330528718192E-004
   3.89205000000000       6.062332941921267E-004
   3.92000000000000       6.025388540376042E-004
   3.94805000000000       5.986519760372011E-004
   3.97620000000000       5.945753846692825E-004
   4.00445000000000       5.903122552065876E-004
   4.03280000000000       5.858661843780866E-004
   4.06125000000000       5.812411617494850E-004
   4.08980000000000       5.764415418237356E-004
   4.11845000000000       5.714720168643883E-004
   4.14720000000000       5.663375904449153E-004
   4.17605000000000       5.610435517295620E-004
   4.20500000000000       5.555954504904426E-004
   4.23405000000000       5.499990728654314E-004
   4.26320000000000       5.442604178595989E-004
   4.29245000000000       5.383856745918292E-004
   4.32180000000000       5.323812002857309E-004
   4.35125000000000       5.262534990041201E-004
   4.38080000000000       5.200092011266866E-004
   4.41045000000000       5.136550435705378E-004
   4.44020000000000       5.071978507534269E-004
   4.47005000000000       5.006445162986650E-004
   4.50000000000000       4.940019854794975E-004
   4.53005000000000       4.872772383968382E-004
   4.56020000000000       4.804772738833119E-004
   4.59045000000000       4.736090941239723E-004
   4.62080000000000       4.666796899839287E-004
   4.65125000000000       4.596960270314143E-004
   4.68180000000000       4.526650322497217E-004
   4.71245000000000       4.455935814259016E-004
   4.74320000000000       4.384884872082606E-004
   4.77405000000000       4.313564878201948E-004
   4.80500000000000       4.242042364168974E-004
   4.83605000000000       4.170382910690384E-004
   4.86720000000000       4.098651053584534E-004
   4.89845000000000       4.026910195675248E-004
   4.92980000000000       3.955222524496815E-004
   4.96125000000000       3.883648935658346E-004
   4.99280000000000       3.812248961746756E-004
   5.02445000000000       3.741080706630429E-004
   5.05620000000000       3.670200785028388E-004
   5.08805000000000       3.599664267184000E-004
   5.12000000000000       3.529524628472225E-004
   5.15205000000000       3.459833703775006E-004
   5.18420000000000       3.390641646458803E-004
   5.21645000000000       3.321996891811896E-004
   5.24880000000000       3.253946124811558E-004
   5.28125000000000       3.186534252104800E-004
   5.31380000000000       3.119804378083901E-004
   5.34645000000000       3.053797784933476E-004
   5.37920000000000       2.988553916507264E-004
   5.41205000000000       2.924110365895849E-004
   5.44500000000000       2.860502866541270E-004
   5.47805000000000       2.797765286766951E-004
   5.51120000000000       2.735929627612488E-004
   5.54445000000000       2.675026023875593E-004
   5.57780000000000       2.615082748264053E-004
   5.61125000000000       2.556126218573596E-004
   5.64480000000000       2.498181007771771E-004
   5.67845000000000       2.441269856885142E-004
   5.71220000000000       2.385413690544347E-004
   5.74605000000000       2.330631635064084E-004
   5.78000000000000       2.276941038939495E-004
   5.81405000000000       2.224357495637375E-004
   5.84820000000000       2.172894868586184E-004
   5.88245000000000       2.122565318261604E-004
   5.91680000000000       2.073379331255509E-004
   5.95125000000000       2.025345751201224E-004
   5.98580000000000       1.978471811425742E-004
   6.02045000000000       1.932763169173735E-004
   6.05520000000000       1.888223941266809E-004
   6.09005000000000       1.844856741064771E-004
   6.12500000000000       1.802662716609837E-004
   6.16005000000000       1.761641589853313E-004
   6.19520000000000       1.721791696868424E-004
   6.23045000000000       1.683110028951884E-004
   6.26580000000000       1.645592274505669E-004
   6.30125000000000       1.609232861601861E-004
   6.33680000000000       1.574025001110924E-004
   6.37245000000000       1.539960730298495E-004
   6.40820000000000       1.507030956800492E-004
   6.44405000000000       1.475225502899913E-004
   6.48000000000000       1.444533150037619E-004
   6.51605000000000       1.414941683493265E-004
   6.55220000000000       1.386437937161977E-004
   6.58845000000000       1.359007838353243E-004
   6.62480000000000       1.332636452519298E-004
   6.66125000000000       1.307308027824750E-004
   6.69780000000000       1.283006039481394E-004
   6.73445000000000       1.259713233775772E-004
   6.77120000000000       1.237411671733690E-004
   6.80805000000000       1.216082772375060E-004
   6.84500000000000       1.195707355525211E-004
   6.88205000000000       1.176265684139921E-004
   6.91920000000000       1.157737506096712E-004
   6.95645000000000       1.140102095417150E-004
   6.99380000000000       1.123338292871312E-004
   7.03125000000000       1.107424545938318E-004
   7.06880000000000       1.092338948096572E-004
   7.10645000000000       1.078059277426213E-004
   7.14420000000000       1.064563034527677E-004
   7.18205000000000       1.051827479733314E-004
   7.22000000000000       1.039829669608472E-004
   7.25805000000000       1.028546492708726E-004
   7.29620000000000       1.017954704577440E-004
   7.33445000000000       1.008030961944517E-004
   7.37280000000000       9.987518561105357E-005
   7.41125000000000       9.900939454826618E-005
   7.44980000000000       9.820337872590290E-005
   7.48845000000000       9.745479682438107E-005
   7.52720000000000       9.676131347755024E-005
   7.56605000000000       9.612060217481511E-005
   7.60500000000000       9.553034807080474E-005
   7.64405000000000       9.498825069959027E-005
   7.68320000000000       9.449202659109202E-005
   7.72245000000000       9.403941178862119E-005
   7.76180000000000       9.362816426553011E-005
   7.80125000000000       9.325606624122074E-005
   7.84080000000000       9.292092639581750E-005
   7.88045000000000       9.262058198325485E-005
   7.92020000000000       9.235290084272374E-005
   7.96005000000000       9.211578330736714E-005
   8.00000000000000       9.190716401011323E-005
   8.04005000000000       9.172501358614693E-005
   8.08020000000000       9.156734027290780E-005
   8.12045000000000       9.143219140755887E-005
   8.16080000000000       9.131765482361942E-005
   8.20125000000000       9.122186014834388E-005
   8.24180000000000       9.114298000159615E-005
   8.28245000000000       9.107923109785698E-005
   8.32320000000000       9.102887525327952E-005
   8.36405000000000       9.099022029820936E-005
   8.40500000000000       9.096162089836102E-005
   8.44605000000000       9.094147928651042E-005
   8.48720000000000       9.092824590686832E-005
   8.52845000000000       9.092041997593725E-005
   8.56980000000000       9.091654996204457E-005
   8.61125000000000       9.091523398638279E-005
   8.65280000000000       9.091512014883230E-005
   8.69445000000000       9.091490678087011E-005
   8.73620000000000       9.091334262834039E-005
   8.77805000000000       9.090922696791681E-005
   8.82000000000000       9.090140965936633E-005
   8.86205000000000       9.088879113647308E-005
   8.90420000000000       9.087032234020298E-005
   8.94645000000000       9.084500459496936E-005
   8.98880000000000       9.081188943077523E-005
   9.03125000000000       9.077007835278650E-005
   9.07380000000000       9.071872255969615E-005
   9.11645000000000       9.065702261193409E-005
   9.15920000000000       9.058422805152677E-005
   9.20205000000000       9.049963697446706E-005
   9.24500000000000       9.040259555642693E-005
   9.28805000000000       9.029249753220170E-005
   9.33120000000000       9.016878362957947E-005
   9.37445000000000       9.003094095755282E-005
   9.41780000000000       8.987850235001038E-005
   9.46125000000000       8.971104566565802E-005
   9.50480000000000       8.952819304575144E-005
   9.54845000000000       8.932961013077834E-005
   9.59220000000000       8.911500523856031E-005
   9.63605000000000       8.888412850535654E-005
   9.68000000000000       8.863677099077427E-005
   9.72405000000000       8.837276374959457E-005
   9.76820000000000       8.809197687117964E-005
   9.81245000000000       8.779431848929264E-005
   9.85680000000000       8.747973376463380E-005
   9.90125000000000       8.714820384328470E-005
   9.94580000000000       8.679974479391950E-005
   9.99045000000000       8.643440652617018E-005
   10.0352000000000       8.605227169286578E-005
   10.0800500000000       8.565345457894891E-005
   10.1250000000000       8.523809997801335E-005
   10.1700500000000       8.480638205973778E-005
   10.2152000000000       8.435850323065819E-005
   10.2604500000000       8.389469299086016E-005
   10.3058000000000       8.341520679039371E-005
   10.3512500000000       8.292032488849133E-005
   10.3968000000000       8.241035121717144E-005
   10.4424500000000       8.188561225280777E-005
   10.4882000000000       8.134645589591427E-005
   10.5340500000000       8.079325036103313E-005
   10.5800000000000       8.022638307758623E-005
   10.6260500000000       7.964625960227290E-005
   10.6722000000000       7.905330254528997E-005
   10.7184500000000       7.844795051034636E-005
   10.7648000000000       7.783065704899950E-005
   10.8112500000000       7.720188962995200E-005
   10.8578000000000       7.656212862158784E-005
   10.9044500000000       7.591186628716495E-005
   10.9512000000000       7.525160579080481E-005
   10.9980500000000       7.458186021397362E-005
   11.0450000000000       7.390315158123384E-005
   11.0920500000000       7.321600989590449E-005
   11.1392000000000       7.252097218621301E-005
   11.1864500000000       7.181858156166121E-005
   11.2338000000000       7.110938628063224E-005
   11.2812500000000       7.039393882898870E-005
   11.3288000000000       6.967279500952328E-005
   11.3764500000000       6.894651304267807E-005
   11.4242000000000       6.821565267917107E-005
   11.4720500000000       6.748077432583433E-005
   11.5200000000000       6.674243818630132E-005
   11.5680500000000       6.600120341851423E-005
   11.6162000000000       6.525762731054985E-005
   11.6644500000000       6.451226447584668E-005
   11.7128000000000       6.376566606863809E-005
   11.7612500000000       6.301837901956375E-005
   11.8098000000000       6.227094529240307E-005
   11.8584500000000       6.152390116195838E-005
   11.9072000000000       6.077777651547489E-005
   11.9560500000000       6.003309417743075E-005
   12.0050000000000       5.929036926080600E-005
   12.0540500000000       5.855010854485809E-005
   12.1032000000000       5.781280988026438E-005
   12.1524500000000       5.707896162199244E-005
   12.2018000000000       5.634904208876024E-005
   12.2512500000000       5.562351904989105E-005
   12.3008000000000       5.490284923945210E-005
   12.3504500000000       5.418747789762146E-005
   12.4002000000000       5.347783834075415E-005
   12.4500500000000       5.277435156070265E-005
   12.5000000000000       5.207742585308650E-005
   12.5500500000000       5.138745647489951E-005
   12.6002000000000       5.070482533009457E-005
   12.6504500000000       5.002990068225799E-005
   12.7008000000000       4.936303689417887E-005
   12.7512500000000       4.870457419287044E-005
   12.8018000000000       4.805483846123670E-005
   12.8524500000000       4.741414105541297E-005
   12.9032000000000       4.678277864902936E-005
   12.9540500000000       4.616103310345343E-005
   13.0050000000000       4.554917136342929E-005
   13.0560500000000       4.494744537700268E-005
   13.1072000000000       4.435609203876090E-005
   13.1584500000000       4.377533315466642E-005
   13.2098000000000       4.320537542873426E-005
   13.2612500000000       4.264641047038720E-005
   13.3128000000000       4.209861482279420E-005
   13.3644500000000       4.156215001149821E-005
   13.4162000000000       4.103716261263934E-005
   13.4680500000000       4.052378433930248E-005
   13.5200000000000       4.002213214393535E-005
   13.5720500000000       3.953230833633747E-005
   13.6242000000000       3.905440071408361E-005
   13.6764500000000       3.858848270540949E-005
   13.7288000000000       3.813461352358827E-005
   13.7812500000000       3.769283833215953E-005
   13.8338000000000       3.726318842128817E-005
   13.8864500000000       3.684568139364353E-005
   13.9392000000000       3.644032136043696E-005
   13.9920500000000       3.604709914528659E-005
   14.0450000000000       3.566599249732461E-005
   14.0980500000000       3.529696631199286E-005
   14.1512000000000       3.493997286135864E-005
   14.2044500000000       3.459495203417262E-005
   14.2578000000000       3.426183158666829E-005
   14.3112500000000       3.394052740618436E-005
   14.3648000000000       3.363094378655562E-005
   14.4184500000000       3.333297371641009E-005
   14.4722000000000       3.304649917956759E-005
   14.5260500000000       3.277139146720676E-005
   14.5800000000000       3.250751150088438E-005
   14.6340500000000       3.225471016640724E-005
   14.6882000000000       3.201282865764044E-005
   14.7424500000000       3.178169882975257E-005
   14.7968000000000       3.156114356042683E-005
   14.8512500000000       3.135097711867707E-005
   14.9058000000000       3.115100553827133E-005
   14.9604500000000       3.096102699520764E-005
   15.0152000000000       3.078083218696626E-005
   15.0700500000000       3.061020471267772E-005
   15.1250000000000       3.044892145345757E-005
   15.1800500000000       3.029675295246337E-005
   15.2352000000000       3.015346379453554E-005
   15.2904500000000       3.001881298433928E-005
   15.3458000000000       2.989255432389593E-005
   15.4012500000000       2.977443678814362E-005
   15.4568000000000       2.966420489836086E-005
   15.5124500000000       2.956159909306422E-005
   15.5682000000000       2.946635609643589E-005
   15.6240500000000       2.937820928416990E-005
   15.6800000000000       2.929688904709793E-005
   15.7360500000000       2.922212315234485E-005
   15.7922000000000       2.915363710234709E-005
   15.8484500000000       2.909115449070687E-005
   15.9048000000000       2.903439735502111E-005
   15.9612500000000       2.898308652571346E-005
   16.0178000000000       2.893694197045327E-005
   16.0744500000000       2.889568313377278E-005
   16.1312000000000       2.885902927196593E-005
   16.1880500000000       2.882669978238050E-005
   16.2450000000000       2.879841452793630E-005
   16.3020500000000       2.877389415575915E-005
   16.3592000000000       2.875286040979197E-005
   16.4164500000000       2.873503643746611E-005
   16.4738000000000       2.872014708982240E-005
   16.5312500000000       2.870791921455451E-005
   16.5888000000000       2.869808194341794E-005
   16.6464500000000       2.869036697161764E-005
   16.7042000000000       2.868450883208862E-005
   16.7620500000000       2.868024516225476E-005
   16.8200000000000       2.867731696448717E-005
   16.8780500000000       2.867546885959582E-005
   16.9362000000000       2.867444933279950E-005
   16.9944500000000       2.867401097270128E-005
   17.0528000000000       2.867391070196512E-005
   17.1112500000000       2.867391000022090E-005
   17.1698000000000       2.867377511858726E-005
   17.2284500000000       2.867327728550695E-005
   17.2872000000000       2.867219290339507E-005
   17.3460500000000       2.867030373573942E-005
   17.4050000000000       2.866739708445865E-005
   17.4640500000000       2.866326595671320E-005
   17.5232000000000       2.865770922161337E-005
   17.5824500000000       2.865053175629684E-005
   17.6418000000000       2.864154458193102E-005
   17.7012500000000       2.863056498889072E-005
   17.7608000000000       2.861741665202699E-005
   17.8204500000000       2.860192973558329E-005
   17.8802000000000       2.858394098795292E-005
   17.9400500000000       2.856329382677769E-005
   18.0000000000000       2.853983841444308E-005
   18.0600500000000       2.851343172430298E-005
   18.1202000000000       2.848393759849466E-005
   18.1804500000000       2.845122679706602E-005
   18.2408000000000       2.841517703869312E-005
   18.3012500000000       2.837567303312638E-005
   18.3618000000000       2.833260650494940E-005
   18.4224500000000       2.828587620901102E-005
   18.4832000000000       2.823538793728098E-005
   18.5440500000000       2.818105451726782E-005
   18.6050000000000       2.812279580233223E-005
   18.6660500000000       2.806053865400671E-005
   18.7272000000000       2.799421691626613E-005
   18.7884500000000       2.792377138172153E-005
   18.8498000000000       2.784914974968133E-005
   18.9112500000000       2.777030657571955E-005
   18.9728000000000       2.768720321291718E-005
   19.0344500000000       2.759980774530435E-005
   19.0962000000000       2.750809491297579E-005
   19.1580500000000       2.741204603040615E-005
   19.2200000000000       2.731164889716031E-005
   19.2820500000000       2.720689770230322E-005
   19.3442000000000       2.709779292142667E-005
   19.4064500000000       2.698434120732007E-005
   19.4688000000000       2.686655527409099E-005
   19.5312500000000       2.674445377437440E-005
   19.5938000000000       2.661806117132404E-005
   19.6564500000000       2.648740760538559E-005
   19.7192000000000       2.635252875701766E-005
   19.7820500000000       2.621346570583216E-005
   19.8450000000000       2.607026478720909E-005
   19.9080500000000       2.592297744627436E-005
   19.9712000000000       2.577166009004594E-005
   20.0344500000000       2.561637393794225E-005
   20.0978000000000       2.545718487162452E-005
   20.1612500000000       2.529416328417300E-005
   20.2248000000000       2.512738393012359E-005
   20.2884500000000       2.495692577650366E-005
   20.3522000000000       2.478287185508909E-005
   20.4160500000000       2.460530911624348E-005
   20.4800000000000       2.442432828309027E-005
   20.5440500000000       2.424002370582379E-005
   20.6082000000000       2.405249321557612E-005
   20.6724500000000       2.386183797656316E-005
   20.7368000000000       2.366816233709268E-005
   20.8012500000000       2.347157367854624E-005
   20.8658000000000       2.327218226197414E-005
   20.9304500000000       2.307010107249763E-005
   20.9952000000000       2.286544565988091E-005
   21.0600500000000       2.265833397696593E-005
   21.1250000000000       2.244888621255603E-005
   21.1900500000000       2.223722462149635E-005
   21.2552000000000       2.202347335100718E-005
   21.3204500000000       2.180775826415848E-005
   21.3858000000000       2.159020676209544E-005
   21.4512500000000       2.137094760557012E-005
   21.5168000000000       2.115011073688944E-005
   21.5824500000000       2.092782710269581E-005
   21.6482000000000       2.070422847832987E-005
   21.7140500000000       2.047944729355322E-005
   21.7800000000000       2.025361646057489E-005
   21.8460500000000       2.002686920463126E-005
   21.9122000000000       1.979933889770247E-005
   21.9784500000000       1.957115889608674E-005
   22.0448000000000       1.934246238166626E-005
   22.1112500000000       1.911338220786374E-005
   22.1778000000000       1.888405074840227E-005
   22.2444500000000       1.865459974917383E-005
   22.3112000000000       1.842516018238372E-005
   22.3780500000000       1.819586210236035E-005
   22.4450000000000       1.796683450294712E-005
   22.5120500000000       1.773820517686486E-005
   22.5792000000000       1.751010057660096E-005
   22.6464500000000       1.728264567837923E-005
   22.7138000000000       1.705596384768415E-005
   22.7812500000000       1.683017670783826E-005
   22.8488000000000       1.660540401041133E-005
   22.9164500000000       1.638176350832188E-005
   22.9842000000000       1.615937083190855E-005
   23.0520500000000       1.593833936844313E-005
   23.1200000000000       1.571878014627881E-005
   23.1880500000000       1.550080172463275E-005
   23.2562000000000       1.528451008903087E-005
   23.3244500000000       1.507000855385798E-005
   23.3928000000000       1.485739767129179E-005
   23.4612500000000       1.464677514650958E-005
   23.5298000000000       1.443823575961178E-005
   23.5984500000000       1.423187129373504E-005
   23.6672000000000       1.402777047010417E-005
   23.7360500000000       1.382601888944013E-005
   23.8050000000000       1.362669898119506E-005
   23.8740500000000       1.342988995936545E-005
   23.9432000000000       1.323566778482776E-005
   24.0124500000000       1.304410513416898E-005
   24.0818000000000       1.285527137345754E-005
   24.1512500000000       1.266923253587238E-005
   24.2208000000000       1.248605130385605E-005
   24.2904500000000       1.230578699423779E-005
   24.3602000000000       1.212849554646511E-005
   24.4300500000000       1.195422951386083E-005
   24.5000000000000       1.178303805746128E-005
   24.5700500000000       1.161496694132569E-005
   24.6402000000000       1.145005852959402E-005
   24.7104500000000       1.128835178434984E-005
   24.7808000000000       1.112988226376066E-005
   24.8512500000000       1.097468212143959E-005
   24.9218000000000       1.082278010666737E-005
   24.9924500000000       1.067420156702914E-005
   25.0632000000000       1.052896845341045E-005
   25.1340500000000       1.038709932901782E-005
   25.2050000000000       1.024860938178551E-005
   25.2760500000000       1.011351044136188E-005
   25.3472000000000       9.981811000925322E-006
   25.4184500000000       9.853516243107929E-006
   25.4898000000000       9.728628072053214E-006
   25.5612500000000       9.607145150830609E-006
   25.6328000000000       9.489062945428062E-006
   25.7044500000000       9.374373774906353E-006
   25.7762000000000       9.263066868075986E-006
   25.8480500000000       9.155128425891723E-006
   25.9200000000000       9.050541688954139E-006
   25.9920500000000       8.949287009257789E-006
   26.0642000000000       8.851341925353307E-006
   26.1364500000000       8.756681240118525E-006
   26.2088000000000       8.665277100861069E-006
   26.2812500000000       8.577099080697703E-006
   26.3538000000000       8.492114261432482E-006
   26.4264500000000       8.410287316323872E-006
   26.4992000000000       8.331580592463306E-006
   26.5720500000000       8.255954192515347E-006
   26.6450000000000       8.183366054348440E-006
   26.7180500000000       8.113772028833788E-006
   26.7912000000000       8.047125955784606E-006
   26.8644500000000       7.983379738424334E-006
   26.9378000000000       7.922483416383796E-006
   27.0112500000000       7.864385238059990E-006
   27.0848000000000       7.809031731920157E-006
   27.1584500000000       7.756367778249951E-006
   27.2322000000000       7.706336679819126E-006
   27.3060500000000       7.658880233102350E-006
   27.3800000000000       7.613938799277964E-006
   27.4540500000000       7.571451375976146E-006
   27.5282000000000       7.531355669665452E-006
   27.6024500000000       7.493588169454890E-006
   27.6768000000000       7.458084221617645E-006
   27.7512500000000       7.424778105780128E-006
   27.8258000000000       7.393603111666147E-006
   27.9004500000000       7.364491616534963E-006
   27.9752000000000       7.337375163063431E-006
   28.0500500000000       7.312184537144883E-006
   28.1250000000000       7.288849846021073E-006
   28.2000500000000       7.267300596441872E-006
   28.2752000000000       7.247465772769468E-006
   28.3504500000000       7.229273915082546E-006
   28.4258000000000       7.212653197252727E-006
   28.5012500000000       7.197531504909982E-006
   28.5768000000000       7.183836512714148E-006
   28.6524500000000       7.171495761376656E-006
   28.7282000000000       7.160436734210407E-006
   28.8040500000000       7.150586933568626E-006
   28.8800000000000       7.141873956589828E-006
   28.9560500000000       7.134225571414632E-006
   29.0322000000000       7.127569792736432E-006
   29.1084500000000       7.121834957157791E-006
   29.1848000000000       7.116949798685601E-006
   29.2612500000000       7.112843522810719E-006
   29.3378000000000       7.109445880643106E-006
   29.4144500000000       7.106687242075527E-006
   29.4912000000000       7.104498668281112E-006
   29.5680500000000       7.102811982961921E-006
   29.6450000000000       7.101559842931371E-006
   29.7220500000000       7.100675807170109E-006
   29.7992000000000       7.100094404299817E-006
   29.8764500000000       7.099751198363924E-006
   29.9538000000000       7.099582852193587E-006
   30.0312500000000       7.099527188220156E-006
   30.1088000000000       7.099523246872907E-006
   30.1864500000000       7.099511341646103E-006
   30.2642000000000       7.099433111196207E-006
   30.3420500000000       7.099231567747610E-006
   30.4200000000000       7.098851141973395E-006
   30.4980500000000       7.098237724489920E-006
   30.5762000000000       7.097338703021538E-006
   30.6544500000000       7.096102996401177E-006
   30.7328000000000       7.094481084740645E-006
   30.8112500000000       7.092425036964167E-006
   30.8898000000000       7.089888534400623E-006
   30.9684500000000       7.086826892460651E-006
   31.0472000000000       7.083197079205128E-006
   31.1260500000000       7.078957731831981E-006
   31.2050000000000       7.074069170831532E-006
   31.2840500000000       7.068493412282217E-006
   31.3632000000000       7.062194178286685E-006
   31.4424500000000       7.055136906242154E-006
   31.5218000000000       7.047288756473202E-006
   31.6012500000000       7.038618618393500E-006
   31.6808000000000       7.029097115501814E-006
   31.7604500000000       7.018696608601660E-006
   31.8402000000000       7.007391197716428E-006
   31.9200500000000       6.995156722033880E-006
   32.0000000000000       6.981970759156741E-006
   32.0800500000000       6.967812621577751E-006
   32.1602000000000       6.952663353015920E-006
   32.2404500000000       6.936505722809905E-006
   32.3208000000000       6.919324218923606E-006
   32.4012500000000       6.901105039452959E-006
   32.4818000000000       6.881836082883730E-006
   32.5624500000000       6.861506936406414E-006
   32.6432000000000       6.840108862704586E-006
   32.7240500000000       6.817634785688531E-006
   32.8050000000000       6.794079274563547E-006
   32.8860500000000       6.769438526538218E-006
   32.9672000000000       6.743710348200427E-006
   33.0484500000000       6.716894135422313E-006
   33.1298000000000       6.688990851377863E-006
   33.2112500000000       6.660003002090242E-006
   33.2928000000000       6.629934610480337E-006
   33.3744500000000       6.598791187417685E-006
   33.4562000000000       6.566579700967301E-006
   33.5380500000000       6.533308543554828E-006
   33.6200000000000       6.498987497105535E-006
   33.7020500000000       6.463627695962870E-006
   33.7842000000000       6.427241588419230E-006
   33.8664500000000       6.389842895943021E-006
   33.9488000000000       6.351446570768138E-006
   34.0312500000000       6.312068752289957E-006
   34.1138000000000       6.271726722045790E-006
   34.1964500000000       6.230438858556564E-006
   34.2792000000000       6.188224591835434E-006
   34.3620500000000       6.145104358451503E-006
   34.4450000000000       6.101099557231926E-006
   34.5280500000000       6.056232505630144E-006
   34.6112000000000       6.010526396732496E-006
   34.6944500000000       5.964005257624860E-006
   34.7778000000000       5.916693908175619E-006
   34.8612500000000       5.868617921012120E-006
   34.9448000000000       5.819803583079208E-006
   35.0284500000000       5.770277858307971E-006
   35.1122000000000       5.720068351644514E-006
   35.1960500000000       5.669203274355494E-006
   35.2800000000000       5.617711409972026E-006
   35.3640500000000       5.565622080538901E-006
   35.4482000000000       5.512965113363411E-006
   35.5324500000000       5.459770806959252E-006
   35.6168000000000       5.406069897351262E-006
   35.7012500000000       5.351893523797280E-006
   35.7858000000000       5.297273194232455E-006
   35.8704500000000       5.242240749658844E-006
   35.9552000000000       5.186828328340720E-006
   36.0400500000000       5.131068328112498E-006
   36.1250000000000       5.074993367382152E-006
   36.2100500000000       5.018636244080721E-006
   36.2952000000000       4.962029893390563E-006
   36.3804500000000       4.905207343530726E-006
   36.4658000000000       4.848201670959451E-006
   36.5512500000000       4.791045954577466E-006
   36.6368000000000       4.733773230097826E-006
   36.7224500000000       4.676416444443499E-006
   36.8082000000000       4.619008411088643E-006
   36.8940500000000       4.561581765927247E-006
   36.9800000000000       4.504168924918117E-006
   37.0660500000000       4.446802044172360E-006
   37.1522000000000       4.389512982455601E-006
   37.2384500000000       4.332333267687005E-006
   37.3248000000000       4.275294066963253E-006
   37.4112500000000       4.218426160995659E-006
   37.4978000000000       4.161759921961217E-006
   37.5844500000000       4.105325295294948E-006
   37.6712000000000       4.049151784063509E-006
   37.7580500000000       3.993268435836805E-006
   37.8450000000000       3.937703831308204E-006
   37.9320500000000       3.882486074024971E-006
   38.0192000000000       3.827642781228935E-006
   38.1064500000000       3.773201074003252E-006
   38.1938000000000       3.719187567363669E-006
   38.2812500000000       3.665628358295869E-006
   38.3688000000000       3.612549011211552E-006
   38.4564500000000       3.559974541239574E-006
   38.5442000000000       3.507929393214981E-006
   38.6320500000000       3.456437417753699E-006
   38.7200000000000       3.405521843968806E-006
   38.8080500000000       3.355205249550020E-006
   38.8962000000000       3.305509528039874E-006
   38.9844500000000       3.256455854472318E-006
   39.0728000000000       3.208064649151687E-006
   39.1612500000000       3.160355540654525E-006
   39.2498000000000       3.113347327970972E-006
   39.3384500000000       3.067057943256790E-006
   39.4272000000000       3.021504415640086E-006
   39.5160500000000       2.976702837165224E-006
   39.6050000000000       2.932668331789845E-006
   39.6940500000000       2.889415028073383E-006
   39.7832000000000       2.846956035945647E-006
   39.8724500000000       2.805303428332628E-006
   39.9618000000000       2.764468227278716E-006
   40.0512500000000       2.724460394842865E-006
   40.1408000000000       2.685288828990773E-006
   40.2304500000000       2.646961364372036E-006
   40.3202000000000       2.609484778287596E-006
   40.4100500000000       2.572864801458907E-006
   40.5000000000000       2.537106133515543E-006
   40.5900500000000       2.502212462562881E-006
   40.6802000000000       2.468186488385760E-006
   40.7704500000000       2.435029948177903E-006
   40.8608000000000       2.402743644769334E-006
   40.9512500000000       2.371327475853002E-006
   41.0418000000000       2.340780464543668E-006
   41.1324500000000       2.311100790353127E-006
   41.2232000000000       2.282285820248697E-006
   41.3140500000000       2.254332139406401E-006
   41.4050000000000       2.227235580909426E-006
   41.4960500000000       2.200991254391882E-006
   41.5872000000000       2.175593572240064E-006
   41.6784500000000       2.151036274433693E-006
   41.7698000000000       2.127312450750374E-006
   41.8612500000000       2.104414561138190E-006
   41.9528000000000       2.082334454478474E-006
   42.0444500000000       2.061063385794260E-006
   42.1362000000000       2.040592032154231E-006
   42.2280500000000       2.020910508326867E-006
   42.3200000000000       2.002008380797005E-006
   42.4120500000000       1.983874682504050E-006
   42.5042000000000       1.966497926608746E-006
   42.5964500000000       1.949866120870558E-006
   42.6888000000000       1.933966782635688E-006
   42.7812500000000       1.918786954602236E-006
   42.8738000000000       1.904313221806619E-006
   42.9664500000000       1.890531729886735E-006
   43.0592000000000       1.877428204316578E-006
   43.1520500000000       1.864987970418008E-006
   43.2450000000000       1.853195974399480E-006
   43.3380500000000       1.842036804478031E-006
   43.4312000000000       1.831494712722925E-006
   43.5244500000000       1.821553636538464E-006
   43.6178000000000       1.812197220452116E-006
   43.7112500000000       1.803408837819376E-006
   43.8048000000000       1.795171612473112E-006
   43.8984500000000       1.787468439262696E-006
   43.9922000000000       1.780282004759659E-006
   44.0860500000000       1.773594806936396E-006
   44.1800000000000       1.767389174456291E-006
   44.2740500000000       1.761647285075663E-006
   44.3682000000000       1.756351183906935E-006
   44.4624500000000       1.751482801487514E-006
   44.5568000000000       1.747023971515604E-006
   44.6512500000000       1.742956449113375E-006
   44.7458000000000       1.739261928701552E-006
   44.8404500000000       1.735922062401363E-006
   44.9352000000000       1.732918478131174E-006
   45.0300500000000       1.730232798341502E-006
   45.1250000000000       1.727846658805543E-006
   45.2200500000000       1.725741727076624E-006
   45.3152000000000       1.723899722055888E-006
   45.4104500000000       1.722302432671796E-006
   45.5058000000000       1.720931737281273E-006
   45.6012500000000       1.719769622682277E-006
   45.6968000000000       1.718798202904326E-006
   45.7924500000000       1.717999737693710E-006
   45.8882000000000       1.717356650721147E-006
   45.9840500000000       1.716851547456377E-006
   46.0800000000000       1.716467232543151E-006
   46.1760500000000       1.716186727007685E-006
   46.2722000000000       1.715993285217321E-006
   46.3684500000000       1.715870411395093E-006
   46.4648000000000       1.715801875745715E-006
   46.5612500000000       1.715771730553817E-006
   46.6578000000000       1.715764325949110E-006
   46.7544500000000       1.715764325088687E-006
   46.8512000000000       1.715756719561368E-006
   46.9480500000000       1.715726843709575E-006
   47.0450000000000       1.715660389089990E-006
   47.1420500000000       1.715543418323584E-006
   47.2392000000000       1.715362378112983E-006
   47.3364500000000       1.715104111676968E-006
   47.4338000000000       1.714755870380058E-006
   47.5312500000000       1.714305324501675E-006
   47.6288000000000       1.713740573144884E-006
   47.7264500000000       1.713050152979401E-006
   47.8242000000000       1.712223046124173E-006
   47.9220500000000       1.711248687030764E-006
   48.0200000000000       1.710116968367537E-006
   48.1180500000000       1.708818245516053E-006
   48.2162000000000       1.707343340651146E-006
   48.3144500000000       1.705683545655257E-006
   48.4128000000000       1.703830623839275E-006
   48.5112500000000       1.701776811774414E-006
   48.6098000000000       1.699514819458736E-006
   48.7084500000000       1.697037830233894E-006
   48.8072000000000       1.694339499674902E-006
   48.9060500000000       1.691413953786025E-006
   49.0050000000000       1.688255786419512E-006
   49.1040500000000       1.684860055806148E-006
   49.2032000000000       1.681222280308647E-006
   49.3024500000000       1.677338433675457E-006
   49.4018000000000       1.673204939184325E-006
   49.5012500000000       1.668818663036475E-006
   49.6008000000000       1.664176906945869E-006
   49.7004500000000       1.659277399979064E-006
   49.8002000000000       1.654118289173834E-006
   49.9000500000000       1.648698130407578E-006
   50.0000000000000       1.643015878127763E-006
   50.1000500000000       1.637070875359914E-006
   50.2002000000000       1.630862843687853E-006
   50.3004500000000       1.624391873400466E-006
   50.4008000000000       1.617658414221346E-006
   50.5012500000000       1.610663265899648E-006
   50.6018000000000       1.603407569772397E-006
   50.7024500000000       1.595892800576593E-006
   50.8032000000000       1.588120759260514E-006
   50.9040500000000       1.580093566405649E-006
   51.0050000000000       1.571813656731091E-006
   51.1060500000000       1.563283774541624E-006
   51.2072000000000       1.554506970091740E-006
   51.3084500000000       1.545486596504775E-006
   51.4098000000000       1.536226307136124E-006
   51.5112500000000       1.526730053186265E-006
   51.6128000000000       1.517002081202756E-006
   51.7144500000000       1.507046930054878E-006
   51.8162000000000       1.496869427825009E-006
   51.9180500000000       1.486474688006112E-006
   52.0200000000000       1.475868105227374E-006
   52.1220500000000       1.465055349175737E-006
   52.2242000000000       1.454042358212115E-006
   52.3264500000000       1.442835330267567E-006
   52.4288000000000       1.431440712323928E-006
   52.5312500000000       1.419865187840541E-006
   52.6338000000000       1.408115661738485E-006
   52.7364500000000       1.396199244108054E-006
   52.8392000000000       1.384123232056611E-006
   52.9420500000000       1.371895090696018E-006
   53.0450000000000       1.359522432770044E-006
   53.1480500000000       1.347012998753616E-006
   53.2512000000000       1.334374635730828E-006
   53.3544500000000       1.321615277299903E-006
   53.4578000000000       1.308742923367134E-006
   53.5612500000000       1.295765621134315E-006
   53.6648000000000       1.282691447557216E-006
   53.7684500000000       1.269528493275107E-006
   53.8722000000000       1.256284848899503E-006
   53.9760500000000       1.242968593440086E-006
   54.0800000000000       1.229587785089858E-006
   54.1840500000000       1.216150454202980E-006
   54.2882000000000       1.202664598437542E-006
   54.3924500000000       1.189138179508165E-006
   54.4968000000000       1.175579121687198E-006
   54.6012500000000       1.161995311721453E-006
   54.7058000000000       1.148394599581604E-006
   54.8104500000000       1.134784799655675E-006
   54.9152000000000       1.121173692358868E-006
   55.0200500000000       1.107569026076449E-006
   55.1250000000000       1.093978518135197E-006
   55.2300500000000       1.080409855330755E-006
   55.3352000000000       1.066870693677835E-006
   55.4404500000000       1.053368656966924E-006
   55.5458000000000       1.039911334210775E-006
   55.6512500000000       1.026506275869643E-006
   55.7568000000000       1.013160988549977E-006
   55.8624500000000       9.998829280377652E-007
   55.9682000000000       9.866794909441090E-007
   56.0740500000000       9.735580047964820E-007
   56.1800000000000       9.605257165479220E-007
   56.2860500000000       9.475897803645772E-007
   56.3922000000000       9.347572439144525E-007
   56.4984500000000       9.220350346839101E-007
   56.6048000000000       9.094299448508814E-007
   56.7112500000000       8.969486169352336E-007
   56.8178000000000       8.845975281168705E-007
   56.9244500000000       8.723829746093426E-007
   57.0312000000000       8.603110561167249E-007
   57.1380500000000       8.483876603737617E-007
   57.2450000000000       8.366184482966332E-007
   57.3520500000000       8.250088400219013E-007
   57.4592000000000       8.135640031936564E-007
   57.5664500000000       8.022888416114871E-007
   57.6738000000000       7.911879866817628E-007
   57.7812500000000       7.802657903677179E-007
   57.8888000000000       7.695263199158919E-007
   57.9964500000000       7.589733541646382E-007
   58.1042000000000       7.486103814347000E-007
   58.2120500000000       7.384405996124777E-007
   58.3200000000000       7.284669178431180E-007
   58.4280500000000       7.186919602220065E-007
   58.5362000000000       7.091180715956824E-007
   58.6444500000000       6.997473251113551E-007
   58.7528000000000       6.905815311819552E-007
   58.8612500000000       6.816222479499867E-007
   58.9698000000000       6.728707916403565E-007
   59.0784500000000       6.643282478291379E-007
   59.1872000000000       6.559954816021119E-007
   59.2960500000000       6.478731486014855E-007
   59.4050000000000       6.399617037966543E-007
   59.5140500000000       6.322614107823199E-007
   59.6232000000000       6.247723493002511E-007
   59.7324500000000       6.174944217618439E-007
   59.8418000000000       6.104273584661701E-007
   59.9512500000000       6.035707214857577E-007
   60.0608000000000       5.969239067482590E-007
   60.1704500000000       5.904861443695175E-007
   60.2802000000000       5.842564979041676E-007
   60.3900500000000       5.782338620419214E-007
   60.5000000000000       5.724169588328110E-007
   60.6100500000000       5.668043336626294E-007
   60.7202000000000       5.613943504789720E-007
   60.8304500000000       5.561851871005441E-007
   60.9408000000000       5.511748304432018E-007
   61.0512500000000       5.463610737166391E-007
   61.1618000000000       5.417415137320969E-007
   61.2724500000000       5.373135502639848E-007
   61.3832000000000       5.330743874099042E-007
   61.4940500000000       5.290210361164061E-007
   61.6050000000000       5.251503194247942E-007
   61.7160500000000       5.214588790769525E-007
   61.8272000000000       5.179431842583515E-007
   61.9384500000000       5.145995416733218E-007
   62.0498000000000       5.114241077575077E-007
   62.1612500000000       5.084129018895212E-007
   62.2728000000000       5.055618212401747E-007
   62.3844500000000       5.028666559547812E-007
   62.4962000000000       5.003231049460766E-007
   62.6080500000000       4.979267918536756E-007
   62.7200000000000       4.956732799488162E-007
   62.8320500000000       4.935580863174582E-007
   62.9442000000000       4.915766950441824E-007
   63.0564500000000       4.897245690638208E-007
   63.1688000000000       4.879971603755084E-007
   63.2812500000000       4.863899196461130E-007
   63.3938000000000       4.848983039540400E-007
   63.5064500000000       4.835177841167049E-007
   63.6192000000000       4.822438498808257E-007
   63.7320500000000       4.810720150849601E-007
   63.8450000000000       4.799978207681299E-007
   63.9580500000000       4.790168376123116E-007
   64.0712000000000       4.781246671081707E-007
   64.1844500000000       4.773169419991508E-007
   64.2978000000000       4.765893257818732E-007
   64.4112500000000       4.759375116791809E-007
   64.5248000000000       4.753572212246038E-007
   64.6384500000000       4.748442024304911E-007
   64.7522000000000       4.743942279561431E-007
   64.8660500000000       4.740030929151207E-007
   64.9800000000000       4.736666126825551E-007
   65.0940500000000       4.733806210910352E-007
   65.2082000000000       4.731409679326060E-007
   65.3224500000000       4.729435178485453E-007
   65.4368000000000       4.727841482199402E-007
   65.5512500000000       4.726587486958422E-007
   65.6658000000000       4.725632203328445E-007
   65.7804500000000       4.724934760391708E-007
   65.8952000000000       4.724454411020318E-007
   66.0100500000000       4.724150549639816E-007
   66.1250000000000       4.723982735266308E-007
   66.2400500000000       4.723910722037594E-007
   66.3552000000000       4.723894496405645E-007
   66.4704500000000       4.723894321545519E-007
   66.5858000000000       4.723870786205175E-007
   66.7012500000000       4.723784859383962E-007
   66.8168000000000       4.723597950007097E-007
   66.9324500000000       4.723271971041054E-007
   67.0482000000000       4.722769407772276E-007
   67.1640500000000       4.722053388583891E-007
   67.2800000000000       4.721087756009990E-007
   67.3960500000000       4.719837142508343E-007
   67.5122000000000       4.718267039849344E-007
   67.6284500000000       4.716343870725392E-007
   67.7448000000000       4.714035053421384E-007
   67.8612500000000       4.711309067317870E-007
   67.9778000000000       4.708135511732880E-007
   68.0944500000000       4.704485161155514E-007
   68.2112000000000       4.700330020201982E-007
   68.3280500000000       4.695643372742975E-007
   68.4450000000000       4.690399825202363E-007
   68.5620500000000       4.684575348190556E-007
   68.6792000000000       4.678147311476533E-007
   68.7964500000000       4.671094508412743E-007
   68.9138000000000       4.663397180915130E-007
   69.0312500000000       4.655037035006249E-007
   69.1488000000000       4.645997249974609E-007
   69.2664500000000       4.636262490587129E-007
   69.3842000000000       4.625818909309576E-007
   69.5020500000000       4.614654155188358E-007
   69.6200000000000       4.602757378013855E-007
   69.7380500000000       4.590119234704204E-007
   69.8562000000000       4.576731894856412E-007
   69.9744500000000       4.562589046575027E-007
   70.0928000000000       4.547685902855925E-007
   70.2112500000000       4.532019200753634E-007
   70.3298000000000       4.515587201381344E-007
   70.4484500000000       4.498389684637338E-007
   70.5672000000000       4.480427941433440E-007
   70.6860500000000       4.461704757874330E-007
   70.8050000000000       4.442224398604200E-007
   70.9240500000000       4.421992588210522E-007
   71.0432000000000       4.401016486521581E-007
   71.1624500000000       4.379304658075345E-007
   71.2818000000000       4.356867036592327E-007
   71.4012500000000       4.333714880289108E-007
   71.5208000000000       4.309860717199854E-007
   71.6404500000000       4.285318278007821E-007
   71.7602000000000       4.260102420272638E-007
   71.8800500000000       4.234229044886018E-007
   72.0000000000000       4.207715002535473E-007
   72.1200500000000       4.180578007384472E-007
   72.2402000000000       4.152836544646377E-007
   72.3604500000000       4.124509786485042E-007
   72.4808000000000       4.095617514021654E-007
   72.6012500000000       4.066180041839562E-007
   72.7218000000000       4.036218150815785E-007
   72.8424500000000       4.005753021230074E-007
   72.9632000000000       3.974806171425094E-007
   73.0840500000000       3.943399393413483E-007
   73.2050000000000       3.911554697366704E-007
   73.3260500000000       3.879294254161003E-007
   73.4472000000000       3.846640345417374E-007
   73.5684500000000       3.813615317704855E-007
   73.6898000000000       3.780241543405172E-007
   73.8112500000000       3.746541388793823E-007
   73.9328000000000       3.712537187949838E-007
   74.0544500000000       3.678251218053319E-007
   74.1762000000000       3.643705681066756E-007
   74.2980500000000       3.608922683473459E-007
   74.4200000000000       3.573924215183322E-007
   74.5420500000000       3.538732125940580E-007
   74.6642000000000       3.503368096458015E-007
   74.7864500000000       3.467853610938931E-007
   74.9088000000000       3.432209927101137E-007
   75.0312500000000       3.396458049254036E-007
   75.1538000000000       3.360618706094165E-007
   75.2764500000000       3.324712338770297E-007
   75.3992000000000       3.288759092001659E-007
   75.5220500000000       3.252778815465707E-007
   75.6450000000000       3.216791068239022E-007
   75.7680500000000       3.180815123238201E-007
   75.8912000000000       3.144869973603637E-007
   76.0144500000000       3.108974329091296E-007
   76.1378000000000       3.073146613852273E-007
   76.2612500000000       3.037404961159229E-007
   76.3848000000000       3.001767207577721E-007
   76.5084500000000       2.966250890745759E-007
   76.6322000000000       2.930873252982025E-007
   76.7560500000000       2.895651252110554E-007
   76.8800000000000       2.860601576726296E-007
   77.0040500000000       2.825740671730248E-007
   77.1282000000000       2.791084758591023E-007
   77.2524500000000       2.756649858937088E-007
   77.3768000000000       2.722451812320337E-007
   77.5012500000000       2.688506284265202E-007
   77.6258000000000       2.654828769599327E-007
   77.7504500000000       2.621434587180005E-007
   77.8752000000000       2.588338869069506E-007
   78.0000500000000       2.555556540273507E-007
   78.1250000000000       2.523102303475522E-007
   78.2500500000000       2.490990620995781E-007
   78.3752000000000       2.459235698970552E-007
   78.5004500000000       2.427851477082577E-007
   78.6258000000000       2.396851622177287E-007
   78.7512500000000       2.366249521323915E-007
   78.8768000000000       2.336058278762376E-007
   79.0024500000000       2.306290708409264E-007
   79.1282000000000       2.276959327474071E-007
   79.2540500000000       2.248076345634509E-007
   79.3800000000000       2.219653656709841E-007
   79.5060500000000       2.191702829501541E-007
   79.6322000000000       2.164235104462620E-007
   79.7584500000000       2.137261397305856E-007
   79.8848000000000       2.110792313991805E-007
   80.0112500000000       2.084838160165692E-007
   80.1378000000000       2.059408965304765E-007
   80.2644500000000       2.034514497151196E-007
   80.3912000000000       2.010164271981640E-007
   80.5180500000000       1.986367549611234E-007
   80.6450000000000       1.963133318405585E-007
   80.7720500000000       1.940470258088300E-007
   80.8992000000000       1.918386694776952E-007
   81.0264500000000       1.896890533259477E-007
   81.1538000000000       1.875989187050120E-007
   81.2812500000000       1.855689497343160E-007
   81.4088000000000       1.835997650023735E-007
   81.5364500000000       1.816919091846003E-007
   81.6642000000000       1.798458447721529E-007
   81.7920500000000       1.780619441338338E-007
   81.9200000000000       1.763404819110637E-007
   82.0480500000000       1.746816277181651E-007
   82.1762000000000       1.730854394255132E-007
   82.3044500000000       1.715518568312646E-007
   82.4328000000000       1.700806962212642E-007
   82.5612500000000       1.686716459003978E-007
   82.6898000000000       1.673242629451899E-007
   82.8184500000000       1.660379717605132E-007
   82.9472000000000       1.648120647179674E-007
   83.0760500000000       1.636457044318362E-007
   83.2050000000000       1.625379284775352E-007
   83.3340500000000       1.614876559419276E-007
   83.4632000000000       1.604936955834635E-007
   83.5924500000000       1.595547547139642E-007
   83.7218000000000       1.586694492183849E-007
   83.8512500000000       1.578363136300887E-007
   83.9808000000000       1.570538112061204E-007
   84.1104500000000       1.563203441135030E-007
   84.2402000000000       1.556342631992003E-007
   84.3700500000000       1.549938778988569E-007
   84.5000000000000       1.543974658957392E-007
   84.6300500000000       1.538432826964087E-007
   84.7602000000000       1.533295712063953E-007
   84.8904500000000       1.528545708617823E-007
   85.0208000000000       1.524165262056787E-007
   85.1512500000000       1.520136949373363E-007
   85.2818000000000       1.516443547955326E-007
   85.4124500000000       1.513068093317305E-007
   85.5432000000000       1.509993928505704E-007
   85.6740500000000       1.507204736017620E-007
   85.8050000000000       1.504684558062408E-007
   85.9360500000000       1.502417812382362E-007
   86.0672000000000       1.500389289199600E-007
   86.1984500000000       1.498584153158955E-007
   86.3298000000000       1.496987929727744E-007
   86.4612500000000       1.495586496313983E-007
   86.5928000000000       1.494366065335484E-007
   86.7244500000000       1.493313165901178E-007
   86.8562000000000       1.492414625214877E-007
   86.9880500000000       1.491657545815706E-007
   87.1200000000000       1.491029275046962E-007
   87.2520500000000       1.490517382851664E-007
   87.3842000000000       1.490109627078073E-007
   87.5164500000000       1.489793926279237E-007
   87.6488000000000       1.489558330569629E-007
   87.7812500000000       1.489390998865581E-007
   87.9138000000000       1.489280178068597E-007
   88.0464500000000       1.489214191130461E-007
   88.1792000000000       1.489181427061226E-007
   88.3120500000000       1.489170342039436E-007
   88.4450000000000       1.489169458579465E-007
   88.5780500000000       1.489167373025513E-007
   88.7112000000000       1.489152764433399E-007
   88.8444500000000       1.489114405950343E-007
   88.9778000000000       1.489041178415196E-007
   89.1112500000000       1.488922087566902E-007
   89.2448000000000       1.488746277922282E-007
   89.3784500000000       1.488503056090718E-007
   89.5122000000000       1.488181910203057E-007
   89.6460500000000       1.487772531005849E-007
   89.7800000000000       1.487264837674029E-007
   89.9140500000000       1.486648995019380E-007
   90.0482000000000       1.485915435417429E-007
   90.1824500000000       1.485054872962799E-007
   90.3168000000000       1.484058317346992E-007
   90.4512500000000       1.482917078576840E-007
   90.5858000000000       1.481622774468505E-007
   90.7204500000000       1.480167333700599E-007
   90.8552000000000       1.478543003585742E-007
   90.9900500000000       1.476742356176786E-007
   91.1250000000000       1.474758302422163E-007
   91.2600500000000       1.472584110762121E-007
   91.3952000000000       1.470213427945399E-007
   91.5304500000000       1.467640308172591E-007
   91.6658000000000       1.464859239463934E-007
   91.8012500000000       1.461865171414889E-007
   91.9368000000000       1.458653541563937E-007
   92.0724500000000       1.455220296486814E-007
   92.2082000000000       1.451561911780530E-007
   92.3440500000000       1.447675404275817E-007
   92.4800000000000       1.443558343694473E-007
   92.6160500000000       1.439208861531149E-007
   92.7522000000000       1.434625659657573E-007
   92.8884500000000       1.429808018094114E-007
   93.0248000000000       1.424755802503785E-007
   93.1612500000000       1.419469471131141E-007
   93.2978000000000       1.413950078132942E-007
   93.4344500000000       1.408199274133271E-007
   93.5712000000000       1.402219297896856E-007
   93.7080500000000       1.396012956622616E-007
   93.8450000000000       1.389583596800303E-007
   93.9820500000000       1.382935066185365E-007
   94.1192000000000       1.376071665504242E-007
   94.2564500000000       1.368998093498330E-007
   94.3938000000000       1.361719393078165E-007
   94.5312500000000       1.354240898865378E-007
   94.6688000000000       1.346568190008224E-007
   94.8064500000000       1.338707049103327E-007
   94.9442000000000       1.330663428888990E-007
   95.0820500000000       1.322443427542730E-007
   95.2200000000000       1.314053265089044E-007
   95.3580500000000       1.305499262027610E-007
   95.4962000000000       1.296787822402390E-007
   95.6344500000000       1.287925406601165E-007
   95.7728000000000       1.278918510261295E-007
   95.9112500000000       1.269773638457039E-007
   96.0498000000000       1.260497284050199E-007
   96.1884500000000       1.251095906040778E-007
   96.3272000000000       1.241575920962745E-007
   96.4660500000000       1.231943700108484E-007
   96.6050000000000       1.222205579243241E-007
   96.7440500000000       1.212367881364695E-007
   96.8832000000000       1.202436945013652E-007
   97.0224500000000       1.192419162299174E-007
   97.1618000000000       1.182321013870613E-007
   97.3012500000000       1.172149100836517E-007
   97.4408000000000       1.161910164748647E-007
   97.5804500000000       1.151611097316430E-007
   97.7202000000000       1.141258933190503E-007
   97.8600500000000       1.130860829146041E-007
   98.0000000000000       1.120424035216949E-007
   98.1400500000000       1.109955854450284E-007
   98.2802000000000       1.099463604881112E-007
   98.4204500000000       1.088954578176704E-007
   98.5608000000000       1.078436006607397E-007
   98.7012500000000       1.067915032793021E-007
   98.8418000000000       1.057398680559540E-007
   98.9824500000000       1.046893833012152E-007
   99.1232000000000       1.036407206445045E-007
   99.2640500000000       1.025945321753152E-007
   99.4050000000000       1.015514469460133E-007
   99.5460500000000       1.005120671415671E-007
   99.6872000000000       9.947696366641168E-008
   99.8284500000000       9.844667120395556E-008
   99.9698000000000       9.742168391446704E-008
   100.111250000000       9.640245163256012E-008
   100.252800000000       9.538937753572618E-008
   100.394450000000       9.438281692308870E-008
   100.536200000000       9.338307838113735E-008
   100.678050000000       9.239042658704122E-008
   100.820000000000       9.140508699934102E-008
   100.962050000000       9.042725154784215E-008
   101.104200000000       8.945708510066375E-008
   101.246450000000       8.849473201455460E-008
   101.388800000000       8.754032199131956E-008
   101.531250000000       8.659397546240122E-008
   101.673800000000       8.565580753017166E-008
   101.816450000000       8.472593096553460E-008
   101.959200000000       8.380445831734917E-008
   102.102050000000       8.289150371654230E-008
   102.245000000000       8.198718426388751E-008
   102.388050000000       8.109162172309503E-008
   102.531200000000       8.020494463023553E-008
   102.674450000000       7.932729068071964E-008
   102.817800000000       7.845880958812224E-008
   102.961250000000       7.759966624831804E-008
   103.104800000000       7.675004334850577E-008
   103.248450000000       7.591014397623219E-008
   103.392200000000       7.508019295165980E-008
   103.536050000000       7.426043716063369E-008
   103.680000000000       7.345114474976988E-008
   103.824050000000       7.265260335009849E-008
   103.968200000000       7.186511746803959E-008
   104.112450000000       7.108900540453433E-008
   104.256800000000       7.032459625744281E-008
   104.401250000000       6.957222761783122E-008
   104.545800000000       6.883224379361508E-008
   104.690450000000       6.810499508791423E-008
   104.835200000000       6.739083760476383E-008
   104.980050000000       6.669013372095911E-008
   105.125000000000       6.600325244687788E-008
   105.270050000000       6.533056937096937E-008
   105.415200000000       6.467246574382024E-008
   105.560450000000       6.402932661853100E-008
   105.705800000000       6.340153779760271E-008
   105.851250000000       6.278948125326700E-008
   105.996800000000       6.219353027026031E-008
   106.142450000000       6.161404395021997E-008
   106.288200000000       6.105136154954671E-008
   106.434050000000       6.050579759442343E-008
   106.580000000000       5.997763741216744E-008
   106.726050000000       5.946713430016182E-008
   106.872200000000       5.897450716663144E-008
   107.018450000000       5.849993961470901E-008
   107.164800000000       5.804357919303449E-008
   107.311250000000       5.760553761779974E-008
   107.457800000000       5.718589030090371E-008
   107.604450000000       5.678467565606304E-008
   107.751200000000       5.640189373878890E-008
   107.898050000000       5.603750460880796E-008
   108.045000000000       5.569142599859411E-008
   108.192050000000       5.536353075985545E-008
   108.339200000000       5.505364544799995E-008
   108.486450000000       5.476154840700076E-008
   108.633800000000       5.448696968612943E-008
   108.781250000000       5.422959178935649E-008
   108.928800000000       5.398905131293041E-008
   109.076450000000       5.376494205400206E-008
   109.224200000000       5.355681823027147E-008
   109.372050000000       5.336419847679075E-008
   109.520000000000       5.318656956521117E-008
   109.668050000000       5.302339017854152E-008
   109.816200000000       5.287409418630595E-008
   109.964450000000       5.273809328132373E-008
   110.112800000000       5.261477953322213E-008
   110.261250000000       5.250352749786025E-008
   110.409800000000       5.240369643777498E-008
   110.558450000000       5.231463295896077E-008
   110.707200000000       5.223567359213810E-008
   110.856050000000       5.216614865077851E-008
   111.005000000000       5.210538606137405E-008
   111.154050000000       5.205271583208493E-008
   111.303200000000       5.200747466016509E-008
   111.452450000000       5.196901034509871E-008
   111.601800000000       5.193668589642542E-008
   111.751250000000       5.190988291992049E-008
   111.900800000000       5.188800503153068E-008
   112.050450000000       5.187047893984165E-008
   112.200200000000       5.185675622243480E-008
   112.350050000000       5.184631396426553E-008
   112.500000000000       5.183865464664095E-008
   112.650050000000       5.183330598068636E-008
   112.800200000000       5.182982071305631E-008
   112.950450000000       5.182777582102283E-008
   113.100800000000       5.182677181858608E-008
   113.251250000000       5.182643222911842E-008
   113.401800000000       5.182640264167482E-008
   113.552450000000       5.182634957301424E-008
   113.703200000000       5.182595941288781E-008
   113.854050000000       5.182493656441522E-008
   114.005000000000       5.182300205630597E-008
   114.156050000000       5.181989146119115E-008
   114.307200000000       5.181535325804454E-008
   114.458450000000       5.180914694480343E-008
   114.609800000000       5.180104156732313E-008
   114.761250000000       5.179081460915391E-008
   114.912800000000       5.177825140867398E-008
   115.064450000000       5.176314449295560E-008
   115.216200000000       5.174529338347611E-008
   115.368050000000       5.172450473489576E-008
   115.520000000000       5.170059211301314E-008
   115.672050000000       5.167337571720942E-008
   115.824200000000       5.164268176982567E-008
   115.976450000000       5.160834176676232E-008
   116.128800000000       5.157019122847828E-008
   116.281250000000       5.152806820118983E-008
   116.433800000000       5.148181186909184E-008
   116.586450000000       5.143126105555673E-008
   116.739200000000       5.137625347373387E-008
   116.892050000000       5.131662478286003E-008
   117.045000000000       5.125220878254844E-008
   117.198050000000       5.118283791238909E-008
   117.351200000000       5.110834425114952E-008
   117.504450000000       5.102856062699779E-008
   117.657800000000       5.094332214405917E-008
   117.811250000000       5.085246734815030E-008
   117.964800000000       5.075583875413514E-008
   118.118450000000       5.065328337328090E-008
   118.272200000000       5.054465226916882E-008
   118.426050000000       5.042979966951577E-008
   118.580000000000       5.030858191146237E-008
   118.734050000000       5.018085591501631E-008
   118.888200000000       5.004647821160724E-008
   119.042450000000       4.990530394488601E-008
   119.196800000000       4.975718689848030E-008
   119.351250000000       4.960197944048339E-008
   119.505800000000       4.943953413327762E-008
   119.660450000000       4.926970487151294E-008
   119.815200000000       4.909234918581973E-008
   119.970050000000       4.890733010243231E-008
   120.125000000000       4.871451786403469E-008
   120.280050000000       4.851379123427257E-008
   120.435200000000       4.830503791408702E-008
   120.590450000000       4.808815468049232E-008
   120.745800000000       4.786304652615314E-008
   120.901250000000       4.762962568793938E-008
   121.056800000000       4.738781075874776E-008
   121.212450000000       4.713752640994606E-008
   121.368200000000       4.687870372444003E-008
   121.524050000000       4.661128191751907E-008
   121.680000000000       4.633521116792494E-008
   121.836050000000       4.605045669792140E-008
   121.992200000000       4.575700390807569E-008
   122.148450000000       4.545486398388476E-008
   122.304800000000       4.514407983546853E-008
   122.461250000000       4.482473117684016E-008
   122.617800000000       4.449693896679818E-008
   122.774450000000       4.416086840652866E-008
   122.931200000000       4.381672996656150E-008
   123.088050000000       4.346477938677040E-008
   123.245000000000       4.310531548368246E-008
   123.402050000000       4.273867704185363E-008
   123.559200000000       4.236523906686607E-008
   123.716450000000       4.198540862199174E-008
   123.873800000000       4.159962102567860E-008
   124.031250000000       4.120833660414824E-008
   124.188800000000       4.081203819339407E-008
   124.346450000000       4.041122911302431E-008
   124.504200000000       4.000643175072760E-008
   124.662050000000       3.959818578591623E-008
   124.820000000000       3.918704624683578E-008
   124.978050000000       3.877358031867395E-008
   125.136200000000       3.835836315246866E-008
   125.294450000000       3.794197248052633E-008
   125.452800000000       3.752498181630592E-008
   125.611250000000       3.710795309919135E-008
   125.769800000000       3.669142920048607E-008
   125.928450000000       3.627592648491884E-008
   126.087200000000       3.586192851012804E-008
   126.246050000000       3.544988169679186E-008
   126.405000000000       3.504019258082636E-008
   126.564050000000       3.463322761909637E-008
   126.723200000000       3.422931521557260E-008
   126.882450000000       3.382874927404522E-008
   127.041800000000       3.343179427739429E-008
   127.201250000000       3.303869094972711E-008
   127.360800000000       3.264966183524898E-008
   127.520450000000       3.226491587793312E-008
   127.680200000000       3.188465194647883E-008
   127.840050000000       3.150906099924633E-008
   128.000000000000       3.113832661161275E-008
   128.160050000000       3.077262394901581E-008
   128.320200000000       3.041211849019732E-008
   128.480450000000       3.005696400104618E-008
   128.640800000000       2.970730059170812E-008
   128.801250000000       2.936325363411818E-008
   128.961800000000       2.902493356771174E-008
   129.122450000000       2.869243678760292E-008
   129.283200000000       2.836584775400830E-008
   129.444050000000       2.804524149024878E-008
   129.605000000000       2.773068710770765E-008
   129.766050000000       2.742225072016602E-008
   129.927200000000       2.711999808058252E-008
   130.088450000000       2.682399616316111E-008
   130.249800000000       2.653431332988454E-008
   130.411250000000       2.625101827580245E-008
   130.572800000000       2.597417739225172E-008
   130.734450000000       2.570385168598754E-008
   130.896200000000       2.544009269911385E-008
   131.058050000000       2.518293878983613E-008
   131.220000000000       2.493241205159258E-008
   131.382050000000       2.468851620363033E-008
   131.544200000000       2.445123559180473E-008
   131.706450000000       2.422053602124663E-008
   131.868800000000       2.399636681027495E-008
   132.031250000000       2.377866345493196E-008
   132.193800000000       2.356735168129731E-008
   132.356450000000       2.336235110922402E-008
   132.519200000000       2.316357916587464E-008
   132.682050000000       2.297095394454551E-008
   132.845000000000       2.278439625857942E-008
   133.008050000000       2.260383080709971E-008
   133.171200000000       2.242918606398803E-008
   133.334450000000       2.226039363950605E-008
   133.497800000000       2.209738664271654E-008
   133.661250000000       2.194009854350476E-008
   133.824800000000       2.178846189582195E-008
   133.988450000000       2.164240772706272E-008
   134.152200000000       2.150186576010960E-008
   134.316050000000       2.136676560682282E-008
   134.480000000000       2.123703787826337E-008
   134.644050000000       2.111261701576161E-008
   134.808200000000       2.099344317829654E-008
   134.972450000000       2.087946421314157E-008
   135.136800000000       2.077063671057644E-008
   135.301250000000       2.066692667002101E-008
   135.465800000000       2.056830833430112E-008
   135.630450000000       2.047476216349153E-008
   135.795200000000       2.038627186506936E-008
   135.960050000000       2.030282020282215E-008
   136.125000000000       2.022438472248922E-008
   136.290050000000       2.015093311658056E-008
   136.455200000000       2.008241936635180E-008
   136.620450000000       2.001878049440187E-008
   136.785800000000       1.995993437198251E-008
   136.951250000000       1.990577880306432E-008
   137.116800000000       1.985619166311459E-008
   137.282450000000       1.981103209258706E-008
   137.448200000000       1.977014224552320E-008
   137.614050000000       1.973334962102058E-008
   137.780000000000       1.970046917265655E-008
   137.946050000000       1.967130530688976E-008
   138.112200000000       1.964565365941695E-008
   138.278450000000       1.962330231641829E-008
   138.444800000000       1.960403275824696E-008
   138.611250000000       1.958762044229623E-008
   138.777800000000       1.957383558015557E-008
   138.944450000000       1.956244394252238E-008
   139.111200000000       1.955320816371398E-008
   139.278050000000       1.954588912944644E-008
   139.445000000000       1.954024814176947E-008
   139.612050000000       1.953604930604591E-008
   139.779200000000       1.953306194568682E-008
   139.946450000000       1.953106323893117E-008
   140.113800000000       1.952984021724724E-008
   140.281250000000       1.952919168046741E-008
   140.448800000000       1.952892927925554E-008
   140.616450000000       1.952887782041834E-008
   140.784200000000       1.952887521139424E-008
   140.952050000000       1.952877176636392E-008
   141.120000000000       1.952842926256082E-008
   141.288050000000       1.952771960800348E-008
   141.456200000000       1.952652389780596E-008
   141.624450000000       1.952473116517695E-008
   141.792800000000       1.952223790957497E-008
   141.961250000000       1.951894751384131E-008
   142.129800000000       1.951476999439983E-008
   142.298450000000       1.950962211227925E-008
   142.467200000000       1.950342659595705E-008
   142.636050000000       1.949611272422658E-008
   142.805000000000       1.948761513270725E-008
   142.974050000000       1.947787311995519E-008
   143.143200000000       1.946682942621791E-008
   143.312450000000       1.945442840156630E-008
   143.481800000000       1.944061456260471E-008
   143.651250000000       1.942533053855833E-008
   143.820800000000       1.940851604431693E-008
   143.990450000000       1.939010590978896E-008
   144.160200000000       1.937003007990157E-008
   144.330050000000       1.934821322602254E-008
   144.500000000000       1.932457521780506E-008
   144.670050000000       1.929903220565521E-008
   144.840200000000       1.927149800851069E-008
   145.010450000000       1.924188555713080E-008
   145.180800000000       1.921010830963077E-008
   145.351250000000       1.917608147272709E-008
   145.521800000000       1.913972255684904E-008
   145.692450000000       1.910095132062750E-008
   145.863200000000       1.905968902149446E-008
   146.034050000000       1.901585691688190E-008
   146.205000000000       1.896937423806477E-008
   146.376050000000       1.892015630278188E-008
   146.547200000000       1.886811221152307E-008
   146.718450000000       1.881314345975049E-008
   146.889800000000       1.875514263338651E-008
   147.061250000000       1.869399374188063E-008
   147.232800000000       1.862957307863233E-008
   147.404450000000       1.856175105285907E-008
   147.576200000000       1.849039529822072E-008
   147.748050000000       1.841537403124427E-008
   147.920000000000       1.833655940974843E-008
   148.092050000000       1.825383175169115E-008
   148.264200000000       1.816708222746044E-008
   148.436450000000       1.807621527460945E-008
   148.608800000000       1.798114981910182E-008
   148.781250000000       1.788181946960066E-008
   148.953800000000       1.777817182357921E-008
   149.126450000000       1.767016655218612E-008
   149.299200000000       1.755777334633279E-008
   149.472050000000       1.744097014033663E-008
   149.645000000000       1.731974144658643E-008
   149.818050000000       1.719407799471995E-008
   149.991200000000       1.706397689815731E-008
   150.164450000000       1.692944415210285E-008
   150.337800000000       1.679049754788053E-008
   150.511250000000       1.664717086402590E-008
   150.684800000000       1.649951852922271E-008
   150.858450000000       1.634762034075088E-008
   151.032200000000       1.619158554455602E-008
   151.206050000000       1.603155580509608E-008
   151.380000000000       1.586770648209779E-008
   151.554050000000       1.570024610320075E-008
   151.728200000000       1.552941386595563E-008
   151.902450000000       1.535547533570991E-008
   152.076800000000       1.517871675571492E-008
   152.251250000000       1.499943835803208E-008
   152.425800000000       1.481794797975056E-008
   152.600450000000       1.463455456818252E-008
   152.775200000000       1.444956321261515E-008
   152.950050000000       1.426327170261921E-008
   153.125000000000       1.407596861291438E-008
   153.300050000000       1.388793299805791E-008
   153.475200000000       1.369943536388973E-008
   153.650450000000       1.351073969368954E-008
   153.825800000000       1.332210533555589E-008
   154.001250000000       1.313378880651861E-008
   154.176800000000       1.294604468071725E-008
   154.352450000000       1.275912520082301E-008
   154.528200000000       1.257327819637055E-008
   154.704050000000       1.238874389186684E-008
   154.880000000000       1.220575018834325E-008
   155.056050000000       1.202450761184082E-008
   155.232200000000       1.184520401209532E-008
   155.408450000000       1.166799976082267E-008
   155.584800000000       1.149302422676080E-008
   155.761250000000       1.132037416584630E-008
   155.937800000000       1.115011372121444E-008
   156.114450000000       1.098227686568976E-008
   156.291200000000       1.081687184267821E-008
   156.468050000000       1.065388632870423E-008
   156.645000000000       1.049329456659365E-008
   156.822050000000       1.033506397130068E-008
   156.999200000000       1.017916187451284E-008
   157.176450000000       1.002556104801045E-008
   157.353800000000       9.874243700469520E-009
   157.531250000000       9.725203781174585E-009
   157.708800000000       9.578447507374577E-009
   157.886450000000       9.433991865481772E-009
   158.064200000000       9.291861835514226E-009
   158.242050000000       9.152086366537304E-009
   158.420000000000       9.014694185571770E-009
   158.598050000000       8.879709634257438E-009
   158.776200000000       8.747149227161799E-009
   158.954450000000       8.617019459089548E-009
   159.132800000000       8.489316222215493E-009
   159.311250000000       8.364025472218373E-009
   159.489800000000       8.241125393215754E-009
   159.668450000000       8.120589783944254E-009
   159.847200000000       8.002391665984376E-009
   160.026050000000       7.886507447096847E-009
   160.205000000000       7.772920307402842E-009
   160.384050000000       7.661622808408097E-009
   160.563200000000       7.552618058737082E-009
   160.742450000000       7.445919908422027E-009
   160.921800000000       7.341551255812817E-009
   161.101250000000       7.239541383041725E-009
   161.280800000000       7.139922097998408E-009
   161.460450000000       7.042723626504710E-009
   161.640200000000       6.947970365711598E-009
   161.820050000000       6.855677275874328E-009
   162.000000000000       6.765847604395248E-009
   162.180050000000       6.678471026200228E-009
   162.360200000000       6.593524504161508E-009
   162.540450000000       6.510973593609748E-009
   162.720800000000       6.430775495447349E-009
   162.901250000000       6.352882719884434E-009
   163.081800000000       6.277247416308640E-009
   163.262450000000       6.203825536621466E-009
   163.443200000000       6.132580360196371E-009
   163.624050000000       6.063485408214220E-009
   163.805000000000       5.996525942464359E-009
   163.986050000000       5.931699381678257E-009
   164.167200000000       5.869013997017447E-009
   164.348450000000       5.808487052449962E-009
   164.529800000000       5.750141252036656E-009
   164.711250000000       5.694001603551158E-009
   164.892800000000       5.640091088610077E-009
   165.074450000000       5.588428025893322E-009
   165.256200000000       5.539022962519624E-009
   165.438050000000       5.491877286267766E-009
   165.620000000000       5.446982781487364E-009
   165.802050000000       5.404322100943659E-009
   165.984200000000       5.363870042573993E-009
   166.166450000000       5.325595853200582E-009
   166.348800000000       5.289465448976571E-009
   166.531250000000       5.255443275009597E-009
   166.713800000000       5.223494331518808E-009
   166.896450000000       5.193584978746557E-009
   167.079200000000       5.165683270025312E-009
   167.262050000000       5.139758035843656E-009
   167.445000000000       5.115777745867689E-009
   167.628050000000       5.093708177472678E-009
   167.811200000000       5.073510389586033E-009
   167.994450000000       5.055138363463385E-009
   168.177800000000       5.038537087553863E-009
   168.361250000000       5.023641586054950E-009
   168.544800000000       5.010376447067699E-009
   168.728450000000       4.998656377708244E-009
   168.912200000000       4.988387508619851E-009
   169.096050000000       4.979469753196852E-009
   169.280000000000       4.971798611697054E-009
   169.464050000000       4.965268224355057E-009
   169.648200000000       4.959773453050431E-009
   169.832450000000       4.955211740931276E-009
   170.016800000000       4.951484416926277E-009
   170.201250000000       4.948497361878523E-009
   170.385800000000       4.946161119567805E-009
   170.570450000000       4.944390452621406E-009
   170.755200000000       4.943103482091260E-009
   170.940050000000       4.942220910297834E-009
   171.125000000000       4.941665188162858E-009
   171.310050000000       4.941359821319935E-009
   171.495200000000       4.941229370114542E-009
   171.680450000000       4.941199949204389E-009
   171.865800000000       4.941199671648633E-009
   172.051250000000       4.941160397509137E-009
   172.236800000000       4.941018622028892E-009
   172.422450000000       4.940717307500009E-009
   172.608200000000       4.940206743686559E-009
   172.794050000000       4.939445297225120E-009
   172.980000000000       4.938399689180528E-009
   173.166050000000       4.937044245645339E-009
   173.352200000000       4.935359787516802E-009
   173.538450000000       4.933332353740383E-009
   173.724800000000       4.930951119641591E-009
   173.911250000000       4.928206898124898E-009
   174.097800000000       4.925090141272292E-009
   174.284450000000       4.921589608075649E-009
   174.471200000000       4.917691615036190E-009
   174.658050000000       4.913379147986063E-009
   174.845000000000       4.908632056377371E-009
   175.032050000000       4.903427136548899E-009
   175.219200000000       4.897738520304173E-009
   175.406450000000       4.891538701867759E-009
   175.593800000000       4.884798954218894E-009
   175.781250000000       4.877489800936274E-009
   175.968800000000       4.869581265998235E-009
   176.156450000000       4.861042568471419E-009
   176.344200000000       4.851841539643686E-009
   176.532050000000       4.841943374023217E-009
   176.720000000000       4.831309546871054E-009
   176.908050000000       4.819895593755064E-009
   177.096200000000       4.807649778282297E-009
   177.284450000000       4.794511287986580E-009
   177.472800000000       4.780409262883367E-009
   177.661250000000       4.765261907291318E-009
   177.849800000000       4.748976850654785E-009
   178.038450000000       4.731451869188774E-009
   178.227200000000       4.712576634480214E-009
   178.416050000000       4.692235378023213E-009
   178.605000000000       4.670310110865827E-009
   178.794050000000       4.646684342857199E-009
   178.983200000000       4.621247134961592E-009
   179.172450000000       4.593896929527830E-009
   179.361800000000       4.564544908713941E-009
   179.551250000000       4.533117381466667E-009
   179.740800000000       4.499557643145025E-009
   179.930450000000       4.463825920009157E-009
   180.120200000000       4.425898508797488E-009
   180.310050000000       4.385765944858733E-009
   180.500000000000       4.343430004549731E-009
   180.690050000000       4.298900929677885E-009
   180.880200000000       4.252194485410143E-009
   181.070450000000       4.203329628804653E-009
   181.260800000000       4.152327065520822E-009
   181.451250000000       4.099209388597203E-009
   181.641800000000       4.044002133163360E-009
   181.832450000000       3.986735913619199E-009
   182.023200000000       3.927450059615367E-009
   182.214050000000       3.866196279789236E-009
   182.405000000000       3.803042436523185E-009
   182.596050000000       3.738076459480766E-009
   182.787200000000       3.671408677075050E-009
   182.978450000000       3.603173120980685E-009
   183.169800000000       3.533527137555836E-009
   183.361250000000       3.462649389440742E-009
   183.552800000000       3.390736053043852E-009
   183.744450000000       3.317995850293798E-009
   183.936200000000       3.244644303235233E-009
   184.128050000000       3.170897322490873E-009
   184.320000000000       3.096965767168669E-009
   184.512050000000       3.023050532124927E-009
   184.704200000000       2.949339189539657E-009
   184.896450000000       2.876004157048584E-009
   185.088800000000       2.803202669987570E-009
   185.281250000000       2.731078307949275E-009
   185.473800000000       2.659763548296112E-009
   185.666450000000       2.589383374385079E-009
   185.859200000000       2.520058273169923E-009
   186.052050000000       2.451908232004030E-009
   186.245000000000       2.385054348463811E-009
   186.438050000000       2.319620079349605E-009
   186.631200000000       2.255730574551862E-009
   186.824450000000       2.193510539871824E-009
   187.017800000000       2.133080573285540E-009
   187.211250000000       2.074552307718136E-009
   187.404800000000       2.018023248506751E-009
   187.598450000000       1.963571250040985E-009
   187.792200000000       1.911249741803900E-009
   187.986050000000       1.861084342191788E-009
   188.180000000000       1.813070665823702E-009
   188.374050000000       1.767174018230122E-009
   188.568200000000       1.723331116698645E-009
   188.762450000000       1.681453004609423E-009
   188.956800000000       1.641429409060535E-009
   189.151250000000       1.603134291983110E-009
   189.345800000000       1.566431040433969E-009
   189.540450000000       1.531178211999773E-009
   189.735200000000       1.497234586311791E-009
   189.930050000000       1.464463161848784E-009
   190.125000000000       1.432734680895109E-009
   190.320050000000       1.401929516919864E-009
   190.515200000000       1.371938757044333E-009
   190.710450000000       1.342663841219505E-009
   190.905800000000       1.314015590780926E-009
   191.101250000000       1.285912293313984E-009
   191.296800000000       1.258277315674405E-009
   191.492450000000       1.231036744764324E-009
   191.688200000000       1.204116972797209E-009
   191.884050000000       1.177442782163141E-009
   192.080000000000       1.150936040916761E-009
   192.276050000000       1.124515175421337E-009
   192.472200000000       1.098095586682390E-009
   192.668450000000       1.071590816081880E-009
   192.864800000000       1.044914904602123E-009
   193.061250000000       1.017984946338757E-009
   193.257800000000       9.907243636586571E-010
   193.454450000000       9.630667097138002E-010
   193.651200000000       9.349589435991845E-010
   193.848050000000       9.063646222440269E-010
   194.045000000000       8.772660653466602E-010
   194.242050000000       8.476658819311922E-010
   194.439200000000       8.175869425919302E-010
   194.636450000000       7.870707696699952E-010
   194.833800000000       7.561750114959409E-010
   195.031250000000       7.249696121203186E-010
   195.228800000000       6.935318985767935E-010
   195.426450000000       6.619416681452606E-010
   195.624200000000       6.302761923482336E-010
   195.822050000000       5.986059703477764E-010
   196.020000000000       5.669914260320041E-010
   196.218050000000       5.354811594138198E-010
   196.416200000000       5.041114747861286E-010
   196.614450000000       4.729075742115896E-010
   196.812800000000       4.418858612353915E-010
   197.011250000000       4.110576878879613E-010
   197.209800000000       3.804332959767009E-010
   197.408450000000       3.500262579780866E-010
   197.607200000000       3.198575293517081E-010
   197.806050000000       2.899590845206745E-010
   198.005000000000       2.603763316066932E-010
   198.204050000000       2.311694446976986E-010
   198.403200000000       2.024130585365214E-010
   198.602450000000       1.741944921640481E-010
   198.801800000000       1.466109456060849E-010
   199.001250000000       1.197652255147119E-010
   199.200800000000       9.376094345370234E-011
   199.400450000000       6.869774193951628E-011
   199.600200000000       4.466663150459738E-011
   199.800050000000       2.174618818351348E-011
   200.000000000000      -5.551115123125783E-017
