  2.061153622439000E-007  3.930903322844024E-015
  2.081868560730650E-007  4.010311968079380E-015
  2.102791687613270E-007  4.091324517554299E-015
  2.123925095416982E-007  4.173977377950287E-015
  2.145270897500181E-007  4.258296761174318E-015
  2.166831228460860E-007  4.344320867731155E-015
  2.188608244350085E-007  4.432083940120241E-015
  2.210604122887591E-007  4.521617062764017E-015
  2.232821063679562E-007  4.612959924596802E-015
  2.255261288438591E-007  4.706147289024398E-015
  2.277927041205855E-007  4.801218988840428E-015
  2.300820588575518E-007  4.898210794620434E-015
  2.323944219921395E-007  4.997161743600702E-015
  2.347300247625892E-007  5.098110476688358E-015
  2.370891007311241E-007  5.201098038380864E-015
  2.394718858073070E-007  5.306167929474003E-015
  2.418786182716312E-007  5.413359520226146E-015
  2.443095387993488E-007  5.522716518499149E-015
  2.467648904845383E-007  5.634283238297509E-015
  2.492449188644143E-007  5.748102680432468E-015
  2.517498719438816E-007  5.864222297550053E-015
  2.542800002203354E-007  5.982686316323661E-015
  2.568355567087120E-007  6.103545422226782E-015
  2.594167969667899E-007  6.226843159192125E-015
  2.620239791207458E-007  6.352635487065405E-015
  2.646573638909678E-007  6.480967269840731E-015
  2.673172146181275E-007  6.611887942239368E-015
  2.700037972895140E-007  6.745459633764167E-015
  2.727173805656335E-007  6.881727259048237E-015
  2.754582358070747E-007  7.020748443356001E-015
  2.782266371016460E-007  7.162575519657379E-015
  2.810228612917836E-007  7.307267654467438E-015
  2.838471880022370E-007  7.454884843290221E-015
  2.866998996680307E-007  7.605481723007571E-015
  2.895812815627086E-007  7.759126108785405E-015
  2.924916218268613E-007  7.915870105603325E-015
  2.954312114969406E-007  8.075781152232127E-015
  2.984003445343630E-007  8.238923430375893E-015
  3.013993178549066E-007  8.405359887375758E-015
  3.044284313584026E-007  8.575160706472074E-015
  3.074879879587257E-007  8.748388502086108E-015
  3.105782936140856E-007  8.925119614579113E-015
  3.136996573576229E-007  9.105418514838893E-015
  3.168523913283132E-007  9.289359205916339E-015
  3.200368108021809E-007  9.477016720286210E-015
  3.232532342238271E-007  9.668464937744322E-015
  3.265019832382742E-007  9.863780950244508E-015
  3.297833827231311E-007  1.006304069733986E-014
  3.330977608210807E-007  1.026632782782028E-014
  3.364454489726948E-007  1.047372269024517E-014
  3.398267819495783E-007  1.068530673118570E-014
  3.432420978878466E-007  1.090116024696291E-014
  3.466917383219398E-007  1.112138051008885E-014
  3.501760482187759E-007  1.134604565470702E-014
  3.536953760122483E-007  1.157525088482332E-014
  3.572500736380690E-007  1.180908813582599E-014
  3.608404965689629E-007  1.204764597358257E-014
  3.644670038502152E-007  1.229102346531699E-014
  3.681299581355759E-007  1.253931872284191E-014
  3.718297257235262E-007  1.279262885896624E-014
  3.755666765939080E-007  1.305105939953558E-014
  3.793411844449224E-007  1.331471259562963E-014
  3.831536267305001E-007  1.358368493269208E-014
  3.870043846980465E-007  1.385809576389492E-014
  3.908938434265675E-007  1.413804686334740E-014
  3.948223918651771E-007  1.442365589661272E-014
  3.987904228719929E-007  1.471503243855037E-014
  4.027983332534224E-007  1.501229733354827E-014
  4.068465238038437E-007  1.531556819327644E-014
  4.109353993456852E-007  1.562495434589533E-014
  4.150653687699086E-007  1.594060631150751E-014
  4.192368450768980E-007  1.626262689434354E-014
  4.234502454177603E-007  1.659115028484448E-014
  4.277059911360407E-007  1.692631255304876E-014
  4.320045078098576E-007  1.726825166905779E-014
  4.363462252944604E-007  1.761708713793947E-014
  4.407315777652157E-007  1.797297585148233E-014
  4.451610037610251E-007  1.833605637846699E-014
  4.496349462281793E-007  1.870646916752780E-014
  4.541538525646534E-007  1.908436176668045E-014
  4.587181746648468E-007  1.946989419940776E-014
  4.633283689647730E-007  1.986321299016152E-014
  4.679848964877040E-007  2.026447718400316E-014
  4.726882228902725E-007  2.067383741436521E-014
  4.774388185090382E-007  2.109147830905343E-014
  4.822371584075218E-007  2.151754966261809E-014
  4.870837224237117E-007  2.195223552566684E-014
  4.919789952180485E-007  2.239570633071642E-014
  4.969234663218909E-007  2.284812939142898E-014
  5.019176301864698E-007  2.330969065508129E-014
  5.069619862323334E-007  2.378058415055356E-014
  5.120570388992901E-007  2.426099007047765E-014
  5.172032976968522E-007  2.475109103160332E-014
  5.224012772551882E-007  2.525109440621385E-014
  5.276514973765856E-007  2.576119367684503E-014
  5.329544830874317E-007  2.628160747388450E-014
  5.383107646907167E-007  2.681251790088299E-014
  5.437208778190647E-007  2.735417766718087E-014
  5.491853634882967E-007  2.790676888421412E-014
  5.547047681515337E-007  2.847051616867087E-014
  5.602796437538412E-007  2.904565302384675E-014
  5.659105477874254E-007  2.963241621410453E-014
  5.715980433473820E-007  3.023103413420706E-014
  5.773426991880067E-007  3.084174413961619E-014
  5.831450897796707E-007  3.146478094323500E-014
  5.890057953662685E-007  3.210041203001008E-014
  5.949254020232427E-007  3.274887892377901E-014
  6.009045017161921E-007  3.341045030963372E-014
  6.069436923600686E-007  3.408539261444041E-014
  6.130435778789690E-007  3.477395781532750E-014
  6.192047682665288E-007  3.547644980739507E-014
  6.254278796469210E-007  3.619310362557405E-014
  6.317135343364694E-007  3.692425535718302E-014
  6.380623609058812E-007  3.767018439647412E-014
  6.444749942431040E-007  3.843114911758605E-014
  6.509520756168154E-007  3.920751078970810E-014
  6.574942527405504E-007  3.999954842723049E-014
  6.641021798374731E-007  4.080760755088790E-014
  6.707765177057999E-007  4.163198806175591E-014
  6.775179337848795E-007  4.247300653403381E-014
  6.843271022219378E-007  4.333100934013764E-014
  6.912047039394927E-007  4.420636050735776E-014
  6.981514267034474E-007  4.509939051955523E-014
  7.051679651918673E-007  4.601044723462183E-014
  7.122550210644483E-007  4.693992230143026E-014
  7.194133030326836E-007  4.788818675002737E-014
  7.266435269307352E-007  4.885557724297796E-014
  7.339464157870182E-007  4.984251411629873E-014
  7.413226998965040E-007  5.084941041284532E-014
  7.487731168937503E-007  5.187663155824197E-014
  7.562984118266657E-007  5.292460143928095E-014
  7.638993372310146E-007  5.399374985347953E-014
  7.715766532056714E-007  5.508451257329203E-014
  7.793311274886315E-007  5.619729054479862E-014
  7.871635355337853E-007  5.733253107083022E-014
  7.950746605884642E-007  5.849071513712064E-014
  8.030652937717663E-007  5.967230285691200E-014
  8.111362341536690E-007  6.087776064638512E-014
  8.192882888349362E-007  6.210757525939608E-014
  8.275222730278293E-007  6.336224016911006E-014
  8.358390101376295E-007  6.464221331886437E-014
  8.442393318449782E-007  6.594807209239776E-014
  8.527240781890465E-007  6.728033098245080E-014
  8.612940976515395E-007  6.863948285896481E-014
  8.699502472415452E-007  7.002609907232141E-014
  8.786933925812359E-007  7.144071561072272E-014
  8.875244079924318E-007  7.288391932154014E-014
  8.964441765840330E-007  7.435626142332377E-014
  9.054535903403319E-007  7.585835927737609E-014
  9.145535502102119E-007  7.739077988608651E-014
  9.237449661972436E-007  7.895417198298745E-014
  9.330287574506850E-007  8.054916363754451E-014
  9.424058523573979E-007  8.217637658754444E-014
  9.518771886346875E-007  8.383645606637618E-014
  9.614437134240741E-007  8.553010153107403E-014
  9.711063833860089E-007  8.725787021718106E-014
  9.808661647955404E-007  8.902058605461231E-014
  9.907240336389425E-007  9.081893156119842E-014
  1.000680975711315E-006  9.265362935893393E-014
  1.010737986715162E-006  9.452534996744152E-014
  1.020896072359964E-006  9.643489744728596E-014
  1.031156248462753E-006  9.838302458986551E-014
  1.041519541049687E-006  1.003704944620428E-013
  1.051986986458663E-006  1.023981121696635E-013
  1.062559631442943E-006  1.044666621387645E-013
  1.073238533275836E-006  1.065770353236003E-013
  1.084024759856425E-006  1.087300389351442E-013
  1.094919389816357E-006  1.109264910414975E-013
  1.105923512627707E-006  1.131673505012803E-013
  1.117038228711926E-006  1.154534920144235E-013
  1.128264649549883E-006  1.177858021620164E-013
  1.139603897793020E-006  1.201652454234322E-013
  1.151057107375609E-006  1.225927666261223E-013
  1.162625423628153E-006  1.250692902620460E-013
  1.174310003391917E-006  1.275958201213566E-013
  1.186112015134616E-006  1.301734747113754E-013
  1.198032639067258E-006  1.328031521449585E-013
  1.210073067262170E-006  1.354859317699316E-013
  1.222234503772207E-006  1.382229079505612E-013
  1.234518164751152E-006  1.410152588093008E-013
  1.246925278575342E-006  1.438639379585321E-013
  1.259457085966497E-006  1.467701535141517E-013
  1.272114840115799E-006  1.497351306427000E-013
  1.284899806809213E-006  1.527600068014414E-013
  1.297813264554060E-006  1.558459347685497E-013
  1.310856504706878E-006  1.589942594749239E-013
  1.324030831602551E-006  1.622061319783809E-013
  1.337337562684746E-006  1.654828969111301E-013
  1.350778028637662E-006  1.688258460376993E-013
  1.364353573519093E-006  1.722363968999518E-013
  1.378065554894842E-006  1.757158058917780E-013
  1.391915343974472E-006  1.792655644447832E-013
  1.405904325748432E-006  1.828869289792323E-013
  1.420033899126559E-006  1.865815031264025E-013
  1.434305477077963E-006  1.903507287530707E-013
  1.448720486772334E-006  1.941961044554687E-013
  1.463280369722653E-006  1.981191493686793E-013
  1.477986581929349E-006  2.021214409063796E-013
  1.492840594025897E-006  2.062046159243635E-013
  1.507843891425886E-006  2.103701824220313E-013
  1.522997974471558E-006  2.146199730168825E-013
  1.538304358583846E-006  2.189556169201926E-013
  1.553764574413918E-006  2.233788037487541E-013
  1.569380167996239E-006  2.278913233842183E-013
  1.585152700903180E-006  2.324949904468876E-013
  1.601083750401178E-006  2.371918007622288E-013
  1.617174909608456E-006  2.419833861089466E-013
  1.633427787654345E-006  2.468717935387805E-013
  1.649844009840194E-006  2.518589405191944E-013
  1.666425217801901E-006  2.569468503081920E-013
  1.683173069674081E-006  2.621374140017545E-013
  1.700089240255878E-006  2.674328696906544E-013
  1.717175421178446E-006  2.728354063870252E-013
  1.734433321074116E-006  2.783470810592330E-013
  1.751864665747259E-006  2.839700599717551E-013
  1.769471198346869E-006  2.897067031303084E-013
  1.787254679540878E-006  2.955590736228150E-013
  1.805216887692224E-006  3.015297589974085E-013
  1.823359619036693E-006  3.076210505690141E-013
  1.841684687862537E-006  3.138354380473901E-013
  1.860193926691909E-006  3.201752773363892E-013
  1.878889186464117E-006  3.266432943138276E-013
  1.897772336720718E-006  3.332419134229026E-013
  1.916845265792473E-006  3.399737622985977E-013
  1.936109880988184E-006  3.468417622762478E-013
  1.955568108785423E-006  3.538484447310913E-013
  1.975221895023187E-006  3.609967214321767E-013
  1.995073205096477E-006  3.682893705068391E-013
  2.015124024152843E-006  3.757292953669617E-013
  2.035376357290900E-006  3.833195273082256E-013
  2.055832229760839E-006  3.910630511494814E-013
  2.076493687166953E-006  3.989631592375328E-013
  2.097362795672201E-006  4.070225646943096E-013
  2.118441642204824E-006  4.152448236156837E-013
  2.139732334667041E-006  4.236333625438645E-013
  2.161237002145842E-006  4.321913837652328E-013
  2.182957795125894E-006  4.409221325903482E-013
  2.204896885704596E-006  4.498294477159654E-013
  2.227056467809289E-006  4.589165780398187E-013
  2.249438757416649E-006  4.681874631098453E-013
  2.272045992774289E-006  4.776454473135678E-013
  2.294880434624585E-006  4.872944796984848E-013
  2.317944366430750E-006  4.971384706951308E-013
  2.341240094605185E-006  5.071813848066152E-013
  2.364769948740120E-006  5.174271462783887E-013
  2.388536281840578E-006  5.278800188734711E-013
  2.412541470559673E-006  5.385439425331498E-013
  2.436787915436282E-006  5.494229098136950E-013
  2.461278041135098E-006  5.605221284360867E-013
  2.486014296689100E-006  5.718455207058451E-013
  2.510999155744455E-006  5.833972551196597E-013
  2.536235116807892E-006  5.951829313469640E-013
  2.561724703496545E-006  6.072060589065782E-013
  2.587470464790326E-006  6.194725706882328E-013
  2.613474975286819E-006  6.319864926779307E-013
  2.639740835458743E-006  6.447535050809753E-013
  2.666270671914005E-006  6.577785642146729E-013
  2.693067137658357E-006  6.710664909508533E-013
  2.720132912360706E-006  6.846229843300218E-013
  2.747470702621075E-006  6.984534149554227E-013
  2.775083242241273E-006  7.125632269030898E-013
  2.802973292498272E-006  7.269577318407493E-013
  2.831143642420341E-006  7.416433508905359E-013
  2.859597109065945E-006  7.566255539246834E-013
  2.888336537805461E-006  7.719105127872031E-013
  2.917364802605713E-006  7.875040636035020E-013
  2.946684806317371E-006  8.034127566622838E-013
  2.976299480965240E-006  8.196425953907861E-013
  3.006211788041463E-006  8.362005195776320E-013
  3.036424718801675E-006  8.530929219406863E-013
  3.066941294564129E-006  8.703269301340613E-013
  3.097764567011833E-006  8.879086857835789E-013
  3.128897618497717E-006  9.058459386371757E-013
  3.160343562352875E-006  9.241454522887428E-013
  3.192105543197895E-006  9.428145217612023E-013
  3.224186737257333E-006  9.618603205504512E-013
  3.256590352677327E-006  9.812914555247106E-013
  3.289319629846424E-006  1.001114867072714E-012
  3.322377841719614E-006  1.021338935688522E-012
  3.355768294145633E-006  1.041971481536829E-012
  3.389494326197550E-006  1.063020657812386E-012
  3.423559310506675E-006  1.084495185974230E-012
  3.457966653599826E-006  1.106403220631927E-012
  3.492719796239985E-006  1.128753948530481E-012
  3.527822213770378E-006  1.151556453545633E-012
  3.563277416462010E-006  1.174819246236077E-012
  3.599088949864695E-006  1.198552121200107E-012
  3.635260395161617E-006  1.222764775440326E-012
  3.671795369527450E-006  1.247465857795436E-012
  3.708697526490075E-006  1.272666744417495E-012
  3.745970556295941E-006  1.298376110315324E-012
  3.783618186279089E-006  1.324604901819771E-012
  3.821644181233890E-006  1.351363496025107E-012
  3.860052343791530E-006  1.378662654462002E-012
  3.898846514800269E-006  1.406513530702273E-012
  3.938030573709538E-006  1.434927433100398E-012
  3.977608438957880E-006  1.463914841684311E-012
  4.017584068364803E-006  1.493487859474252E-012
  4.057961459526561E-006  1.523657764441873E-012
  4.098744650215917E-006  1.554438485272624E-012
  4.139937718785926E-006  1.585840135192459E-012
  4.181544784577773E-006  1.617875476663776E-012
  4.223570008332711E-006  1.650558463753229E-012
  4.266017592608136E-006  1.683902229750638E-012
  4.308891782197847E-006  1.717919063796060E-012
  4.352196864556534E-006  1.752623477485653E-012
  4.395937170228519E-006  1.788029152385584E-012
  4.440117073280820E-006  1.824149436564386E-012
  4.484740991740559E-006  1.860999947767045E-012
  4.529813388036769E-006  1.898594949490602E-012
  4.575338769446639E-006  1.936948898200485E-012
  4.621321688546249E-006  1.976078037623167E-012
  4.667766743665828E-006  2.015997773717923E-012
  4.714678579349592E-006  2.056723722595948E-012
  4.762061886820203E-006  2.098272790305924E-012
  4.809921404447894E-006  2.140660494794626E-012
  4.858261918224311E-006  2.183904737016703E-012
  4.907088262241116E-006  2.228022029329316E-012
  4.956405319173398E-006  2.273031854306933E-012
  5.006218020767949E-006  2.318949554746887E-012
  5.056531348336439E-006  2.365794553569050E-012
  5.107350333253554E-006  2.413587663437555E-012
  5.158680057460133E-006  2.462344949453506E-012
  5.210525653971372E-006  2.512087186527802E-012
  5.262892307390128E-006  2.562834876954288E-012
  5.315785254425382E-006  2.614607100976132E-012
  5.369209784415913E-006  2.667425481644280E-012
  5.423171239859242E-006  2.721310795188148E-012
  5.477675016945882E-006  2.776285256812858E-012
  5.532726566098960E-006  2.832369068354205E-012
  5.588331392519269E-006  2.889586783419902E-012
  5.644495056735788E-006  2.947959787288963E-012
  5.701223175161743E-006  3.007513286589957E-012
  5.758521420656249E-006  3.068269291480194E-012
  5.816395523091605E-006  3.130251889321592E-012
  5.874851269926282E-006  3.193486694111328E-012
  5.933894506783677E-006  3.257999677205973E-012
  5.993531138036679E-006  3.323814753504284E-012
  6.053767127398112E-006  3.390961014230541E-012
  6.114608498517106E-006  3.459462473583241E-012
  6.176061335581476E-006  3.529349593265652E-012
  6.238131783926139E-006  3.600645873545415E-012
  6.300826050647656E-006  3.673385024968705E-012
  6.364150405224943E-006  3.747591289247972E-012
  6.428111180146228E-006  3.823299225589783E-012
  6.492714771542306E-006  3.900533833840744E-012
  6.557967639826152E-006  3.979329275217014E-012
  6.623876310338971E-006  4.059716389006128E-012
  6.690447374002740E-006  4.141728988420228E-012
  6.757687487979300E-006  4.225396227507666E-012
  6.825603376336083E-006  4.310755378009277E-012
  6.894201830718521E-006  4.397839062272022E-012
  6.963489711029219E-006  4.486681644198882E-012
  7.033473946113947E-006  4.577317957048302E-012
  7.104161534454534E-006  4.669785940671040E-012
  7.175559544868721E-006  4.764121421800007E-012
  7.247675117217048E-006  4.860363370841568E-012
  7.320515463116846E-006  4.958548629752971E-012
  7.394087866663405E-006  5.058715879029383E-012
  7.468399685158392E-006  5.160909724882868E-012
  7.543458349845581E-006  5.265167278426561E-012
  7.619271366653990E-006  5.371530225595756E-012
  7.695846316948479E-006  5.480043564925611E-012
  7.773190858287890E-006  5.590746045681466E-012
  7.851312725190810E-006  5.703685221577983E-012
  7.930219729909032E-006  5.818906540024697E-012
  8.009919763208783E-006  5.936456074777446E-012
  8.090420795159810E-006  6.056381937185870E-012
  8.171730875932394E-006  6.178728672125522E-012
  8.253858136602368E-006  6.303548507902400E-012
  8.336810789964242E-006  6.430888708880841E-012
  8.420597131352476E-006  6.560804336345366E-012
  8.505225539471033E-006  6.693341154324684E-012
  8.590704477231249E-006  6.828555647134756E-012
  8.677042492598133E-006  6.966499279800244E-012
  8.764248219445169E-006  7.107232978994332E-012
  8.852330378417714E-006  7.250806792410382E-012
  8.941297777805069E-006  7.397281751225243E-012
  9.031159314421309E-006  7.546716780853516E-012
  9.121923974494983E-006  7.699170127324095E-012
  9.213600834567735E-006  7.854702326285554E-012
  9.306199062401971E-006  8.013374742723841E-012
  9.399727917897638E-006  8.175257149244012E-012
  9.494196754018227E-006  8.340409667281875E-012
  9.589615017726075E-006  8.508894743860447E-012
  9.685992250927068E-006  8.680786418835345E-012
  9.783338091424841E-006  8.856148981044315E-012
  9.881662273884565E-006  9.035056887547991E-012
  9.980974630806424E-006  9.217576286405917E-012
  1.008128509350887E-005  9.403783607110458E-012
  1.018260369312177E-005  9.593756351668226E-012
  1.028494056158950E-005  9.787560437881705E-012
  1.038830593268422E-005  9.985281723412099E-012
  1.049271014302915E-005  1.018700090169280E-011
  1.059816363313233E-005  1.039279335518370E-011
  1.070467694843066E-005  1.060273869958609E-011
  1.081226074034443E-005  1.081692736999501E-011
  1.092092576734248E-005  1.103544455881090E-011
  1.103068289601807E-005  1.125837662606076E-011
  1.114154310217553E-005  1.148581440832478E-011
  1.125351747192785E-005  1.171784337541127E-011
  1.136661720280533E-005  1.195455679586286E-011
  1.148085360487530E-005  1.219605591594439E-011
  1.159623810187317E-005  1.244242660064084E-011
  1.171278223234479E-005  1.269378624514390E-011
  1.183049765080033E-005  1.295021661397447E-011
  1.194939612887973E-005  1.321183461304353E-011
  1.206948955652988E-005  1.347873139954162E-011
  1.219078994319362E-005  1.375101653787776E-011
  1.231330941901071E-005  1.402880458242786E-011
  1.243706023603083E-005  1.431220125000550E-011
  1.256205476943880E-005  1.460133117708251E-011
  1.268830551879213E-005  1.489629616071518E-011
  1.281582510927096E-005  1.519722052080425E-011
  1.294462629294061E-005  1.550422677375868E-011
  1.307472195002678E-005  1.581743199164384E-011
  1.320612509020358E-005  1.613696917434822E-011
  1.333884885389455E-005  1.646295516505055E-011
  1.347290651358665E-005  1.679553009226830E-011
  1.360831147515758E-005  1.713482150078562E-011
  1.374507727921631E-005  1.748096597599690E-011
  1.388321760245723E-005  1.783410566611509E-011
  1.402274625902779E-005  1.819437360236786E-011
  1.416367720190991E-005  1.856192689205460E-011
  1.430602452431532E-005  1.893690620846481E-011
  1.444980246109490E-005  1.931945036336740E-011
  1.459502539016212E-005  1.970973396108527E-011
  1.474170783393093E-005  2.010790001815807E-011
  1.488986446076792E-005  2.051410486478456E-011
  1.503951008645925E-005  2.092851845116386E-011
  1.519065967569219E-005  2.135129386621805E-011
  1.534332834355163E-005  2.178261330091492E-011
  1.549753135703158E-005  2.222265764672278E-011
  1.565328413656187E-005  2.267159079781772E-011
  1.581060225755028E-005  2.312958667651092E-011
  1.596950145193998E-005  2.359683734599870E-011
  1.612999760978284E-005  2.407352170132910E-011
  1.629210678082839E-005  2.455983699009816E-011
  1.645584517612882E-005  2.505598321336732E-011
  1.662122916966012E-005  2.556214705089121E-011
  1.678827529995945E-005  2.607854195126573E-011
  1.695700027177905E-005  2.660535996717431E-011
  1.712742095775671E-005  2.714282839497367E-011
  1.729955440010305E-005  2.769114490095309E-011
  1.747341781230574E-005  2.825054278277209E-011
  1.764902858085089E-005  2.882123374157488E-011
  1.782640426696169E-005  2.940345732919706E-011
  1.800556260835458E-005  2.999745646237689E-011
  1.818652152101299E-005  3.060344376751211E-011
  1.836929910097899E-005  3.122167696011581E-011
  1.855391362616288E-005  3.185240038107876E-011
  1.874038355817104E-005  3.249585316031099E-011
  1.892872754415205E-005  3.315232059718668E-011
  1.911896441866147E-005  3.382203163692063E-011
  1.931111320554528E-005  3.450527891366002E-011
  1.950519311984229E-005  3.520234179656583E-011
  1.970122356970567E-005  3.591346846507898E-011
  1.989922415834376E-005  3.663898080017169E-011
  2.009921468598042E-005  3.737913450707371E-011
  2.030121515183509E-005  3.813424198061661E-011
  2.050524575612267E-005  3.890460212710944E-011
  2.071132690207363E-005  3.969054490736652E-011
  2.091947919797429E-005  4.049233268562356E-011
  2.112972345922771E-005  4.131033097043313E-011
  2.134208071043522E-005  4.214484670996650E-011
  2.155657218749889E-005  4.299624596329235E-011
  2.177321933974518E-005  4.386482629577635E-011
  2.199204383206985E-005  4.475094466253793E-011
  2.221306754710450E-005  4.565497229672750E-011
  2.243631258740481E-005  4.657725757478171E-011
  2.266180127766085E-005  4.751818178413166E-011
  2.288955616692955E-005  4.847811263279868E-011
  2.311960003088964E-005  4.945744182108937E-011
  2.335195587411921E-005  5.045655693775306E-011
  2.358664693239622E-005  5.147583168730174E-011
  2.382369667502208E-005  5.251572187034357E-011
  2.406312880716859E-005  5.357660266068460E-011
  2.430496727224849E-005  5.465892228931138E-011
  2.454923625430982E-005  5.576311572904359E-011
  2.479596018045435E-005  5.688959443778330E-011
  2.504516372328029E-005  5.803885441278488E-011
  2.529687180334960E-005  5.921131928621813E-011
  2.555110959168004E-005  6.040743824967198E-011
  2.580790251226231E-005  6.162776688438753E-011
  2.606727624460247E-005  6.287270755289142E-011
  2.632925672628988E-005  6.414282975565486E-011
  2.659387015559105E-005  6.543860942309826E-011
  2.686114299406941E-005  6.676056976634491E-011
  2.713110196923153E-005  6.810920006775959E-011
  2.740377407719991E-005  6.948509947957174E-011
  2.767918658541256E-005  7.088879264115989E-011
  2.795736703534981E-005  7.232083212400831E-011
  2.823834324528849E-005  7.378182002160483E-011
  2.852214331308372E-005  7.527230359970054E-011
  2.880879561897880E-005  7.679290101639513E-011
  2.909832882844318E-005  7.834421775910124E-011
  2.939077189503909E-005  7.992688903527511E-011
  2.968615406331690E-005  8.154151583030500E-011
  2.998450487173959E-005  8.318877207759056E-011
  3.028585415563662E-005  8.486931941435283E-011
  3.059023205018751E-005  8.658380673962914E-011
  3.089766899343537E-005  8.833289172258743E-011
  3.120819572933071E-005  9.011730709912697E-011
  3.152184331080590E-005  9.193779589101355E-011
  3.183864310288046E-005  9.379504464979613E-011
  3.215862678579760E-005  9.568981630083629E-011
  3.248182635819227E-005  9.762288438477732E-011
  3.280827414029103E-005  9.959501054647657E-011
  3.313800277714414E-005  1.016069668238727E-010
  3.347104524189006E-005  1.036595814669628E-010
  3.380743483905280E-005  1.057536253549692E-010
  3.414720520787241E-005  1.078899719780199E-010
  3.449039032566889E-005  1.100694838650894E-010
  3.483702451124003E-005  1.122930121358350E-010
  3.518714242829325E-005  1.145614897737406E-010
  3.554077908891202E-005  1.168757686643475E-010
  3.589796985705708E-005  1.192368303865090E-010
  3.625875045210293E-005  1.216455752217308E-010
  3.662315695240971E-005  1.241030111654134E-010
  3.699122579893114E-005  1.266100642490903E-010
  3.736299379885858E-005  1.291677694524601E-010
  3.773849812930184E-005  1.317771033873857E-010
  3.811777634100688E-005  1.344391533495385E-010
  3.850086636211095E-005  1.371549728388988E-010
  3.888780650193538E-005  1.399257282984919E-010
  3.927863545481662E-005  1.427524046540227E-010
  3.967339230397565E-005  1.456361986299377E-010
  4.007211652542635E-005  1.485783238241387E-010
  4.047484799192313E-005  1.515797595800232E-010
  4.088162697694826E-005  1.546418510467782E-010
  4.129249415873922E-005  1.577658612577438E-010
  4.170749062435658E-005  1.609529177781968E-010
  4.212665787379273E-005  1.642044192828235E-010
  4.255003782412192E-005  1.675216298570587E-010
  4.297767281369201E-005  1.709057271357137E-010
  4.340960560635832E-005  1.743583204182087E-010
  4.384587939576005E-005  1.778805719313075E-010
  4.428653780963972E-005  1.814740265091478E-010
  4.473162491420592E-005  1.851400397323228E-010
  4.518118521854002E-005  1.888800383955595E-010
  4.563526367904709E-005  1.926956821425850E-010
  4.609390570395158E-005  1.965883862817304E-010
  4.655715715783817E-005  2.005597465826112E-010
  4.702506436623831E-005  2.046113268189816E-010
  4.749767412026275E-005  2.087447665488356E-010
  4.797503368128075E-005  2.129616185434530E-010
  4.845719078564621E-005  2.172636762647986E-010
  4.894419364947136E-005  2.216527585124348E-010
  4.943609097344842E-005  2.261303764089485E-010
  4.993293194771970E-005  2.306985069050690E-010
  5.043476625679667E-005  2.353589308890082E-010
  5.094164408452843E-005  2.401134534267068E-010
  5.145361611912016E-005  2.449641307039467E-010
  5.197073355820196E-005  2.499127633756398E-010
  5.249304811394866E-005  2.549612331913413E-010
  5.302061201825112E-005  2.601118498454955E-010
  5.355347802793938E-005  2.653664362894644E-010
  5.409169943005849E-005  2.707271876438943E-010
  5.463533004719717E-005  2.761962130085727E-010
  5.518442424287016E-005  2.817757089385554E-010
  5.573903692695461E-005  2.874680202075866E-010
  5.629922356118111E-005  2.932752281368600E-010
  5.686504016467991E-005  2.991996797128116E-010
  5.743654331958286E-005  3.052439938477867E-010
  5.801379017668172E-005  3.114103456321101E-010
  5.859683846114323E-005  3.177012408802784E-010
  5.918574647828172E-005  3.241192808870288E-010
  5.978057311938966E-005  3.306669199882263E-010
  6.038137786762685E-005  3.373468297066840E-010
  6.098822080396878E-005  3.441615952278989E-010
  6.160116261321479E-005  3.511142087704769E-010
  6.222026459005659E-005  3.582071445072624E-010
  6.284558864520780E-005  3.654434097046912E-010
  6.347719731159503E-005  3.728258022772197E-010
  6.411515375061126E-005  3.803575375439929E-010
  6.475952175843203E-005  3.880411137527261E-010
  6.541036577239508E-005  3.958799547612550E-010
  6.606775087744418E-005  4.038774053117930E-010
  6.673174281263768E-005  4.120362120502859E-010
  6.740240797772241E-005  4.203599348276648E-010
  6.807981343977377E-005  4.288517932029395E-010
  6.876402693990248E-005  4.375151813085446E-010
  6.945511690002872E-005  4.463536715999026E-010
  7.015315242972443E-005  4.553706216262546E-010
  7.085820333312427E-005  4.645696999675593E-010
  7.157034011590611E-005  4.739547597064589E-010
  7.228963399234170E-005  4.835291706075996E-010
  7.301615689241808E-005  4.932972914329352E-010
  7.374998146903070E-005  5.032624586719223E-010
  7.449118110524875E-005  5.134288692804490E-010
  7.523982992165351E-005  5.238007792741398E-010
  7.599600278375051E-005  5.343822288825065E-010
  7.675977530945610E-005  5.451775900376062E-010
  7.753122387665932E-005  5.561910173823096E-010
  7.831042563085978E-005  5.674270012665982E-010
  7.909745849288223E-005  5.788896727158605E-010
  7.989240116666873E-005  5.905840646294470E-010
  8.069533314714912E-005  6.025145722514706E-010
  8.150633472819056E-005  6.146860773899130E-010
  8.232548701062700E-005  6.271035296642417E-010
  8.315287191036930E-005  6.397719472406576E-010
  8.398857216659692E-005  6.526962727666236E-010
  8.483267135003191E-005  6.658815160239722E-010
  8.568525387129605E-005  6.793330471742036E-010
  8.654640498935192E-005  6.930564578200724E-010
  8.741621082002897E-005  7.070572700303326E-010
  8.829475834463511E-005  7.213406365412023E-010
  8.918213541865493E-005  7.359126733728924E-010
  9.007843078053531E-005  7.507791332956110E-010
  9.098373406055935E-005  7.659458476545216E-010
  9.189813578980947E-005  7.814188786870674E-010
  9.282172740922061E-005  7.972046764036660E-010
  9.375460127872437E-005  8.133093221414204E-010
  9.469685068648510E-005  8.297392868536319E-010
  9.564856985822878E-005  8.465011306287630E-010
  9.660985396666569E-005  8.636013483454746E-010
  9.758079914100775E-005  8.810476154375369E-010
  9.856150247658151E-005  8.988456788555665E-010
  9.955206204453779E-005  9.170040368150632E-010
  1.005525769016588E-004  9.355284611265358E-010
  1.015631471002642E-004  9.544273412428797E-010
  1.025838736982157E-004  9.737085480726840E-010
  1.036148587690240E-004  9.933784542471610E-010
  1.046562054120551E-004  1.013446097790583E-009
  1.057080177628413E-004  1.033919023896364E-009
  1.067704010034941E-004  1.054805531454452E-009
  1.078434613732228E-004  1.076114034133281E-009
  1.089273061789587E-004  1.097853061621513E-009
  1.100220438060855E-004  1.120031260881298E-009
  1.111277837292783E-004  1.142657730549809E-009
  1.122446365234509E-004  1.165741026145565E-009
  1.133727138748133E-004  1.189290490597228E-009
  1.145121285920407E-004  1.213315595983829E-009
  1.156629946175544E-004  1.237826284798091E-009
  1.168254270389161E-004  1.262831955164030E-009
  1.179995421003365E-004  1.288342818352663E-009
  1.191854572143001E-004  1.314369227333987E-009
  1.203832909733068E-004  1.340920984848123E-009
  1.215931631617306E-004  1.368009069926250E-009
  1.228151947677985E-004  1.395644264613562E-009
  1.240495079956894E-004  1.423838554746945E-009
  1.252962262777549E-004  1.452601620645157E-009
  1.265554742868621E-004  1.481946465079447E-009
  1.278273779488612E-004  1.511883778063263E-009
  1.291120644551783E-004  1.542425107997769E-009
  1.304096622755347E-004  1.573583963793680E-009
  1.317203011707938E-004  1.605372234847663E-009
  1.330441122059372E-004  1.637802699296776E-009
  1.343812277631716E-004  1.670888677654786E-009
  1.357317815551671E-004  1.704642939375384E-009
  1.370959086384284E-004  1.739078796463042E-009
  1.384737454268004E-004  1.774210858336945E-009
  1.398654297051103E-004  1.810052819322289E-009
  1.412711006429456E-004  1.846618184023193E-009
  1.426908988085715E-004  1.883922147366993E-009
  1.441249661829877E-004  1.921979737436323E-009
  1.455734461741268E-004  1.960805808273327E-009
  1.470364836311949E-004  2.000416565355870E-009
  1.485142248591569E-004  2.040827670977342E-009
  1.500068176333671E-004  2.082055001514177E-009
  1.515144112143468E-004  2.124114649727902E-009
  1.530371563627103E-004  2.167024490846402E-009
  1.545752053542415E-004  2.210801473806994E-009
  1.561287119951212E-004  2.255462779079996E-009
  1.576978316373081E-004  2.301025821157642E-009
  1.592827211940740E-004  2.347509846413948E-009
  1.608835391556954E-004  2.394932768934056E-009
  1.625004456053024E-004  2.443313550361768E-009
  1.641336022348874E-004  2.492671412947063E-009
  1.657831723614744E-004  2.543026656144460E-009
  1.674493209434506E-004  2.594399044110611E-009
  1.691322145970627E-004  2.646809432206987E-009
  1.708320216130786E-004  2.700278138316757E-009
  1.725489119736162E-004  2.754829076402501E-009
  1.742830573691424E-004  2.810479830011111E-009
  1.760346312156419E-004  2.867254905929798E-009
  1.778038086719590E-004  2.925176633960688E-009
  1.795907666573136E-004  2.984269342420872E-009
  1.813956838689935E-004  3.044555147644081E-009
  1.832187408002238E-004  3.106060737798778E-009
  1.850601197582169E-004  3.168807165612770E-009
  1.869200048824031E-004  3.232821799292891E-009
  1.887985821628447E-004  3.298128924019139E-009
  1.906960394588353E-004  3.364755768738334E-009
  1.926125665176857E-004  3.432727312234289E-009
  1.945483549936988E-004  3.502073273855908E-009
  1.965035984673355E-004  3.572820253653689E-009
  1.984784924645725E-004  3.644994319506462E-009
  2.004732344764552E-004  3.718629042630710E-009
  2.024880239788472E-004  3.793750391267265E-009
  2.045230624523776E-004  3.870389187643593E-009
  2.065785534025897E-004  3.948576682656959E-009
  2.086547023802914E-004  4.028342734590774E-009
  2.107517170021107E-004  4.109721273306778E-009
  2.128698069712572E-004  4.192741175081120E-009
  2.150091840984929E-004  4.277440030650982E-009
  2.171700623233133E-004  4.363851318412715E-009
  2.193526577353418E-004  4.452006165892266E-009
  2.215571885959383E-004  4.541943632763339E-009
  2.237838753600260E-004  4.633696721426816E-009
  2.260329406981369E-004  4.727303620035785E-009
  2.283046095186790E-004  4.822800186239544E-009
  2.305991089904274E-004  4.920228519181373E-009
  2.329166685652415E-004  5.019625533933500E-009
  2.352575200010099E-004  5.121027670202035E-009
  2.376218973848271E-004  5.224479641815196E-009
  2.400100371564016E-004  5.330021907983464E-009
  2.424221781317008E-004  5.437693509879030E-009
  2.448585615268323E-004  5.547543895274796E-009
  2.473194309821660E-004  5.659613292614227E-009
  2.498050325866981E-004  5.773943458289792E-009
  2.523156149026604E-004  5.890586742823081E-009
  2.548514289903768E-004  6.009584150689159E-009
  2.574127284333690E-004  6.130985326160224E-009
  2.599997693637159E-004  6.254838570856347E-009
  2.626128104876664E-004  6.381192848704062E-009
  2.652521131115104E-004  6.510103969275811E-009
  2.679179411677097E-004  6.641616128288444E-009
  2.706105612412915E-004  6.775788637822934E-009
  2.733302425965069E-004  6.912667039029078E-009
  2.760772572037580E-004  7.052312149520085E-009
  2.788518797667946E-004  7.194777218377270E-009
  2.816543877501851E-004  7.340122574219580E-009
  2.844850614070635E-004  7.488402999928869E-009
  2.873441838071543E-004  7.639678295403550E-009
  2.902320408650801E-004  7.794011239239315E-009
  2.931489213689532E-004  7.951458994462862E-009
  2.960951170092547E-004  8.112090356444485E-009
  2.990709224080040E-004  8.275964173065635E-009
  3.020766351482207E-004  8.443144460569456E-009
  3.051125558036835E-004  8.613709353886675E-009
  3.081789879689881E-004  8.787718161831695E-009
  3.112762382899062E-004  8.965239871929394E-009
  3.144046164940510E-004  9.146353381848391E-009
  3.175644354218500E-004  9.331122955499783E-009
  3.207560110578290E-004  9.519625007234109E-009
  3.239796625622114E-004  9.711932467426767E-009
  3.272357123028340E-004  9.908126113318085E-009
  3.305244858873842E-004  1.010827866465110E-008
  3.338463121959611E-004  1.031248228134672E-008
  3.372015234139638E-004  1.052080493363755E-008
  3.405904550653101E-004  1.073334109981323E-008
  3.440134460459893E-004  1.095016552708109E-008
  3.474708386579519E-004  1.117137277496175E-008
  3.509629786433403E-004  1.139705164853633E-008
  3.544902152190631E-004  1.162728741520936E-008
  3.580529011117173E-004  1.186217365814805E-008
  3.616513925928612E-004  1.210180285264661E-008
  3.652860495146414E-004  1.234627839965025E-008
  3.689572353457793E-004  1.259568817287115E-008
  3.726653172079170E-004  1.285013583190073E-008
  3.764106659123311E-004  1.310972158146588E-008
  3.801936559970129E-004  1.337455685279898E-008
  3.840146657641236E-004  1.364473979434034E-008
  3.878740773178239E-004  1.392038230132029E-008
  3.917722766024855E-004  1.420158782342927E-008
  3.957096534412853E-004  1.448848130551679E-008
  3.996866015751884E-004  1.478116927200229E-008
  4.037035187023224E-004  1.507976981779657E-008
  4.077608065177472E-004  1.538440266765386E-008
  4.118588707536257E-004  1.569518919378523E-008
  4.159981212197964E-004  1.601225243363521E-008
  4.201789718447553E-004  1.633572229007172E-008
  4.244018407170490E-004  1.666572005469993E-008
  4.286671501270838E-004  1.700239480669287E-008
  4.329753266093551E-004  1.734587148018064E-008
  4.373268009851013E-004  1.769627666359163E-008
  4.417220084053862E-004  1.805376518433164E-008
  4.461613883946145E-004  1.841847807170464E-008
  4.506453848944847E-004  1.879055291356847E-008
  4.551744463083835E-004  1.917015071121952E-008
  4.597490255462263E-004  1.955740765266373E-008
  4.643695800697493E-004  1.995249438588586E-008
  4.690365719382552E-004  2.035556757934221E-008
  4.737504678548200E-004  2.076678054263044E-008
  4.785117392129637E-004  2.118629417221025E-008
  4.833208621437898E-004  2.161428266990731E-008
  4.881783175635990E-004  2.205092267326963E-008
  4.930845912219812E-004  2.249638766820182E-008
  4.980401737503908E-004  2.295084787501083E-008
  5.030455607112102E-004  2.341448714343383E-008
  5.081012526473069E-004  2.388748616514671E-008
  5.132077551320874E-004  2.437005099476631E-008
  5.183655788200556E-004  2.486235609052469E-008
  5.235752394978785E-004  2.536461289897152E-008
  5.288372581359655E-004  2.587700679669574E-008
  5.341521609405652E-004  2.639976066729546E-008
  5.395204794063872E-004  2.693308295556881E-008
  5.449427503697519E-004  2.747717316259157E-008
  5.504195160622739E-004  2.803224530579853E-008
  5.559513241650865E-004  2.859853420542247E-008
  5.615387278636101E-004  2.917626001874885E-008
  5.671822859028704E-004  2.976566395130627E-008
  5.728825626433746E-004  3.036697243497382E-008
  5.786401281175469E-004  3.098043319836621E-008
  5.844555580867326E-004  3.160627908521852E-008
  5.903294340987749E-004  3.224476448758033E-008
  5.962623435461700E-004  3.289615349420287E-008
  6.022548797248065E-004  3.356069526629252E-008
  6.083076418932963E-004  3.423866102333756E-008
  6.144212353329002E-004  3.493031948115130E-008
  6.205962714080567E-004  3.563595562972007E-008
  6.268333676275193E-004  3.635586475886077E-008
  6.331331477061076E-004  3.709028904656773E-008
  6.394962416270792E-004  3.783956321343436E-008
  6.459232857051288E-004  3.860398829157184E-008
  6.524149226500201E-004  3.938381779735063E-008
  6.589718016308573E-004  4.017942521743317E-008
  6.655945783410026E-004  4.099111129733600E-008
  6.722839150636460E-004  4.181918080247442E-008
  6.790404807380342E-004  4.266398208845435E-008
  6.858649510263652E-004  4.352585516723589E-008
  6.927580083813549E-004  4.440514473697070E-008
  6.997203421144829E-004  4.530217348263748E-008
  7.067526484649246E-004  4.621734899291941E-008
  7.138556306691753E-004  4.715099020409964E-008
  7.210299990313746E-004  4.810351517521536E-008
  7.282764709943374E-004  4.907527977022096E-008
  7.355957712112987E-004  5.006667200971498E-008
  7.429886316183797E-004  5.107808524380959E-008
  7.504557915077816E-004  5.210991820958373E-008
  7.579979976017164E-004  5.316260293072675E-008
  7.656160041270783E-004  5.423656350202090E-008
  7.733105728908685E-004  5.533221580475773E-008
  7.810824733563754E-004  5.645002374235959E-008
  7.889324827201221E-004  5.759037254464680E-008
  7.968613859895868E-004  5.875378080216319E-008
  8.048699760617038E-004  5.994067421986295E-008
  8.129590538021542E-004  6.115157060080026E-008
  8.211294281254529E-004  6.238690820561906E-008
  8.293819160758410E-004  6.364720383232852E-008
  8.377173429089906E-004  6.493296689381590E-008
  8.461365421745311E-004  6.624468442213654E-008
  8.546403557994053E-004  6.758293866048895E-008
  8.632296341720621E-004  6.894821623077737E-008
  8.719052362274964E-004  7.034103999146225E-008
  8.806680295331436E-004  7.176201486808680E-008
  8.895188903756367E-004  7.321170916670629E-008
  8.984587038484355E-004  7.469069900224822E-008
  9.074883639403372E-004  7.619955315089643E-008
  9.166087736248758E-004  7.773887867780871E-008
  9.258208449506200E-004  7.930930640148176E-008
  9.351254991323793E-004  8.091147590770668E-008
  9.445236666433257E-004  8.254600456562155E-008
  9.540162873080421E-004  8.421354931439336E-008
  9.636043103965054E-004  8.591477614371245E-008
  9.732886947190147E-004  8.765032864277891E-008
  9.830704087220726E-004  8.942101754945938E-008
  9.929504305852307E-004  9.122742649265175E-008
  1.002929748318909E-003  9.307038651772432E-008
  1.013009359863196E-003  9.495051548196772E-008
  1.023190273187647E-003  9.686863305851741E-008
  1.033473506392079E-003  9.882553811302000E-008
  1.043860087808380E-003  1.008219426725019E-007
  1.054351056103348E-003  1.028586666080163E-007
  1.064947460382556E-003  1.049365411991321E-007
  1.075650360295261E-003  1.070564092577420E-007
  1.086460826140374E-003  1.092190585879859E-007
  1.097379938973488E-003  1.114254549387490E-007
  1.108408790714985E-003  1.136764433045062E-007
  1.119548484259231E-003  1.159728123763213E-007
  1.130800133584864E-003  1.183155990199441E-007
  1.142164863866191E-003  1.207057525837564E-007
  1.153643811585712E-003  1.231441668428871E-007
  1.165238124647765E-003  1.256318510185023E-007
  1.176948962493318E-003  1.281697590350317E-007
  1.188777496215914E-003  1.307589622680359E-007
  1.200724908678782E-003  1.334004770953381E-007
  1.212792394633126E-003  1.360953689567152E-007
  1.224981160837598E-003  1.388446472040833E-007
  1.237292426178973E-003  1.416495124838842E-007
  1.249727421794048E-003  1.445110753419428E-007
  1.262287391192744E-003  1.474303896526470E-007
  1.274973590382470E-003  1.504087398508221E-007
  1.287787287993715E-003  1.534471747425358E-007
  1.300729765406920E-003  1.565469754716358E-007
  1.313802316880610E-003  1.597094778728293E-007
  1.327006249680827E-003  1.629358525584526E-007
  1.340342884211854E-003  1.662273226467875E-007
  1.353813554148259E-003  1.695853508953335E-007
  1.367419606568260E-003  1.730111967320475E-007
  1.381162402088439E-003  1.765063242695445E-007
  1.395043314999798E-003  1.800719917149511E-007
  1.409063733405198E-003  1.837096634770336E-007
  1.423225059358161E-003  1.874208243435360E-007
  1.437528709003086E-003  1.912069797023472E-007
  1.451976112716855E-003  1.950695786973058E-007
  1.466568715251880E-003  1.990102836100019E-007
  1.481307975880575E-003  2.030305467900105E-007
  1.496195368541286E-003  2.071319962214218E-007
  1.511232381985684E-003  2.113164003344305E-007
  1.526420519927645E-003  2.155852366034848E-007
  1.541761301193620E-003  2.199402795095618E-007
  1.557256259874520E-003  2.243835278923378E-007
  1.572906945479126E-003  2.289163278825598E-007
  1.588714923089039E-003  2.335406056643238E-007
  1.604681773515195E-003  2.382584766787847E-007
  1.620809093455942E-003  2.430715985840719E-007
  1.637098495656713E-003  2.479818958491555E-007
  1.653551609071303E-003  2.529914838851393E-007
  1.670170079024764E-003  2.581022601758675E-007
  1.686955567377941E-003  2.633162306715324E-007
  1.703909752693657E-003  2.686356791129648E-007
  1.721034330404571E-003  2.740624184606857E-007
  1.738331012982726E-003  2.795989591893675E-007
  1.755801530110794E-003  2.852470857172867E-007
  1.773447628855045E-003  2.910095411512277E-007
  1.791271073840059E-003  2.968882533958179E-007
  1.809273647425189E-003  3.028858626731690E-007
  1.827457149882794E-003  3.090046150395107E-007
  1.845823399578274E-003  3.152467864384829E-007
  1.864374233151902E-003  3.216152943197409E-007
  1.883111505702496E-003  3.281123090145097E-007
  1.902037090972925E-003  3.347406457188142E-007
  1.921152881537488E-003  3.415028937642438E-007
  1.940460788991171E-003  3.484016776715637E-007
  1.959962744140808E-003  3.554399261466610E-007
  1.979660697198168E-003  3.626202492748782E-007
  1.999556617974969E-003  3.699457439064425E-007
  2.019652496079871E-003  3.774191873201828E-007
  2.039950341117431E-003  3.850433939874937E-007
  2.060452182889067E-003  3.928219504181243E-007
  2.081160071596040E-003  4.007573886376737E-007
  2.102076078044479E-003  4.088531063334946E-007
  2.123202293852459E-003  4.171126425358219E-007
  2.144540831659165E-003  4.255389311937262E-007
  2.166093825336160E-003  4.341353207329800E-007
  2.187863430200773E-003  4.429053000822287E-007
  2.209851823231631E-003  4.518525966146695E-007
  2.232061203286362E-003  4.609807992246200E-007
  2.254493791321479E-003  4.702933541131960E-007
  2.277151830614479E-003  4.797938500471640E-007
  2.300037586988174E-003  4.894863122582907E-007
  2.323153349037271E-003  4.993745303026301E-007
  2.346501428357240E-003  5.094624432388387E-007
  2.370084159775469E-003  5.197543395621747E-007
  2.393903901584753E-003  5.302539745813455E-007
  2.417963035779121E-003  5.409657496303314E-007
  2.442263968292043E-003  5.518941278362508E-007
  2.466809129237021E-003  5.630430320806085E-007
  2.491600973150604E-003  5.744172439517094E-007
  2.516641979237843E-003  5.860212069816822E-007
  2.541934651620214E-003  5.978594250982603E-007
  2.567481519586034E-003  6.099372831229117E-007
  2.593285137843387E-003  6.222585960915754E-007
  2.619348086775602E-003  6.348290882025121E-007
  2.645672972699293E-003  6.476533190686761E-007
  2.672262428124988E-003  6.607369534972026E-007
  2.699119112020388E-003  6.740846868066475E-007
  2.726245710076264E-003  6.877021202298587E-007
  2.753644934975027E-003  7.015945091468966E-007
  2.781319526661998E-003  7.157676066124345E-007
  2.809272252619410E-003  7.302270316180418E-007
  2.837505908143152E-003  7.449786955347929E-007
  2.866023316622305E-003  7.600281586870256E-007
  2.894827329821480E-003  7.753819262080293E-007
  2.923920828166001E-003  7.910455020973624E-007
  2.953306721029949E-003  8.070257808915087E-007
  2.982987947027096E-003  8.233286512836389E-007
  3.012967474304777E-003  8.399616339270607E-007
  3.043248300840704E-003  8.569294582819988E-007
  3.073833454742763E-003  8.742407190756061E-007
  3.104725994551833E-003  8.919014360733622E-007
  3.135929009547639E-003  9.099192916126255E-007
  3.167445620057682E-003  9.283007116356822E-007
  3.199278977769278E-003  9.470533494076069E-007
  3.231432266044725E-003  9.661854252319745E-007
  3.263908700239646E-003  9.857034281958106E-007
  3.296711528024524E-003  1.005616251683775E-006
  3.329844029709473E-003  1.025931284333505E-006
  3.363309518572272E-003  1.046656481802531E-006
  3.397111341189696E-003  1.067800615324701E-006
  3.431252877772174E-003  1.089371631984041E-006
  3.465737542501817E-003  1.111378299239611E-006
  3.500568783873834E-003  1.133829745302409E-006
  3.535750085041388E-003  1.156734263818603E-006
  3.571284964163915E-003  1.180101950190553E-006
  3.607176974758939E-003  1.203941343938721E-006
  3.643429706057430E-003  1.228262561766729E-006
  3.680046783362728E-003  1.253075126995108E-006
  3.717031868413078E-003  1.278388939131053E-006
  3.754388659747807E-003  1.304214281439176E-006
  3.792120893077178E-003  1.330561330431307E-006
  3.830232341655968E-003  1.357440651848021E-006
  3.868726816660794E-003  1.384862705231553E-006
  3.907608167571236E-003  1.412838092047004E-006
  3.946880282554787E-003  1.441379844331046E-006
  3.986547088855670E-003  1.470498120164631E-006
  4.026612553187573E-003  1.500203722495810E-006
  4.067080682130316E-003  1.530509661174859E-006
  4.107955522530517E-003  1.561428095082533E-006
  4.149241161906279E-003  1.592971350420498E-006
  4.190941728855944E-003  1.625151922516836E-006
  4.233061393470959E-003  1.657981424939246E-006
  4.275604367752883E-003  1.691475325886308E-006
  4.318574906034598E-003  1.725645067917812E-006
  4.361977305405740E-003  1.760505444226743E-006
  4.405815906142417E-003  1.796069310602452E-006
  4.450095092141232E-003  1.832352930700443E-006
  4.494819291357688E-003  1.869368465608201E-006
  4.539992976248974E-003  1.907132044265749E-006
  4.585620664221224E-003  1.945658930135673E-006
  4.631706918081261E-003  1.984964046853969E-006
  4.678256346492874E-003  2.025062520050433E-006
  4.725273604437696E-003  2.065971347854315E-006
  4.772763393680704E-003  2.107706650375949E-006
  4.820730463240395E-003  2.150285329423612E-006
  4.869179609863700E-003  2.193724520425446E-006
  4.918115678505653E-003  2.238041027606916E-006
  4.967543562813901E-003  2.283252452707689E-006
  5.017468205618064E-003  2.329376638652178E-006
  5.067894599424026E-003  2.376433399917041E-006
  5.118827786913189E-003  2.424439937971312E-006
  5.170272861446748E-003  2.473417170651691E-006
  5.222234967575027E-003  2.523383391115731E-006
  5.274719301551940E-003  2.574360073439774E-006
  5.327731111854623E-003  2.626364272282545E-006
  5.381275699708282E-003  2.679420970550209E-006
  5.435358419616323E-003  2.733548363991730E-006
  5.489984679895806E-003  2.788769674508140E-006
  5.545159943218281E-003  2.845106043533672E-006
  5.600889727156061E-003  2.902581318862910E-006
  5.657179604733979E-003  2.961217250489612E-006
  5.714035204986703E-003  3.021037714033983E-006
  5.771462213521638E-003  3.082066916010932E-006
  5.829466373087492E-003  3.144329397413639E-006
  5.888053484148560E-003  3.207847554214883E-006
  5.947229405464770E-003  3.272650313251753E-006
  6.007000054677568E-003  3.338762632346369E-006
  6.067371408901684E-003  3.406210436244721E-006
  6.128349505322849E-003  3.475020002687409E-006
  6.189940441801521E-003  3.545220512173703E-006
  6.252150377482675E-003  3.616837079064923E-006
  6.314985533411720E-003  3.689904144565143E-006
  6.378452193156611E-003  3.764443737857618E-006
  6.442556703436212E-003  3.840491132026740E-006
  6.507305474754973E-003  3.918074288641082E-006
  6.572704982043981E-003  3.997224161330222E-006
  6.638761765308467E-003  4.077973447092084E-006
  6.705482430281803E-003  4.160353974035961E-006
  6.772873649086087E-003  4.244396673131083E-006
  6.840942160899361E-003  4.330139579034514E-006
  6.909694772629528E-003  4.417615897497525E-006
  6.979138359595057E-003  4.506856580040775E-006
  7.049279866212513E-003  4.597901128848117E-006
  7.120126306691010E-003  4.690784152317804E-006
  7.191684765733635E-003  4.785543467247250E-006
  7.263962399245923E-003  4.882217414529744E-006
  7.336966435051459E-003  4.980844864830328E-006
  7.410704173614658E-003  5.081463831443694E-006
  7.485182988770826E-003  5.184117040576788E-006
  7.560410328463545E-003  5.288842194001146E-006
  7.636393715489472E-003  5.395684559895600E-006
  7.713140748250632E-003  5.504684366190802E-006
  7.790659101514255E-003  5.615886662094726E-006
  7.868956527180266E-003  5.729334254721806E-006
  7.948040855056482E-003  5.845073413915353E-006
  8.027919993641592E-003  5.963152501009179E-006
  8.108601930916023E-003  6.083616184188380E-006
  8.190094735140737E-003  6.206514122032252E-006
  8.272406555664065E-003  6.331893721841074E-006
  8.355545623736655E-003  6.459805989389227E-006
  8.439520253334597E-003  6.590301150661900E-006
  8.524338841990829E-003  6.723431609983324E-006
  8.610009871634900E-003  6.859254997512172E-006
  8.696541909441165E-003  6.997817692250348E-006
  8.783943608685518E-003  7.139181824464741E-006
  8.872223709610716E-003  7.283399753058561E-006
  8.961391040300420E-003  7.430532188298407E-006
  9.051454517562004E-003  7.580637615557191E-006
  9.142423147818249E-003  7.733775321621351E-006
  9.234306028007988E-003  7.890006958150650E-006
  9.327112346495808E-003  8.049396589354888E-006
  9.420851383990897E-003  8.212004458507897E-006
  9.515532514475121E-003  8.377896349501241E-006
  9.611165206140429E-003  8.547137369116097E-006
  9.707759022335682E-003  8.719799888058251E-006
  9.805323622522994E-003  8.895952495022297E-006
  9.903868763243690E-003  9.075659887441497E-006
  1.000340429909396E-002  9.258997325094471E-006
  1.010394018371034E-002  9.446042750464487E-006
  1.020548647076507E-002  9.636865399172095E-006
  1.030805331497147E-002  9.831541993628683E-006
  1.041165097309945E-002  1.003014701154096E-005
  1.051628980500114E-002  1.023276920709124E-005
  1.062198027464693E-002  1.043948860834620E-005
  1.072873295117187E-002  1.065037628062139E-005
  1.083655850993256E-002  1.086552440411702E-005
  1.094546773357475E-002  1.108502309101429E-005
  1.105547151311154E-002  1.130895351008996E-005
  1.116658084901257E-002  1.153740816206741E-005
  1.127880685230402E-002  1.177048083794057E-005
  1.139216074567974E-002  1.200825972512412E-005
  1.150665386462352E-002  1.225084113346397E-005
  1.162229765854267E-002  1.249832270448541E-005
  1.173910369191296E-002  1.275080342579822E-005
  1.185708364543506E-002  1.300838716934393E-005
  1.197624931720263E-002  1.327116508752601E-005
  1.209661262388217E-002  1.353926154247323E-005
  1.221818560190464E-002  1.381277053580040E-005
  1.234098040866916E-002  1.409180165581720E-005
  1.246500932375873E-002  1.437647683755122E-005
  1.259028475016822E-002  1.466689070942965E-005
  1.271681921554466E-002  1.496318286884502E-005
  1.284462537344004E-002  1.526545463886945E-005
  1.297371600457665E-002  1.557383442645324E-005
  1.310410401812519E-002  1.588844504293410E-005
  1.323580245299567E-002  1.620941098405838E-005
  1.336882447914131E-002  1.653686218972836E-005
  1.350318339887560E-002  1.687092663537412E-005
  1.363889264820246E-002  1.721174159475017E-005
  1.377596579815993E-002  1.755943485727758E-005
  1.391441655617722E-002  1.791415881789017E-005
  1.405425876744551E-002  1.827604886956532E-005
  1.419550641630247E-002  1.864524607986959E-005
  1.433817362763069E-002  1.902190505672716E-005
  1.448227466827019E-002  1.940617089449166E-005
  1.462782394844512E-002  1.979819064624445E-005
  1.477483602320478E-002  2.019814481222954E-005
  1.492332559387917E-002  2.060616908652629E-005
  1.507330750954910E-002  2.102243662973042E-005
  1.522479676853111E-002  2.144711506095039E-005
  1.537780851987735E-002  2.188037431017875E-005
  1.553235806489046E-002  2.232237857722338E-005
  1.568846085865373E-002  2.277330642089142E-005
  1.584613251157663E-002  2.323335923423351E-005
  1.600538879095584E-002  2.370270856012980E-005
  1.616624562255202E-002  2.418152821837057E-005
  1.632871909218236E-002  2.467001087020177E-005
  1.649282544732924E-002  2.516837676887177E-005
  1.665858109876491E-002  2.567679923322962E-005
  1.682600262219266E-002  2.619549577412210E-005
  1.699510675990435E-002  2.672467854565274E-005
  1.716591042245466E-002  2.726455416744796E-005
  1.733843069035219E-002  2.781531502197165E-005
  1.751268481576749E-002  2.837721594067476E-005
  1.768869022425833E-002  2.895046383211762E-005
  1.786646451651221E-002  2.953529428689229E-005
  1.804602547010652E-002  3.013194617412791E-005
  1.822739104128624E-002  3.074063546359864E-005
  1.841057936675963E-002  3.136163363926175E-005
  1.859560876551190E-002  3.199517196740929E-005
  1.878249774063711E-002  3.264150252302417E-005
  1.897126498118852E-002  3.330089866686968E-005
  1.916192936404749E-002  3.397361073444579E-005
  1.935450995581120E-002  3.465991042409636E-005
  1.954902601469929E-002  3.536007318591006E-005
  1.974549699247977E-002  3.607438735669755E-005
  1.994394253641412E-002  3.680310872881505E-005
  2.014438249122213E-002  3.754656072151290E-005
  2.034683690106630E-002  3.830504370863347E-005
  2.055132601155633E-002  3.907884365391586E-005
  2.075787027177368E-002  3.986826898932888E-005
  2.096649033631649E-002  4.067364175164618E-005
  2.117720706736506E-002  4.149527902621401E-005
  2.139004153676810E-002  4.233353062158815E-005
  2.160501502814991E-002  4.318870372356346E-005
  2.182214903903878E-002  4.406115736413910E-005
  2.204146528301673E-002  4.495122679319133E-005
  2.226298569189094E-002  4.585930006533374E-005
  2.248673241788688E-002  4.678570283597795E-005
  2.271272783586362E-002  4.773080401177250E-005
  2.294099454555128E-002  4.869500697004070E-005
  2.317155537381105E-002  4.967869123916111E-005
  2.340443337691791E-002  5.068225142527884E-005
  2.363965184286621E-002  5.170607761429324E-005
  2.387723429369857E-002  5.275058518334882E-005
  2.411720448785807E-002  5.381618520609979E-005
  2.435958642256409E-002  5.490332466808318E-005
  2.460440433621209E-002  5.601241622313208E-005
  2.485168271079745E-002  5.714392906916780E-005
  2.510144627436369E-002  5.829825698447966E-005
  2.535372000347531E-002  5.947593275593503E-005
  2.560852912571544E-002  6.067741409217499E-005
  2.586589912220866E-002  6.190314408683317E-005
  2.612585573016910E-002  6.315361352963581E-005
  2.638842494547416E-002  6.442936201690936E-005
  2.665363302526420E-002  6.573087341631920E-005
  2.692150649056821E-002  6.705868055380650E-005
  2.719207212895593E-002  6.841332365751199E-005
  2.746535699721668E-002  6.979530753444614E-005
  2.774138842406503E-002  7.120520837284234E-005
  2.802019401287368E-002  7.264361043196417E-005
  2.830180164443387E-002  7.411104080199036E-005
  2.858623947974340E-002  7.560812105148519E-005
  2.887353596282286E-002  7.713545952024851E-005
  2.916371982355996E-002  7.869362875874016E-005
  2.945682008058260E-002  8.028327559071365E-005
  2.975286604416073E-002  8.190503355541621E-005
  3.005188731913742E-002  8.355954488555141E-005
  3.035391380788934E-002  8.524748315260356E-005
  3.065897571331706E-002  8.696953126188415E-005
  3.096710354186534E-002  8.872633599700697E-005
  3.127832810657381E-002  9.051864433500593E-005
  3.159268053015830E-002  9.234716778946825E-005
  3.191019224812314E-002  9.421260449520599E-005
  3.223089501190469E-002  9.611573168743717E-005
  3.255482089204662E-002  9.805729077438783E-005
  3.288200228140684E-002  1.000380801731110E-004
  3.321247189839698E-002  1.020588622352354E-004
  3.354626279025410E-002  1.041205044325686E-004
  3.388340833634556E-002  1.062237912298188E-004
  3.422394225150692E-002  1.083695415615400E-004
  3.456789858941348E-002  1.105586336105356E-004
  3.491531174598565E-002  1.127919819464435E-004
  3.526621646282862E-002  1.150704167238583E-004
  3.562064783070648E-002  1.173948523944327E-004
  3.597864129305139E-002  1.197662405554321E-004
  3.634023264950790E-002  1.221855213501448E-004
  3.670545805951299E-002  1.246536725910742E-004
  3.707435404591201E-002  1.271716606731090E-004
  3.744695749861103E-002  1.297405402883360E-004
  3.782330567826581E-002  1.323613054069807E-004
  3.820343622000794E-002  1.350350140464302E-004
  3.858738713720837E-002  1.377626625486322E-004
  3.897519682527879E-002  1.405454649242409E-004
  3.936690406551117E-002  1.433845242444222E-004
  3.976254802895596E-002  1.462808812377021E-004
  4.016216828033922E-002  1.492357200362375E-004
  4.056580478201910E-002  1.522501890766721E-004
  4.097349789798213E-002  1.553256619844758E-004
  4.138528839787965E-002  1.584631636765859E-004
  4.180121746110482E-002  1.616641023520680E-004
  4.222132668091057E-002  1.649296405740751E-004
  4.264565806856896E-002  1.682611699791703E-004
  4.307425405757237E-002  1.716599944220228E-004
  4.350715750787687E-002  1.751274894928532E-004
  4.394441171018824E-002  1.786649955227685E-004
  4.438606039029110E-002  1.822739255115250E-004
  4.483214771342150E-002  1.859557118737752E-004
  4.528271828868348E-002  1.897119719163167E-004
  4.573781717351005E-002  1.935439585370118E-004
  4.619748987816896E-002  1.974534966966546E-004
  4.666178237031371E-002  2.014419350087437E-004
  4.713074107958044E-002  2.055108640549140E-004
  4.760441290223089E-002  2.096620657127220E-004
  4.808284520584203E-002  2.138970635018384E-004
  4.856608583404293E-002  2.182175721631796E-004
  4.905418311129910E-002  2.226253874849479E-004
  4.954718584774503E-002  2.271220998714017E-004
  5.004514334406519E-002  2.317098417184963E-004
  5.054810539642417E-002  2.363901366132693E-004
  5.105612230144637E-002  2.411649365635172E-004
  5.156924486124562E-002  2.460362209301487E-004
  5.208752438850550E-002  2.510058785576192E-004
  5.261101271161066E-002  2.560760020124487E-004
  5.313976217982963E-002  2.612484149013967E-004
  5.367382566854987E-002  2.665253244574617E-004
  5.421325658456530E-002  2.719087280349921E-004
  5.475810887141705E-002  2.774008920441459E-004
  5.530843701478785E-002  2.830039321267016E-004
  5.586429604795065E-002  2.887201148676275E-004
  5.642574155727198E-002  2.945517381774107E-004
  5.699282968777064E-002  3.005011316308317E-004
  5.756561714873226E-002  3.065707810349151E-004
  5.814416121938026E-002  3.127629573412862E-004
  5.872851975460383E-002  3.190801499284344E-004
  5.931875119074346E-002  3.255249455356102E-004
  5.991491455143462E-002  3.320998401102310E-004
  6.051706945351018E-002  3.388075544484207E-004
  6.112527611296215E-002  3.456507193217455E-004
  6.173959535096332E-002  3.526321299837263E-004
  6.236008859994942E-002  3.597544265392617E-004
  6.298681790976243E-002  3.670206742518601E-004
  6.361984595385561E-002  3.744335248204204E-004
  6.425923603556088E-002  3.819961241495031E-004
  6.490505209441925E-002  3.897113987365110E-004
  6.555735871257479E-002  3.975825798209198E-004
  6.621622112123289E-002  4.056126775192271E-004
  6.688170520718349E-002  4.138046085420412E-004
  6.755387751938975E-002  4.221622698496316E-004
  6.823280527564303E-002  4.306886692052020E-004
  6.891855636928473E-002  4.393872613392040E-004
  6.961119937599569E-002  4.482615487611674E-004
  7.031080356065378E-002  4.573148076945965E-004
  7.101743888426046E-002  4.665510475711307E-004
  7.173117601093697E-002  4.759737807414979E-004
  7.245208631499074E-002  4.855868454040867E-004
  7.318024188805296E-002  4.953937127700330E-004
  7.391571554628772E-002  5.053988847737392E-004
  7.465858083767374E-002  5.156059386349164E-004
  7.540891204935922E-002  5.260190667608478E-004
  7.616678421509060E-002  5.366423770163776E-004
  7.693227312271603E-002  5.474803206065682E-004
  7.770545532176416E-002  5.585371225582628E-004
  7.848640813109924E-002  5.698170652735911E-004
  7.927520964665298E-002  5.813249264866366E-004
  8.007193874923428E-002  5.930651117769254E-004
  8.087667511241735E-002  6.050420860268612E-004
  8.168949921050911E-002  6.172609659894643E-004
  8.251049232659673E-002  6.297266434088195E-004
  8.333973656067598E-002  6.424436288871064E-004
  8.417731483786131E-002  6.554176937949406E-004
  8.502331091667843E-002  6.686537873846954E-004
  8.587780939744021E-002  6.821567736652047E-004
  8.674089573070681E-002  6.959323432508582E-004
  8.761265622583081E-002  7.099861136178838E-004
  8.849317805958817E-002  7.243237801610762E-004
  8.938254928489606E-002  7.389506526525102E-004
  9.028085883961814E-002  7.538727334524724E-004
  9.118819655545848E-002  7.690962647961497E-004
  9.210465316694479E-002  7.846271050802339E-004
  9.303032032050192E-002  8.004711917691717E-004
  9.396529058361662E-002  8.166348596674120E-004
  9.490965745409435E-002  8.331250092367162E-004
  9.586351536940915E-002  8.499481576757131E-004
  9.682695971614742E-002  8.671107501604757E-004
  9.780008683954670E-002  8.846194806047883E-004
  9.878299405313028E-002  9.024819475714530E-004
  9.977577964843860E-002  9.207047130717187E-004
  0.100778542904859       9.392952474678937E-004
  0.101791384099551       9.582617857921788E-004
  0.102814404517481       9.776103570909769E-004
  0.103847706461540       9.973493993118373E-004
  0.104891393262787       1.017486800202863E-003
  0.105945569290769       1.038030555940027E-003
  0.107010339963968       1.058989111042344E-003
  0.108085811760340       1.080370346710663E-003
  0.109172092227959       1.102182933640046E-003
  0.110269289995778       1.124435662556601E-003
  0.111377514784488       1.147137791105596E-003
  0.112496877417492       1.170298011860545E-003
  0.113627489831985       1.193925832572445E-003
  0.114769465090151       1.218029840856359E-003
  0.115922917390468       1.242620499812513E-003
  0.117087962079126       1.267707004354815E-003
  0.118264715661566       1.293299740122339E-003
  0.119453295814126       1.319408879957605E-003
  0.120653821395813       1.346044736207281E-003
  0.121866412460184       1.373217762224859E-003
  0.123091190267357       1.400938553887236E-003
  0.124328277296133       1.429219311640173E-003
  0.125577797256246       1.458069842099103E-003
  0.126839875100733       1.487502658772931E-003
  0.128114637038430       1.517529341594675E-003
  0.129402210546594       1.548160883517105E-003
  0.130702724383648       1.579411042886725E-003
  0.132016308602060       1.611291519418331E-003
  0.133343094561345       1.643814546756664E-003
  0.134683214941207       1.676993663665498E-003
  0.136036803754799       1.710841834689623E-003
  0.137403996362131       1.745372968472424E-003
  0.138784929483603       1.780600781568844E-003
  0.140179741213677       1.816537627758592E-003
  0.141588571034690       1.853199526658963E-003
  0.143011559830797       1.890600770820685E-003
  0.144448849902064       1.928756240604177E-003
  0.145900584978696       1.967681020586663E-003
  0.147366910235410       2.007390799284662E-003
  0.148847972305953       2.047900283280120E-003
  0.150343919297768       2.089226783176423E-003
  0.151854900806799       2.131386240742383E-003
  0.153381067932457       2.174395218906059E-003
  0.154922573292726       2.218272136980178E-003
  0.156479571039428       2.263032808041284E-003
  0.158052216873633       2.308695721785368E-003
  0.159640668061236       2.355279212386660E-003
  0.161245083448679       2.402801450935636E-003
  0.162865623478839       2.451280855650462E-003
  0.164502450207069       2.500738614515489E-003
  0.166155727317405       2.551191153255338E-003
  0.167825620138936       2.602661041414769E-003
  0.169512295662337       2.655166911007709E-003
  0.171215922556564       2.708731065951576E-003
  0.172936671185727       2.763375264240369E-003
  0.174674713626124       2.819118968653459E-003
  0.176430223683446       2.875986244271288E-003
  0.178203376910161       2.933998875915476E-003
  0.179994350623071       2.993179820810809E-003
  0.181803323921040       3.053553233743033E-003
  0.183630477702903       3.115141830107035E-003
  0.185475994685563       3.177969520875673E-003
  0.187340059422255       3.242063230999644E-003
  0.189222858321007       3.307448465774377E-003
  0.191124579663277       3.374149269870580E-003
  0.193045413622784       3.442191825552035E-003
  0.194985552284525       3.511605416160212E-003
  0.196945189663983       3.582414226799619E-003
  0.198924521726530       3.654651066330296E-003
  0.200923746407019       3.728339012164867E-003
  0.202943063629587       3.803510752520303E-003
  0.204982675327637       3.880193820371921E-003
  0.207042785464040       3.958421766077659E-003
  0.209123600051525       4.038222937805314E-003
  0.211225327173285       4.119629862801909E-003
  0.213348177003785       4.202674563668983E-003
  0.215492361829776       4.287389500695293E-003
  0.217658096071527       4.373809509014284E-003
  0.219845596304268       4.461964083237784E-003
  0.222055081279844       4.551893827624335E-003
  0.224286771948595       4.643631112438487E-003
  0.226540891481447       4.737212673986330E-003
  0.228817665292232       4.832674764450538E-003
  0.231117321060228       4.930056119487506E-003
  0.233440088752929       5.029394010840558E-003
  0.235786200649039       5.130729230294583E-003
  0.238155891361703       5.234101117170295E-003
  0.240549397861967       5.339547513844607E-003
  0.242966959502475       5.447113908273869E-003
  0.245408818041408       5.556841306684030E-003
  0.247875217666652       5.668773329933313E-003
  0.250366405020226       5.782951089669321E-003
  0.252882629222942       5.899422490191933E-003
  0.255424141899316       6.018232970517737E-003
  0.257991197202735       6.139428588888252E-003
  0.260584051840867       6.263053914980868E-003
  0.263202965101337       6.389162608808686E-003
  0.265848198877654       6.517802690178647E-003
  0.268520017695399       6.649020679334623E-003
  0.271218688738682       6.782874492980470E-003
  0.273944481876854       6.919409873409626E-003
  0.276697669691503       7.058686217677367E-003
  0.279478527503702       7.200755013722029E-003
  0.282287333401552       7.345672834572547E-003
  0.285124368267981       7.493492608856174E-003
  0.287989915808842       7.644276855430032E-003
  0.290884262581277       7.798080041684462E-003
  0.293807698022374       7.954970821138881E-003
  0.296760514478113       8.114998531965595E-003
  0.299743007232602       8.278233518532669E-003
  0.302755474537600       8.444735741237134E-003
  0.305798217642350       8.614572826407504E-003
  0.308871540823696       8.787808736802837E-003
  0.311975751416519       8.964515234245983E-003
  0.315111159844464       9.144751136274776E-003
  0.318278079650987       9.328599366509972E-003
  0.321476827530707       9.516122925845782E-003
  0.324707723361079       9.707395060123409E-003
  0.327971090234378       9.902492388680599E-003
  0.331267254490010       1.010148782250807E-002
  0.334596545747148       1.030446243607669E-002
  0.337959296937692       1.051149120996878E-002
  0.341355844339564       1.072265980246721E-002
  0.344786527610334       1.093803804873400E-002
  0.348251689821188       1.115771865719931E-002
  0.351751677491235       1.138178337710243E-002
  0.355286840622158       1.161031998778279E-002
  0.358857532733217       1.184341995272696E-002
  0.362464110896598       1.208116602594300E-002
  0.366106935773123       1.232365707819296E-002
  0.369786371648316       1.257097574058009E-002
  0.373502786468830       1.282322088659462E-002
  0.377256551879244       1.308049530303844E-002
  0.381048043259227       1.334289554108047E-002
  0.384877639761078       1.361051430931245E-002
  0.388745724347637       1.388346360198530E-002
  0.392652683830586       1.416184142291664E-002
  0.396598908909131       1.444575749785723E-002
  0.400584794209066       1.473532044150512E-002
  0.404610738322244       1.503063770810908E-002
  0.408677143846431       1.533181818919373E-002
  0.412784417425568       1.563899351869620E-002
  0.416932969790436       1.595225978140628E-002
  0.421123215799729       1.627174110689510E-002
  0.425355574481538       1.659756874328806E-002
  0.429630469075260       1.692986492128415E-002
  0.433948327073916       1.726873714486518E-002
  0.438309580266904       1.761432715953646E-002
  0.442714664783177       1.796676769428534E-002
  0.447164021134860       1.832617666759833E-002
  0.451658094261293       1.869270132992517E-002
  0.456197333573536       1.906647980931645E-002
  0.460782192999302       1.944764647691327E-002
  0.465413131028355       1.983634878072581E-002
  0.470090610758355       2.023273050790534E-002
  0.474815099941175       2.063693737251619E-002
  0.479587071029670       2.104911703604977E-002
  0.484407001224925       2.146943642539382E-002
  0.489275372523976       2.189803003533120E-002
  0.494192671768011       2.233507479072534E-002
  0.499159390691051       2.278073255621429E-002
  0.504176025969127       2.323514384123834E-002
  0.509243079269949       2.369849817410836E-002
  0.514361057303068       2.417095806724419E-002
  0.519530471870553       2.465270010006493E-002
  0.524751839918169       2.514391524061358E-002
  0.530025683587071       2.564475489161770E-002
  0.535352530266021       2.615542078175374E-002
  0.540732912644127       2.667609309833387E-002
  0.546167368764109       2.720696051883660E-002
  0.551656442076109       2.774821423631575E-002
  0.557200681492031       2.830004180229291E-002
  0.562800641440438       2.886264564318187E-002
  0.568456881921992       2.943625588939532E-002
  0.574169968565453       3.002103687136690E-002
  0.579940472684247       3.061723052558149E-002
  0.585768971333595       3.122502516282542E-002
  0.591656047368219       3.184464965792849E-002
  0.597602289500628       3.247631039085309E-002
  0.603608292359990       3.312025500009663E-002
  0.609674656551598       3.377668928813778E-002
  0.615801988716924       3.444585413445273E-002
  0.621990901594292       3.512797406884940E-002
  0.628242014080147       3.582328964601035E-002
  0.634555951290946       3.653206440388910E-002
  0.640933344625674       3.725451243942855E-002
  0.647374831828976       3.799088376854019E-002
  0.653881057054943       3.874147188625372E-002
  0.660452670931517       3.950649362495007E-002
  0.667090330625564       4.028620896580657E-002
  0.673794699908584       4.108090848125182E-002
  0.680566449223092       4.189084571049006E-002
  0.687406255749663       4.271629112203344E-002
  0.694314803474649       4.355751868510188E-002
  0.701292783258581       4.441484753099357E-002
  0.708340892905250       4.528850358848240E-002
  0.715459837231497       4.617882740072119E-002
  0.722650328137685       4.708606568947848E-002
  0.729913084678898       4.801052464356914E-002
  0.737248833136841       4.895254291329388E-002
  0.744658307092474       4.991239228334501E-002
  0.752142247499367       5.089040525319153E-002
  0.759701402757797       5.188684653924917E-002
  0.767336528789590       5.290207096131300E-002
  0.775048389113711       5.393640896379717E-002
  0.782837754922619       5.499013661710714E-002
  0.790705405159386       5.606363625447867E-002
  0.798652126595593       5.715720659907663E-002
  0.806678713910004       5.827119452252021E-002
  0.814785969768042       5.940596628717183E-002
  0.822974704902046       6.056181778385789E-002
  0.831245738192356       6.173910865141535E-002
  0.839599896749192       6.293818791493948E-002
  0.848038015995371       6.415942416793792E-002
  0.856560939749851       6.540315999611652E-002
  0.865169520312109       6.666975748994676E-002
  0.873864618547375       6.795959867174541E-002
  0.882647103972719       6.927300809936407E-002
  0.891517854844001       7.061039215049068E-002
  0.900477758243703       7.197211523839003E-002
  0.909527710169629       7.335856188852527E-002
  0.918668615624514       7.477005777550531E-002
  0.927901388706522       7.620705969774227E-002
  0.937226952700654       7.766987008963348E-002
  0.946646240171081       7.915893935235827E-002
  0.956160193054400       8.067459409435576E-002
  0.965769762753827       8.221721304994659E-002
  0.975475910234340       8.378724469636945E-002
  0.985279606118776       8.538507736744602E-002
  0.995181830784893       8.701102113452039E-002
   1.00518357446341       8.866555494688499E-002
   1.01528583733703       9.034899692535904E-002
   1.02548962964045       9.206178547203803E-002
   1.03579597176142       9.380427988786089E-002
   1.04620589434273       9.557691083330307E-002
   1.05672043838532       9.738001174027988E-002
   1.06734065535235       9.921398747135886E-002
   1.07806760727436       0.101079281652982     
   1.08890236685550       0.102976170107661     
   1.09984601758074       0.104905034584583     
   1.11089965382429       0.106866365379069     
   1.12206438095896       0.108860448082025     
   1.13334131546680       0.110887675853733     
   1.14473158505063       0.112948410267969     
   1.15623632874691       0.115042980456976     
   1.16785669703960       0.117171789673689     
   1.17959385197521       0.119335245123610     
   1.19144896727902       0.121533504808875     
   1.20342322847244       0.123767052838271     
   1.21551783299155       0.126036196128432     
   1.22773399030690       0.128341243461974     
   1.24007292204440       0.130682505495027     
   1.25253586210750       0.133060331850443     
   1.26512405680059       0.135474925696996     
   1.27783876495364       0.137926602238440     
   1.29068125804805       0.140415716217122     
   1.30365282034384       0.142942473690711     
   1.31675474900804       0.145507118378614     
   1.32998835424444       0.148109894378852     
   1.34335495942459       0.150751122969601     
   1.35685590122016       0.153430895729081     
   1.37049252973656       0.156149495457389     
   1.38426620864802       0.158907050102872     
   1.39817831533390       0.161703881493378     
   1.41223024101646       0.164540077036072     
   1.42642339089999       0.167415800412778     
   1.44075918431130       0.170331094637511     
   1.45523905484168       0.173286238798826     
   1.46986445049025       0.176281271913914     
   1.48463683380875       0.179316309889334     
   1.49955768204784       0.182391466323404     
   1.51462848730477       0.185506730115938     
   1.52985075667262       0.188662249257907     
   1.54522601239102       0.191858005331428     
   1.56075579199835       0.195093974934976     
   1.57644164848552       0.198370337631678     
   1.59228515045124       0.201686937501666     
   1.60828788225892       0.205043863059974     
   1.62445144419506       0.208440988886831     
   1.64077745262934       0.211878309851898     
   1.65726754017620       0.215355773566804     
   1.67392335585814       0.218873279242696     
   1.69074656527060       0.222430676530913     
   1.70773885074856       0.226027980863441     
   1.72490191153470       0.229664942481384     
   1.74223746394943       0.233341302256004     
   1.75974724156242       0.237057099261119     
   1.77743299536602       0.240811927322503     
   1.79529649395037       0.244605545482313     
   1.81333952368019       0.248437659169893     
   1.83156388887350       0.252308008648457     
   1.84997141198201       0.256216009434937     
   1.86856393377336       0.260161242525414     
   1.88734331351523       0.264143231108218     
   1.90631142916125       0.268161256249285     
   1.92547017753878       0.272214626865725     
   1.94482147453862       0.276302495792782     
   1.96436725530661       0.280423856079292     
   1.98410947443711       0.284577583904563     
   2.00405010616849       0.288762342113848     
   2.02419114458053       0.292976716619514     
   2.04453460379385       0.297218977930299     
   2.06508251817134       0.301487073628632     
   2.08583694252156       0.305778907882568     
   2.10679995230423       0.310092004213496     
   2.12797364383781       0.314423472333507     
   2.14936013450908       0.318770119866096     
   2.17096156298495       0.323128469927635     
   2.19278008942625       0.327494558532857     
   2.21481789570382       0.331863997239499     
   2.23707718561665       0.336232112195198     
   2.25956018511228       0.340593614314186     
   2.28226914250939       0.344942885386212     
   2.30520632872265       0.349273870519618     
   2.32837403748980       0.353580093869258     
   2.35177458560101       0.357854852847437     
   2.37541031313060       0.362090907602343     
   2.39928358367102       0.366281059461640     
   2.42339678456921       0.370417844221573     
   2.44775232716537       0.374493786457389     
   2.47235264703404       0.378501635512854     
   2.49720020422772       0.382434346750182     
   2.52229748352282       0.386285430522547     
   2.54764699466820       0.390048928088007     
   2.57325127263610       0.393719798531648     
   2.59911287787564       0.397293889729438     
   2.62523439656890       0.400768069149343     
   2.65161844088952       0.404140317770042     
   2.67826764926392       0.407409419706977     
   2.70518468663515       0.410574832833007     
   2.73237224472936       0.413636158083750     
   2.75983304232504       0.416593170564735     
   2.78756982552481       0.419445491925307     
   2.81558536803012       0.422192899194139     
   2.84388247141856       0.424835223851255     
   2.87246396542406       0.427372332048324     
   2.90133270821982       0.429804121852463     
   2.93049158670419       0.432130566484476     
   2.95994351678932       0.434351653733569     
   2.98969144369275       0.436467431847632     
   3.01973834223197       0.438477995729498     
   3.05008721712187       0.440383478347820     
   3.08074110327523       0.442184059935193     
   3.11170306610621       0.443879959639806     
   3.14297620183689       0.445471446988921     
   3.17456363780692       0.446958802253761     
   3.20646853278620       0.448342398103106     
   3.23869407729083       0.449622597353156     
   3.27124349390210       0.450799819917048     
   3.30412003758882       0.451874510129328     
   3.33732699603273       0.452847182520988     
   3.37086768995737       0.453718339681232     
   3.40474547346006       0.454488517555434     
   3.43896373434740       0.455158293705697     
   3.47352589447398       0.455728288089739     
   3.50843541008463       0.456199055230822     
   3.54369577215999       0.456571300621500     
   3.57931050676566       0.456845711839201     
   3.61528317540477       0.457022894788604     
   3.65161737537417       0.457103545492932     
   3.68831674012413       0.457088436167564     
   3.72538493962172       0.456978160999850     
   3.76282568071776       0.456773500975909     
   3.80064270751757       0.456475105288372     
   3.83883980175534       0.456083779880573     
   3.87742078317234       0.455600230093759     
   3.91638950989885       0.455025156193331     
   3.95574987884001       0.454359121137617     
   3.99550582606553       0.453602977383960     
   4.03566132720326       0.452757308058851     
   4.07622039783677       0.451822921648165     
   4.11718709390692       0.450800386726566     
   4.15856551211746       0.449690363505101     
   4.20035979034470       0.448493537964157     
   4.24257410805129       0.447210588099976     
   4.28521268670417       0.445842011957303     
   4.32827979019674       0.444388502012315     
   4.37177972527525       0.442850568748867     
   4.41571684196944       0.441228953615580     
   4.46009553402761       0.439524109723863     
   4.50492023935594       0.437736721826757     
   4.55019544046231       0.435867217117892     
   4.59592566490458       0.433916397858023     
   4.64211548574328       0.431884665223533     
   4.68876952199901       0.429772726486902     
   4.73589243911425       0.427581097703252     
   4.78348894942000       0.425310388542656     
   4.83156381260694       0.422961377250950     
   4.88012183620146       0.420534575413741     
   4.92916787604638       0.418030662403361     
   4.97870683678656       0.415450415427136     
   5.02874367235935       0.412794488792821     
   5.07928338649002       0.410063858633191     
   5.13033103319208       0.407259155219188     
   5.18189171727275       0.404381408279836     
   5.23397059484341       0.401431374480723     
   5.28657287383521       0.398410139758441     
   5.33970381451988       0.395318821013298     
   5.39336873003577       0.392158412620338     
   5.44757298691916       0.388930092364799     
   5.50232200564090       0.385635147982382     
   5.55762126114848       0.382274823305409     
   5.61347628341355       0.378850395275000     
   5.66989265798487       0.375363568905326     
   5.72687602654691       0.371815694626697     
   5.78443208748403       0.368208396476585     
   5.84256659645026       0.364543258165579     
   5.90128536694497       0.360822063087529     
   5.96059427089412       0.357046637061058     
   6.02049923923754       0.353218848884472     
   6.08100626252198       0.349340610896330     
   6.14212139150020       0.345413961665760     
   6.20385073773602       0.341441068622753     
   6.26620047421550       0.337423898927703     
   6.32917683596426       0.333364714050951     
   6.39278612067095       0.329265762737070     
   6.45703468931704       0.325129309354662     
   6.52192896681295       0.320957682166699     
   6.58747544264049       0.316753248400926     
   6.65368067150188       0.312518409574092     
   6.72055127397517       0.308255596687217     
   6.78809393717634       0.303967265328692     
   6.85631541542799       0.299655890717618     
   6.92522253093480       0.295323962721742     
   6.99482217446574       0.290973980879285     
   7.06512130604316       0.286608449455512     
   7.13612695563881       0.282229872559382     
   7.20784622387682       0.277840749346924     
   7.28028628274377       0.273443569332226     
   7.35345437630592       0.269040807828181     
   7.42735782143360       0.264634921533258     
   7.50200400853291       0.260228344281922     
   7.57740040228476       0.255823482970452     
   7.65355454239136       0.251422713671466     
   7.73047404433019       0.247028377944683     
   7.80816660011553       0.242642779353274     
   7.88663997906771       0.238268180189552     
   7.96590202859002       0.233906798415837     
   8.04596067495346       0.229560804820960     
   8.12682392408939       0.225232320395247     
   8.20849986239010       0.220923413921688     
   8.29099665751749       0.216636099783623     
   8.37432255921982       0.212372335984417     
   8.45848590015670       0.208134022377459     
   8.54349509673235       0.203922999100175     
   8.62935864993728       0.199741045208864     
   8.71608514619836       0.195589877506709     
   8.80368325823749       0.191471149560637     
   8.89216174593887       0.187386450898423     
   8.98152945722500       0.183337306380942     
   9.07179532894149       0.179325175740340     
   9.16296838775072       0.175351453278533     
   9.25505775103457       0.171417467716461     
   9.34807262780609       0.167524482188286     
   9.44202231963048       0.163673694370812     
   9.53691622155521       0.159866236742290     
   9.63276382304955       0.156103176960952     
   9.72957470895352       0.152385518357538     
   9.82735856043640       0.148714200532377     
   9.92612515596481       0.145090100051515     
   10.0258843722806       0.141514031232763     
   10.1266461853886       0.137986747016485     
   10.2284206715540       0.134508939912394     
   10.3312180083103       0.131081243017565     
   10.4350484754768       0.127704231097379     
   10.5399224561867       0.124378421725047     
   10.6458504379255       0.121104276471909     
   10.7528430135798       0.117882202144622     
   10.8609108824961       0.114712552061938     
   10.9700648515514       0.111595627367663     
   11.0803158362337       0.108531678373014     
   11.1916748617332       0.105520905925430     
   11.3041530640453       0.102563462797599     
   11.4177616910839       9.965945509419732E-002
   11.5325121038065       9.680894367061921E-002
   11.6484157773500       9.401194556166165E-002
   11.7654843021782       9.126843541492513E-002
   11.8837293852412       8.857834692732564E-002
   12.0031628511459       8.594157427997147E-002
   12.1237966433384       8.335797357019609E-002
   12.2456428252985       8.082736423646429E-002
   12.3687135817458       7.834953047532323E-002
   12.4930212198585       7.592422264654561E-002
   12.6185781705042       7.355115866599420E-002
   12.7453969894824       7.123002538275490E-002
   12.8734903587807       6.896047994039417E-002
   13.0028710878429       6.674215111926358E-002
   13.1335521148496       6.457464065999650E-002
   13.2655465080125       6.245752456547320E-002
   13.3988674668808       6.039035438165113E-002
   13.5335283236616       5.837265845486299E-002
   13.6695425445527       5.640394316620110E-002
   13.8069237310896       5.448369414088384E-002
   13.9456856215054       5.261137743341709E-002
   14.0858420921048       5.078644068670828E-002
   14.2274071586517       4.900831426610981E-002
   14.3703949777706       4.727641236678599E-002
   14.5148198483627       4.559013409550962E-002
   14.6606962130353       4.394886452549700E-002
   14.8080386595466       4.235197572548712E-002
   14.9568619222638       4.079882776185854E-002
   15.1071808836374       3.928876967507119E-002
   15.2590105756887       3.782114042937817E-002
   15.4123661815135       3.639526983715750E-002
   15.5672630368000       3.501047945693657E-002
   15.7237166313631       3.366608346649716E-002
   15.8817426106924       3.236138951024315E-002
   16.0413567775176       3.109569952223541E-002
   16.2025750933884       2.986831052416506E-002
   16.3654136802707       2.867851539966955E-002
   16.5298888221590       2.752560364433889E-002
   16.6960169667044       2.640886209276713E-002
   16.8638147268599       2.532757562182781E-002
   17.0332988825413       2.428102783365726E-002
   17.2044863823054       2.326850171134937E-002
   17.3773943450448       2.228928025795171E-002
   17.5520400617000       2.134264711343081E-002
   17.7284409969881       2.042788714961139E-002
   17.9066147911497       1.954428704772125E-002
   18.0865792617125       1.869113585148736E-002
   18.2683524052738       1.786772549998418E-002
   18.4519523992993       1.707335134137431E-002
   18.6373976039413       1.630731262691676E-002
   18.8247065638750       1.556891298685547E-002
   19.0138980101524       1.485746088693521E-002
   19.2049908620758       1.417227006696764E-002
   19.3980042290895       1.351265996114381E-002
   19.5929574126913       1.287795610056607E-002
   19.7898699083618       1.226749049833269E-002
   19.9887614075148       1.168060201762590E-002
   20.1896517994659       1.111663672239553E-002
   20.3925611734217       1.057494821146880E-002
   20.5975098204887       1.005489793569402E-002
   20.8045182357024       9.555855498894157E-003
   21.0136071200768       9.077198942255241E-003
   21.2247973826747       8.618315012876007E-003
   21.4381101426982       8.178599416125589E-003
   21.6535667316011       7.757457052489795E-003
   21.8711886952218       7.354302238579015E-003
   22.0909977959382       6.968558912939267E-003
   22.3130160148434       6.599660826367670E-003
   22.5372655539442       6.247051717342128E-003
   22.7637688383816       5.910185472298393E-003
   22.9925485186728       5.588526271337819E-003
   23.2236274729763       5.281548719135329E-003
   23.4570288093801       4.988737961609703E-003
   23.6927758682126       4.709589788165752E-003
   23.9308922243758       4.443610720054278E-003
   24.1714016897040       4.190318084702384E-003
   24.4143283153441       3.949240076549126E-003
   24.6596963941610       3.719915804283538E-003
   24.9075304631672       3.501895325014534E-003
   25.1578553059760       3.294739665314881E-003
   25.4106959552804       3.098020829667356E-003
   25.6660776953560       2.911321796301265E-003
   25.9240260645895       2.734236500948979E-003
   26.1845668580330       2.566369808556816E-003
   26.4477261299828       2.407337473483577E-003
   26.7135301965854       2.256766088266614E-003
   26.9820056384691       2.114293021493800E-003
   27.2531793034017       1.979566344905378E-003
   27.5270783089756       1.852244750269734E-003
   27.8037300453198       1.731997456199044E-003
   28.0831621778384       1.618504105454340E-003
   28.3654026499774       1.511454652945099E-003
   28.6504796860194       1.410549244977493E-003
   28.9384217939055       1.315498089992156E-003
   29.2292577680863       1.226021321348606E-003
   29.5230166924018       1.141848852428958E-003
   29.8197279429891       1.062720224618954E-003
   30.1194211912206       9.883844484662254E-004
   30.4221264066708       9.185998385721650E-004
   30.7278738601135       8.531338425397612E-004
   31.0366941265489       7.917628645291527E-004
   31.3486180882609       7.342720837606814E-004
   31.6636769379057       6.804552685093577E-004
   31.9819021816308       6.301145859427688E-004
   32.3033256422257       5.830604083351070E-004
   32.6279794623044       5.391111160162664E-004
   32.9558961075193       4.980928975736399E-004
   33.2871083698084       4.598395476665747E-004
   33.6216493706737       4.241922629513871E-004
   33.9595525644943       3.909994364714669E-004
   34.3008517418711       3.601164509863970E-004
   34.6455810330062       3.314054715847754E-004
   34.9937749111159       3.047352380292641E-004
   35.3454681958784       2.799808571666122E-004
   35.7006960569151       2.570235958246597E-004
   36.0594940173082       2.357506745134219E-004
   36.4218979571527       2.160550623221514E-004
   36.7879441171446       1.978352733085241E-004
   37.1576691022050       1.809951647379985E-004
   37.5311098851404       1.654437374444346E-004
   37.9083038103403       1.510949386340443E-004
   38.2892885975116       1.378674673761390E-004
   38.6741023454505       1.256845830657110E-004
   39.0627835358525       1.144739170719553E-004
   39.4553710371605       1.041672878201893E-004
   39.8519041084518       9.470051949068240E-005
   40.2524224033640       8.601326454414050E-005
   40.6569659740603       7.804883022601765E-005
   41.0655752752350       7.075400922199282E-005
   41.4782911681585       6.407891458522790E-005
   41.8951549247643       5.797681907110606E-005
   42.3162082317753       5.240399896883272E-005
   42.7414931948731       4.731958253018594E-005
   43.1710523429084       4.268540305440111E-005
   43.6049286321540       3.846585669572263E-005
   44.0431654506003       3.462776502351899E-005
   44.4858066222945       3.114024236978484E-005
   44.9328964117226       2.797456796656506E-005
   45.3844795282360       2.510406287879272E-005
   45.8406011305228       2.250397170979732E-005
   46.3013068311232       2.015134905829172E-005
   46.7666427009913       1.802495068118706E-005
   47.2366552741019       1.610512931721441E-005
   47.7113915521038       1.437373510538520E-005
   48.1908990090206       1.281402053243299E-005
   48.6752255959976       1.141054982568847E-005
   49.1644197460969       1.014911270776054E-005
   49.6585303791413       9.016642414710974E-006
   50.1576069066059       8.001137879400815E-006
   50.6616992365594       7.091589969760184E-006
   51.1708577786546       6.277911671988668E-006
   51.6851334491703       5.550872099281221E-006
   52.2045776761020       4.902034207333399E-006
   52.7292424043052       4.323696090739174E-006
   53.2591801006901       3.808835735544278E-006
   53.7944437594678       3.351059098109600E-006
   54.3350869074504       2.944551382122853E-006
   54.8811636094030       2.584031382285089E-006
   55.4327284734511       2.264708765422320E-006
   55.9898366565406       1.982244158027577E-006
   56.5525438699541       1.732711911978279E-006
   57.1209063848819       1.512565419772746E-006
   57.6949810380490       1.318604853837246E-006
   58.2748252373993       1.147947205184184E-006
   58.8604969678359       9.979985003123551E-007
   59.4520547970198       8.664280768972195E-007
   60.0495578812270       7.511448027552259E-007
   60.6530659712637       6.502751249617213E-007
   61.2626394184420       5.621428401802312E-007
   61.8783391806144       4.852504802202201E-007
   62.5002268282704       4.182622111753240E-007
   63.1283645506930       3.599881478585188E-007
   63.7628151621777       3.093699896584803E-007
   64.4036421083145       2.654678875693833E-007
   65.0509094723320       2.274484565483416E-007
   65.7046819815060       1.945738511215954E-007
   66.3650250136323       1.661918264870404E-007
   67.0320046035642       1.417267111578958E-007
   67.7056874498168       1.206712213802076E-007
   68.3861409212359       1.025790513009878E-007
   69.0734330637358       8.705817685614293E-008
   69.7676326071034       7.376481496645923E-008
   70.4688089718716       6.239798338827968E-008
   71.1770322762612       5.269460999905123E-008
   71.8923733431929       4.442514379467374E-008
   72.6149037073694       3.738962308402548E-008
   73.3446956224292       3.141415957786544E-008
   74.0818220681720       2.634780002499582E-008
   74.8263567578568       2.205972996479470E-008
   75.5783741455728       1.843678685198234E-008
   76.3379494336856       1.538125242750357E-008
   77.1051585803569       1.280889662099919E-008
   77.8800783071407       1.064724759506254E-008
   78.6627861066556       8.834064680745855E-009
   79.4533602503336       7.315992990321602E-009
   80.2518797962481       6.047380386334936E-009
   81.0584245970189       4.989239221857420E-009
   81.8730753077984       4.108336947929838E-009
   82.6959133943364       3.376401149426596E-009
   83.5270211411274       2.769426013862743E-009
   84.3664816596386       2.267068505359535E-009
   85.2143788966213       1.852123709583081E-009
   86.0707976425060       1.510069906407406E-009
   86.9358235398808       1.228674918681998E-009
   87.8095430920563       9.976561964931524E-010
   88.6920436717159       8.083879196131569E-010
   89.5834135296530       6.536491522672670E-010
   90.4837418035961       5.274077604271118E-010
   91.3931185271229       4.246354168932427E-010
   92.3116346386637       3.411495657782376E-010
   93.2393819905949       2.734787114363078E-010
   94.1764533584250       2.187478777005966E-010
   95.1229424500715       1.745813623130109E-010
   96.0789439152324       1.390204322964578E-010
   97.0445533548509       1.104537789900119E-010
   98.0198673306756       8.755935956800420E-011
   99.0049833749169       6.925411636279421E-011
   100.000000000000       5.465401737395787E-011
