  2.061153622439000E-007  3.840054117697983E-021
  2.081868560730650E-007  3.957001176207565E-021
  2.102791687613270E-007  4.077509802881541E-021
  2.123925095416982E-007  4.201688463618164E-021
  2.145270897500181E-007  4.329648927594489E-021
  2.166831228460860E-007  4.461506367882460E-021
  2.188608244350085E-007  4.597379465063308E-021
  2.210604122887591E-007  4.737390514096071E-021
  2.232821063679562E-007  4.881665534375980E-021
  2.255261288438591E-007  5.030334383160297E-021
  2.277927041205855E-007  5.183530872448112E-021
  2.300820588575518E-007  5.341392889421381E-021
  2.323944219921395E-007  5.504062520551144E-021
  2.347300247625892E-007  5.671686179485869E-021
  2.370891007311241E-007  5.844414738833805E-021
  2.394718858073070E-007  6.022403665957597E-021
  2.418786182716312E-007  6.205813162906685E-021
  2.443095387993488E-007  6.394808310608701E-021
  2.467648904845383E-007  6.589559217454341E-021
  2.492449188644143E-007  6.790241172405449E-021
  2.517498719438816E-007  6.997034802768461E-021
  2.542800002203354E-007  7.210126236769455E-021
  2.568355567087120E-007  7.429707271083240E-021
  2.594167969667899E-007  7.655975543463231E-021
  2.620239791207458E-007  7.889134710627900E-021
  2.646573638909678E-007  8.129394631566618E-021
  2.673172146181275E-007  8.376971556425772E-021
  2.700037972895140E-007  8.632088321150191E-021
  2.727173805656335E-007  8.894974548049359E-021
  2.754582358070747E-007  9.165866852472212E-021
  2.782266371016460E-007  9.445009055778715E-021
  2.810228612917836E-007  9.732652404795154E-021
  2.838471880022370E-007  1.002905579795140E-020
  2.866998996680307E-007  1.033448601831012E-020
  2.895812815627086E-007  1.064921797368632E-020
  2.924916218268613E-007  1.097353494408462E-020
  2.954312114969406E-007  1.130772883667127E-020
  2.984003445343630E-007  1.165210044850808E-020
  3.013993178549066E-007  1.200695973729133E-020
  3.044284313584026E-007  1.237262610033453E-020
  3.074879879587257E-007  1.274942866204863E-020
  3.105782936140856E-007  1.313770657017360E-020
  3.136996573576229E-007  1.353780930103656E-020
  3.168523913283132E-007  1.395009697410308E-020
  3.200368108021809E-007  1.437494067610882E-020
  3.232532342238271E-007  1.481272279506445E-020
  3.265019832382742E-007  1.526383736442700E-020
  3.297833827231311E-007  1.572869041776131E-020
  3.330977608210807E-007  1.620770035419382E-020
  3.364454489726948E-007  1.670129831500067E-020
  3.398267819495783E-007  1.720992857166662E-020
  3.432420978878466E-007  1.773404892575579E-020
  3.466917383219398E-007  1.827413112096658E-020
  3.501760482187759E-007  1.883066126773015E-020
  3.536953760122483E-007  1.940414028074769E-020
  3.572500736380690E-007  1.999508432984069E-020
  3.608404965689629E-007  2.060402530454414E-020
  3.644670038502152E-007  2.123151129283877E-020
  3.681299581355759E-007  2.187810707447306E-020
  3.718297257235262E-007  2.254439462929523E-020
  3.755666765939080E-007  2.323097366108074E-020
  3.793411844449224E-007  2.393846213730399E-020
  3.831536267305001E-007  2.466749684535206E-020
  3.870043846980465E-007  2.541873396567228E-020
  3.908938434265675E-007  2.619284966238196E-020
  3.948223918651771E-007  2.699054069186520E-020
  3.987904228719929E-007  2.781252502989356E-020
  4.027983332534224E-007  2.865954251785634E-020
  4.068465238038437E-007  2.953235552866909E-020
  4.109353993456852E-007  3.043174965295806E-020
  4.150653687699086E-007  3.135853440614483E-020
  4.192368450768980E-007  3.231354395706993E-020
  4.234502454177603E-007  3.329763787879385E-020
  4.277059911360407E-007  3.431170192227347E-020
  4.320045078098576E-007  3.535664881360104E-020
  4.363462252944604E-007  3.643341907551319E-020
  4.407315777652157E-007  3.754298187393160E-020
  4.451610037610251E-007  3.868633589027047E-020
  4.496349462281793E-007  3.986451022032593E-020
  4.541538525646534E-007  4.107856530052515E-020
  4.587181746648468E-007  4.232959386238957E-020
  4.633283689647730E-007  4.361872191607309E-020
  4.679848964877040E-007  4.494710976384360E-020
  4.726882228902725E-007  4.631595304443057E-020
  4.774388185090382E-007  4.772648380918941E-020
  4.822371584075218E-007  4.917997163102264E-020
  4.870837224237117E-007  5.067772474708081E-020
  4.919789952180485E-007  5.222109123627315E-020
  4.969234663218909E-007  5.381146023261849E-020
  5.019176301864698E-007  5.545026317556838E-020
  5.069619862323334E-007  5.713897509839187E-020
  5.120570388992901E-007  5.887911595581546E-020
  5.172032976968522E-007  6.067225199207200E-020
  5.224012772551882E-007  6.251999715063355E-020
  5.276514973765856E-007  6.442401452687239E-020
  5.329544830874317E-007  6.638601786495280E-020
  5.383107646907167E-007  6.840777310031499E-020
  5.437208778190647E-007  7.049109994914327E-020
  5.491853634882967E-007  7.263787354623999E-020
  5.547047681515337E-007  7.485002613274095E-020
  5.602796437538412E-007  7.712954879531437E-020
  5.659105477874254E-007  7.947849325821509E-020
  5.715980433473820E-007  8.189897373002943E-020
  5.773426991880067E-007  8.439316880656211E-020
  5.831450897796707E-007  8.696332343175443E-020
  5.890057953662685E-007  8.961175091825200E-020
  5.949254020232427E-007  9.234083502956992E-020
  6.009045017161921E-007  9.515303212562940E-020
  6.069436923600686E-007  9.805087337364719E-020
  6.130435778789690E-007  1.010369670263542E-019
  6.192047682665288E-007  1.041140007696071E-019
  6.254278796469210E-007  1.072847441414847E-019
  6.317135343364694E-007  1.105520510250444E-019
  6.380623609058812E-007  1.139188622170454E-019
  6.444749942431040E-007  1.173882080748150E-019
  6.509520756168154E-007  1.209632112438241E-019
  6.574942527405504E-007  1.246470894682434E-019
  6.641021798374731E-007  1.284431584871384E-019
  6.707765177057999E-007  1.323548350188803E-019
  6.775179337848795E-007  1.363856398363816E-019
  6.843271022219378E-007  1.405392009360794E-019
  6.912047039394927E-007  1.448192568033260E-019
  6.981514267034474E-007  1.492296597773237E-019
  7.051679651918673E-007  1.537743795184492E-019
  7.122550210644483E-007  1.584575065812664E-019
  7.194133030326836E-007  1.632832560962542E-019
  7.266435269307352E-007  1.682559715637011E-019
  7.339464157870182E-007  1.733801287632120E-019
  7.413226998965040E-007  1.786603397821759E-019
  7.487731168937503E-007  1.841013571668995E-019
  7.562984118266657E-007  1.897080782003375E-019
  7.638993372310146E-007  1.954855493098729E-019
  7.715766532056714E-007  2.014389706095022E-019
  7.793311274886315E-007  2.075737005802671E-019
  7.871635355337853E-007  2.138952608932491E-019
  7.950746605884642E-007  2.204093413794418E-019
  8.030652937717663E-007  2.271218051509983E-019
  8.111362341536690E-007  2.340386938784234E-019
  8.192882888349362E-007  2.411662332284845E-019
  8.275222730278293E-007  2.485108384677098E-019
  8.358390101376295E-007  2.560791202365956E-019
  8.442393318449782E-007  2.638778904996129E-019
  8.527240781890465E-007  2.719141686764324E-019
  8.612940976515395E-007  2.801951879598808E-019
  8.699502472415452E-007  2.887284018262914E-019
  8.786933925812359E-007  2.975214907441729E-019
  8.875244079924318E-007  3.065823690870838E-019
  8.964441765840330E-007  3.159191922571729E-019
  9.054535903403319E-007  3.255403640255530E-019
  9.145535502102119E-007  3.354545440962545E-019
  9.237449661972436E-007  3.456706559005844E-019
  9.330287574506850E-007  3.561978946287822E-019
  9.424058523573979E-007  3.670457355062868E-019
  9.518771886346875E-007  3.782239423221507E-019
  9.614437134240741E-007  3.897425762170909E-019
  9.711063833860089E-007  4.016120047391217E-019
  9.808661647955404E-007  4.138429111751285E-019
  9.907240336389425E-007  4.264463041665269E-019
  1.000680975711315E-006  4.394335276177653E-019
  1.010737986715162E-006  4.528162709066026E-019
  1.020896072359964E-006  4.666065794053562E-019
  1.031156248462753E-006  4.808168653225977E-019
  1.041519541049687E-006  4.954599188748487E-019
  1.051986986458663E-006  5.105489197987274E-019
  1.062559631442943E-006  5.260974492136387E-019
  1.073238533275836E-006  5.421195018456002E-019
  1.084024759856425E-006  5.586294986235015E-019
  1.094919389816357E-006  5.756422996588993E-019
  1.105923512627707E-006  5.931732176211666E-019
  1.117038228711926E-006  6.112380315197965E-019
  1.128264649549883E-006  6.298530009067372E-019
  1.139603897793020E-006  6.490348805109919E-019
  1.151057107375609E-006  6.688009353190252E-019
  1.162625423628153E-006  6.891689561144097E-019
  1.174310003391917E-006  7.101572754907190E-019
  1.186112015134616E-006  7.317847843522222E-019
  1.198032639067258E-006  7.540709489167566E-019
  1.210073067262170E-006  7.770358282367926E-019
  1.222234503772207E-006  8.007000922539116E-019
  1.234518164751152E-006  8.250850404030985E-019
  1.246925278575342E-006  8.502126207837814E-019
  1.259457085966497E-006  8.761054499144135E-019
  1.272114840115799E-006  9.027868330890502E-019
  1.284899806809213E-006  9.302807853536303E-019
  1.297813264554060E-006  9.586120531210783E-019
  1.310856504706878E-006  9.878061364447768E-019
  1.324030831602551E-006  1.017889311970436E-018
  1.337337562684746E-006  1.048888656586679E-018
  1.350778028637662E-006  1.080832071796154E-018
  1.364353573519093E-006  1.113748308828862E-018
  1.378065554894842E-006  1.147666994520011E-018
  1.391915343974472E-006  1.182618657976364E-018
  1.405904325748432E-006  1.218634758054311E-018
  1.420033899126559E-006  1.255747711675067E-018
  1.434305477077963E-006  1.293990923002166E-018
  1.448720486772334E-006  1.333398813507238E-018
  1.463280369722653E-006  1.374006852951849E-018
  1.477986581929349E-006  1.415851591312728E-018
  1.492840594025897E-006  1.458970691678914E-018
  1.507843891425886E-006  1.503402964151444E-018
  1.522997974471558E-006  1.549188400774767E-018
  1.538304358583846E-006  1.596368211532505E-018
  1.553764574413918E-006  1.644984861438995E-018
  1.569380167996239E-006  1.695082108761096E-018
  1.585152700903180E-006  1.746705044402808E-018
  1.601083750401178E-006  1.799900132491024E-018
  1.617174909608456E-006  1.854715252195925E-018
  1.633427787654345E-006  1.911199740825046E-018
  1.649844009840194E-006  1.969404438231229E-018
  1.666425217801901E-006  2.029381732571102E-018
  1.683173069674081E-006  2.091185607458156E-018
  1.700089240255878E-006  2.154871690551579E-018
  1.717175421178446E-006  2.220497303625213E-018
  1.734433321074116E-006  2.288121514160615E-018
  1.751864665747259E-006  2.357805188512212E-018
  1.769471198346869E-006  2.429611046690549E-018
  1.787254679540878E-006  2.503603718815091E-018
  1.805216887692224E-006  2.579849803285489E-018
  1.823359619036693E-006  2.658417926724399E-018
  1.841684687862537E-006  2.739378805746637E-018
  1.860193926691909E-006  2.822805310608324E-018
  1.878889186464117E-006  2.908772530795083E-018
  1.897772336720718E-006  2.997357842608420E-018
  1.916845265792473E-006  3.088640978808447E-018
  1.936109880988184E-006  3.182704100379541E-018
  1.955568108785423E-006  3.279631870480659E-018
  1.975221895023187E-006  3.379511530647764E-018
  1.995073205096477E-006  3.482432979317046E-018
  2.015124024152843E-006  3.588488852739923E-018
  2.035376357290900E-006  3.697774608361142E-018
  2.055832229760839E-006  3.810388610738103E-018
  2.076493687166953E-006  3.926432220074355E-018
  2.097362795672201E-006  4.046009883451768E-018
  2.118441642204824E-006  4.169229228839201E-018
  2.139732334667041E-006  4.296201161964651E-018
  2.161237002145842E-006  4.427039966139217E-018
  2.182957795125894E-006  4.561863405118437E-018
  2.204896885704596E-006  4.700792829098128E-018
  2.227056467809289E-006  4.843953283938184E-018
  2.249438757416649E-006  4.991473623711526E-018
  2.272045992774289E-006  5.143486626682164E-018
  2.294880434624585E-006  5.300129114813498E-018
  2.317944366430750E-006  5.461542076918679E-018
  2.341240094605185E-006  5.627870795559242E-018
  2.364769948740120E-006  5.799264977810112E-018
  2.388536281840578E-006  5.975878890004446E-018
  2.412541470559673E-006  6.157871496584805E-018
  2.436787915436282E-006  6.345406603182372E-018
  2.461278041135098E-006  6.538653004052046E-018
  2.486014296689100E-006  6.737784633999004E-018
  2.510999155744455E-006  6.942980724932079E-018
  2.536235116807892E-006  7.154425967184541E-018
  2.561724703496545E-006  7.372310675747345E-018
  2.587470464790326E-006  7.596830961565971E-018
  2.613474975286819E-006  7.828188908052969E-018
  2.639740835458743E-006  8.066592752977657E-018
  2.666270671914005E-006  8.312257075892825E-018
  2.693067137658357E-006  8.565402991272316E-018
  2.720132912360706E-006  8.826258347528277E-018
  2.747470702621075E-006  9.095057932088853E-018
  2.775083242241273E-006  9.372043682725257E-018
  2.802973292498272E-006  9.657464905310007E-018
  2.831143642420341E-006  9.951578498210524E-018
  2.859597109065945E-006  1.025464918351303E-017
  2.888336537805461E-006  1.056694974529227E-017
  2.917364802605713E-006  1.088876127513541E-017
  2.946684806317371E-006  1.122037342514160E-017
  2.976299480965240E-006  1.156208466863113E-017
  3.006211788041463E-006  1.191420256878884E-017
  3.036424718801675E-006  1.227704405549392E-017
  3.066941294564129E-006  1.265093571057719E-017
  3.097764567011833E-006  1.303621406176624E-017
  3.128897618497717E-006  1.343322588558500E-017
  3.160343562352875E-006  1.384232851947324E-017
  3.192105543197895E-006  1.426389018341723E-017
  3.224186737257333E-006  1.469829031137118E-017
  3.256590352677327E-006  1.514591989277282E-017
  3.289319629846424E-006  1.560718182446129E-017
  3.322377841719614E-006  1.608249127331176E-017
  3.355768294145633E-006  1.657227604991195E-017
  3.389494326197550E-006  1.707697699362397E-017
  3.423559310506675E-006  1.759704836936359E-017
  3.457966653599826E-006  1.813295827647581E-017
  3.492719796239985E-006  1.868518907005207E-017
  3.527822213770378E-006  1.925423779508389E-017
  3.563277416462010E-006  1.984061663383550E-017
  3.599088949864695E-006  2.044485336684384E-017
  3.635260395161617E-006  2.106749184795453E-017
  3.671795369527450E-006  2.170909249383217E-017
  3.708697526490075E-006  2.237023278836660E-017
  3.745970556295941E-006  2.305150780245141E-017
  3.783618186279089E-006  2.375353072958607E-017
  3.821644181233890E-006  2.447693343779440E-017
  3.860052343791530E-006  2.522236703834468E-017
  3.898846514800269E-006  2.599050247179681E-017
  3.938030573709538E-006  2.678203111188897E-017
  3.977608438957880E-006  2.759766538782972E-017
  4.017584068364803E-006  2.843813942552427E-017
  4.057961459526561E-006  2.930420970833895E-017
  4.098744650215917E-006  3.019665575799132E-017
  4.139937718785926E-006  3.111628083616684E-017
  4.181544784577773E-006  3.206391266751290E-017
  4.223570008332711E-006  3.304040418464583E-017
  4.266017592608136E-006  3.404663429584802E-017
  4.308891782197847E-006  3.508350867613902E-017
  4.352196864556534E-006  3.615196058245388E-017
  4.395937170228519E-006  3.725295169363261E-017
  4.440117073280820E-006  3.838747297599065E-017
  4.484740991740559E-006  3.955654557526938E-017
  4.529813388036769E-006  4.076122173572158E-017
  4.575338769446639E-006  4.200258574720928E-017
  4.621321688546249E-006  4.328175492113679E-017
  4.667766743665828E-006  4.459988059610816E-017
  4.714678579349592E-006  4.595814917420821E-017
  4.762061886820203E-006  4.735778318884220E-017
  4.809921404447894E-006  4.880004240510367E-017
  4.858261918224311E-006  5.028622495363957E-017
  4.907088262241116E-006  5.181766849906673E-017
  4.956405319173398E-006  5.339575144395305E-017
  5.006218020767949E-006  5.502189416947072E-017
  5.056531348336439E-006  5.669756031383852E-017
  5.107350333253554E-006  5.842425808970556E-017
  5.158680057460133E-006  6.020354164161715E-017
  5.210525653971372E-006  6.203701244488286E-017
  5.262892307390128E-006  6.392632074698061E-017
  5.315785254425382E-006  6.587316705292263E-017
  5.369209784415913E-006  6.787930365580071E-017
  5.423171239859242E-006  6.994653621397206E-017
  5.477675016945882E-006  7.207672537628294E-017
  5.532726566098960E-006  7.427178845677257E-017
  5.588331392519269E-006  7.653370116037968E-017
  5.644495056735788E-006  7.886449936123043E-017
  5.701223175161743E-006  8.126628093503675E-017
  5.758521420656249E-006  8.374120764733699E-017
  5.816395523091605E-006  8.629150709923705E-017
  5.874851269926282E-006  8.891947473239668E-017
  5.933894506783677E-006  9.162747589507588E-017
  5.993531138036679E-006  9.441794797112013E-017
  6.053767127398112E-006  9.729340257375869E-017
  6.114608498517106E-006  1.002564278062391E-016
  6.176061335581476E-006  1.033096905912720E-016
  6.238131783926139E-006  1.064559390714720E-016
  6.300826050647656E-006  1.096980050828472E-016
  6.364150405224943E-006  1.130388067036612E-016
  6.428111180146228E-006  1.164813508808750E-016
  6.492714771542306E-006  1.200287361366354E-016
  6.557967639826152E-006  1.236841553571229E-016
  6.623876310338971E-006  1.274508986663865E-016
  6.690447374002740E-006  1.313323563876650E-016
  6.757687487979300E-006  1.353320220949257E-016
  6.825603376336083E-006  1.394534957572758E-016
  6.894201830718521E-006  1.437004869792314E-016
  6.963489711029219E-006  1.480768183395695E-016
  7.033473946113947E-006  1.525864288319182E-016
  7.104161534454534E-006  1.572333774101463E-016
  7.175559544868721E-006  1.620218466416443E-016
  7.247675117217048E-006  1.669561464719522E-016
  7.320515463116846E-006  1.720407181039941E-016
  7.394087866663405E-006  1.772801379954585E-016
  7.468399685158392E-006  1.826791219779161E-016
  7.543458349845581E-006  1.882425295013984E-016
  7.619271366653990E-006  1.939753680082284E-016
  7.695846316948479E-006  1.998827974400176E-016
  7.773190858287890E-006  2.059701348820453E-016
  7.851312725190810E-006  2.122428593488936E-016
  7.930219729909032E-006  2.187066167160225E-016
  8.009919763208783E-006  2.253672248013740E-016
  8.090420795159810E-006  2.322306786018328E-016
  8.171730875932394E-006  2.393031556891106E-016
  8.253858136602368E-006  2.465910217700059E-016
  8.336810789964242E-006  2.541008364159226E-016
  8.420597131352476E-006  2.618393589669984E-016
  8.505225539471033E-006  2.698135546158616E-016
  8.590704477231249E-006  2.780306006768926E-016
  8.677042492598133E-006  2.864978930461946E-016
  8.764248219445169E-006  2.952230528585026E-016
  8.852330378417714E-006  3.042139333465698E-016
  8.941297777805069E-006  3.134786269097627E-016
  9.031159314421309E-006  3.230254723976677E-016
  9.121923974494983E-006  3.328630626156632E-016
  9.213600834567735E-006  3.430002520589788E-016
  9.306199062401971E-006  3.534461648824201E-016
  9.399727917897638E-006  3.642102031126637E-016
  9.494196754018227E-006  3.753020551106954E-016
  9.589615017726075E-006  3.867317042920008E-016
  9.685992250927068E-006  3.985094381124307E-016
  9.783338091424841E-006  4.106458573274087E-016
  9.881662273884565E-006  4.231518855334928E-016
  9.980974630806424E-006  4.360387790002177E-016
  1.008128509350887E-005  4.493181368015882E-016
  1.018260369312177E-005  4.630019112560703E-016
  1.028494056158950E-005  4.771024186842916E-016
  1.038830593268422E-005  4.916323504947986E-016
  1.049271014302915E-005  5.066047846069896E-016
  1.059816363313233E-005  5.220331972222638E-016
  1.070467694843066E-005  5.379314749534149E-016
  1.081226074034443E-005  5.543139273235409E-016
  1.092092576734248E-005  5.711952996456682E-016
  1.103068289601807E-005  5.885907862943900E-016
  1.114154310217553E-005  6.065160443819356E-016
  1.125351747192785E-005  6.249872078505605E-016
  1.136661720280533E-005  6.440209019942119E-016
  1.148085360487530E-005  6.636342584224897E-016
  1.159623810187317E-005  6.838449304801130E-016
  1.171278223234479E-005  7.046711091361219E-016
  1.183049765080033E-005  7.261315393572045E-016
  1.194939612887973E-005  7.482455369791508E-016
  1.206948955652988E-005  7.710330060925518E-016
  1.219078994319362E-005  7.945144569578286E-016
  1.231330941901071E-005  8.187110244657732E-016
  1.243706023603083E-005  8.436444871604915E-016
  1.256205476943880E-005  8.693372868415059E-016
  1.268830551879213E-005  8.958125487627545E-016
  1.281582510927096E-005  9.230941024471917E-016
  1.294462629294061E-005  9.512065031346007E-016
  1.307472195002678E-005  9.801750538833484E-016
  1.320612509020358E-005  1.010025828344466E-015
  1.333884885389455E-005  1.040785694230001E-015
  1.347290651358665E-005  1.072482337495566E-015
  1.360831147515758E-005  1.105144287259726E-015
  1.374507727921631E-005  1.138800941481973E-015
  1.388321760245723E-005  1.173482593423037E-015
  1.402274625902779E-005  1.209220458910747E-015
  1.416367720190991E-005  1.246046704436427E-015
  1.430602452431532E-005  1.283994476106842E-015
  1.444980246109490E-005  1.323097929478129E-015
  1.459502539016212E-005  1.363392260297816E-015
  1.474170783393093E-005  1.404913736183645E-015
  1.488986446076792E-005  1.447699729266596E-015
  1.503951008645925E-005  1.491788749828660E-015
  1.519065967569219E-005  1.537220480964456E-015
  1.534332834355163E-005  1.584035814298714E-015
  1.549753135703158E-005  1.632276886791549E-015
  1.565328413656187E-005  1.681987118664511E-015
  1.581060225755028E-005  1.733211252481912E-015
  1.596950145193998E-005  1.785995393421977E-015
  1.612999760978284E-005  1.840387050774479E-015
  1.629210678082839E-005  1.896435180702597E-015
  1.645584517612882E-005  1.954190230306636E-015
  1.662122916966012E-005  2.013704183029811E-015
  1.678827529995945E-005  2.075030605446897E-015
  1.695700027177905E-005  2.138224695477717E-015
  1.712742095775671E-005  2.203343332068940E-015
  1.729955440010305E-005  2.270445126389191E-015
  1.747341781230574E-005  2.339590474582964E-015
  1.764902858085089E-005  2.410841612130910E-015
  1.782640426696169E-005  2.484262669866485E-015
  1.800556260835458E-005  2.559919731697713E-015
  1.818652152101299E-005  2.637880894087219E-015
  1.836929910097899E-005  2.718216327343730E-015
  1.855391362616288E-005  2.800998338779878E-015
  1.874038355817104E-005  2.886301437793908E-015
  1.892872754415205E-005  2.974202402933082E-015
  1.911896441866147E-005  3.064780350999553E-015
  1.931111320554528E-005  3.158116808260583E-015
  1.950519311984229E-005  3.254295783828338E-015
  1.970122356970567E-005  3.353403845272962E-015
  1.989922415834376E-005  3.455530196539662E-015
  2.009921468598042E-005  3.560766758238270E-015
  2.030121515183509E-005  3.669208250378140E-015
  2.050524575612267E-005  3.780952277621982E-015
  2.071132690207363E-005  3.896099417137406E-015
  2.091947919797429E-005  4.014753309122299E-015
  2.112972345922771E-005  4.137020750089380E-015
  2.134208071043522E-005  4.263011788988295E-015
  2.155657218749889E-005  4.392839826258893E-015
  2.177321933974518E-005  4.526621715898345E-015
  2.199204383206985E-005  4.664477870637604E-015
  2.221306754710450E-005  4.806532370321706E-015
  2.243631258740481E-005  4.952913073589094E-015
  2.266180127766085E-005  5.103751732953688E-015
  2.288955616692955E-005  5.259184113390624E-015
  2.311960003088964E-005  5.419350114534687E-015
  2.335195587411921E-005  5.584393896598161E-015
  2.358664693239622E-005  5.754464010125574E-015
  2.382369667502208E-005  5.929713529698889E-015
  2.406312880716859E-005  6.110300191715490E-015
  2.430496727224849E-005  6.296386536361233E-015
  2.454923625430982E-005  6.488140053907405E-015
  2.479596018045435E-005  6.685733335463301E-015
  2.504516372328029E-005  6.889344228320217E-015
  2.529687180334960E-005  7.099155996026153E-015
  2.555110959168004E-005  7.315357483334167E-015
  2.580790251226231E-005  7.538143286176581E-015
  2.606727624460247E-005  7.767713926814997E-015
  2.632925672628988E-005  8.004276034321460E-015
  2.659387015559105E-005  8.248042530562065E-015
  2.686114299406941E-005  8.499232821836987E-015
  2.713110196923153E-005  8.758072996364757E-015
  2.740377407719991E-005  9.024796027774392E-015
  2.767918658541256E-005  9.299641984798464E-015
  2.795736703534981E-005  9.582858247350010E-015
  2.823834324528849E-005  9.874699729183902E-015
  2.852214331308372E-005  1.017542910733292E-014
  2.880879561897880E-005  1.048531705853667E-014
  2.909832882844318E-005  1.080464250286961E-014
  2.939077189503909E-005  1.113369285478690E-014
  2.968615406331690E-005  1.147276428181559E-014
  2.998450487173959E-005  1.182216197112787E-014
  3.028585415563662E-005  1.218220040422993E-014
  3.059023205018751E-005  1.255320364001291E-014
  3.089766899343537E-005  1.293550560643369E-014
  3.120819572933071E-005  1.332945040106695E-014
  3.152184331080590E-005  1.373539260081990E-014
  3.183864310288046E-005  1.415369758107351E-014
  3.215862678579760E-005  1.458474184454699E-014
  3.248182635819227E-005  1.502891336017214E-014
  3.280827414029103E-005  1.548661191229639E-014
  3.313800277714414E-005  1.595824946051048E-014
  3.347104524189006E-005  1.644425051044427E-014
  3.380743483905280E-005  1.694505249584899E-014
  3.414720520787241E-005  1.746110617231498E-014
  3.449039032566889E-005  1.799287602298570E-014
  3.483702451124003E-005  1.854084067662152E-014
  3.518714242829325E-005  1.910549333839910E-014
  3.554077908891202E-005  1.968734223382781E-014
  3.589796985705708E-005  2.028691106619026E-014
  3.625875045210293E-005  2.090473948790487E-014
  3.662315695240971E-005  2.154138358625578E-014
  3.699122579893114E-005  2.219741638390665E-014
  3.736299379885858E-005  2.287342835465763E-014
  3.773849812930184E-005  2.357002795491188E-014
  3.811777634100688E-005  2.428784217133142E-014
  3.850086636211095E-005  2.502751708516501E-014
  3.888780650193538E-005  2.578971845376278E-014
  3.927863545481662E-005  2.657513230980469E-014
  3.967339230397565E-005  2.738446557877896E-014
  4.007211652542635E-005  2.821844671525597E-014
  4.047484799192313E-005  2.907782635855331E-014
  4.088162697694826E-005  2.996337800835898E-014
  4.129249415873922E-005  3.087589872093108E-014
  4.170749062435658E-005  3.181620982650853E-014
  4.212665787379273E-005  3.278515766855544E-014
  4.255003782412192E-005  3.378361436553494E-014
  4.297767281369201E-005  3.481247859587019E-014
  4.340960560635832E-005  3.587267640681690E-014
  4.384587939576005E-005  3.696516204796744E-014
  4.428653780963972E-005  3.809091883014478E-014
  4.473162491420592E-005  3.925096001043849E-014
  4.518118521854002E-005  4.044632970421270E-014
  4.563526367904709E-005  4.167810382488240E-014
  4.609390570395158E-005  4.294739105229818E-014
  4.655715715783817E-005  4.425533383064246E-014
  4.702506436623831E-005  4.560310939670030E-014
  4.749767412026275E-005  4.699193083945775E-014
  4.797503368128075E-005  4.842304819195610E-014
  4.845719078564621E-005  4.989774955641255E-014
  4.894419364947136E-005  5.141736226359716E-014
  4.943609097344842E-005  5.298325406752057E-014
  4.993293194771970E-005  5.459683437650152E-014
  5.043476625679667E-005  5.625955552173225E-014
  5.094164408452843E-005  5.797291406447990E-014
  5.145361611912016E-005  5.973845214308167E-014
  5.197073355820196E-005  6.155775886097926E-014
  5.249304811394866E-005  6.343247171702163E-014
  5.302061201825112E-005  6.536427807932106E-014
  5.355347802793938E-005  6.735491670399686E-014
  5.409169943005849E-005  6.940617930017917E-014
  5.463533004719717E-005  7.151991214266270E-014
  5.518442424287016E-005  7.369801773367615E-014
  5.573903692695461E-005  7.594245651527225E-014
  5.629922356118111E-005  7.825524863385260E-014
  5.686504016467991E-005  8.063847575843652E-014
  5.743654331958286E-005  8.309428295429461E-014
  5.801379017668172E-005  8.562488061367098E-014
  5.859683846114323E-005  8.823254644526499E-014
  5.918574647828172E-005  9.091962752434108E-014
  5.978057311938966E-005  9.368854240524623E-014
  6.038137786762685E-005  9.654178329826351E-014
  6.098822080396878E-005  9.948191831278971E-014
  6.160116261321479E-005  1.025115937687889E-013
  6.222026459005659E-005  1.056335365786714E-013
  6.284558864520780E-005  1.088505567016812E-013
  6.347719731159503E-005  1.121655496730770E-013
  6.411515375061126E-005  1.155814992102890E-013
  6.475952175843203E-005  1.191014798984627E-013
  6.541036577239508E-005  1.227286599578105E-013
  6.606775087744418E-005  1.264663040952114E-013
  6.673174281263768E-005  1.303177764426674E-013
  6.740240797772241E-005  1.342865435852522E-013
  6.807981343977377E-005  1.383761776812741E-013
  6.876402693990248E-005  1.425903596774644E-013
  6.945511690002872E-005  1.469328826220559E-013
  7.015315242972443E-005  1.514076550788117E-013
  7.085820333312427E-005  1.560187046449552E-013
  7.157034011590611E-005  1.607701815763460E-013
  7.228963399234170E-005  1.656663625229302E-013
  7.301615689241808E-005  1.707116543780176E-013
  7.374998146903070E-005  1.759105982448242E-013
  7.449118110524875E-005  1.812678735237301E-013
  7.523982992165351E-005  1.867883021240896E-013
  7.599600278375051E-005  1.924768528042507E-013
  7.675977530945610E-005  1.983386456437562E-013
  7.753122387665932E-005  2.043789566518332E-013
  7.831042563085978E-005  2.106032225160607E-013
  7.909745849288223E-005  2.170170454958331E-013
  7.989240116666873E-005  2.236261984647444E-013
  8.069533314714912E-005  2.304366301065189E-013
  8.150633472819056E-005  2.374544702693187E-013
  8.232548701062700E-005  2.446860354829716E-013
  8.315287191036930E-005  2.521378346442249E-013
  8.398857216659692E-005  2.598165748753114E-013
  8.483267135003191E-005  2.677291675606905E-013
  8.568525387129605E-005  2.758827345678211E-013
  8.654640498935192E-005  2.842846146573553E-013
  8.741621082002897E-005  2.929423700884189E-013
  8.829475834463511E-005  3.018637934252412E-013
  8.918213541865493E-005  3.110569145509754E-013
  9.007843078053531E-005  3.205300078950983E-013
  9.098373406055935E-005  3.302915998809863E-013
  9.189813578980947E-005  3.403504766002583E-013
  9.282172740922061E-005  3.507156917208691E-013
  9.375460127872437E-005  3.613965746359797E-013
  9.469685068648510E-005  3.724027388611106E-013
  9.564856985822878E-005  3.837440906868610E-013
  9.660985396666569E-005  3.954308380953464E-013
  9.758079914100775E-005  4.074734999479830E-013
  9.856150247658151E-005  4.198829154531989E-013
  9.955206204453779E-005  4.326702539224909E-013
  1.005525769016588E-004  4.458470248234953E-013
  1.015631471002642E-004  4.594250881393162E-013
  1.025838736982157E-004  4.734166650433633E-013
  1.036148587690240E-004  4.878343488991026E-013
  1.046562054120551E-004  5.026911165950485E-013
  1.057080177628413E-004  5.180003402248645E-013
  1.067704010034941E-004  5.337757991229389E-013
  1.078434613732228E-004  5.500316922669923E-013
  1.089273061789587E-004  5.667826510579445E-013
  1.100220438060855E-004  5.840437524892277E-013
  1.111277837292783E-004  6.018305327169962E-013
  1.122446365234509E-004  6.201590010438619E-013
  1.133727138748133E-004  6.390456543282779E-013
  1.145121285920407E-004  6.585074918328136E-013
  1.156629946175544E-004  6.785620305246193E-013
  1.168254270389161E-004  6.992273208419453E-013
  1.179995421003365E-004  7.205219629406796E-013
  1.191854572143001E-004  7.424651234358610E-013
  1.203832909733068E-004  7.650765526527357E-013
  1.215931631617306E-004  7.883766024035394E-013
  1.228151947677985E-004  8.123862443054607E-013
  1.240495079956894E-004  8.371270886565146E-013
  1.252962262777549E-004  8.626214038862135E-013
  1.265554742868621E-004  8.888921365987238E-013
  1.278273779488612E-004  9.159629322263055E-013
  1.291120644551783E-004  9.438581563118945E-013
  1.304096622755347E-004  9.726029164395571E-013
  1.317203011707938E-004  1.002223084833263E-012
  1.330441122059372E-004  1.032745321643301E-012
  1.343812277631716E-004  1.064197098942521E-012
  1.357317815551671E-004  1.096606725452906E-012
  1.370959086384284E-004  1.130003372025332E-012
  1.384737454268004E-004  1.164417097895317E-012
  1.398654297051103E-004  1.199878877738488E-012
  1.412711006429456E-004  1.236420629549470E-012
  1.426908988085715E-004  1.274075243370800E-012
  1.441249661829877E-004  1.312876610895806E-012
  1.455734461741268E-004  1.352859655973487E-012
  1.470364836311949E-004  1.394060366042305E-012
  1.485142248591569E-004  1.436515824521497E-012
  1.500068176333671E-004  1.480264244188335E-012
  1.515144112143468E-004  1.525345001572613E-012
  1.530371563627103E-004  1.571798672397807E-012
  1.545752053542415E-004  1.619667068102056E-012
  1.561287119951212E-004  1.668993273471352E-012
  1.576978316373081E-004  1.719821685418849E-012
  1.592827211940740E-004  1.772198052944826E-012
  1.608835391556954E-004  1.826169518314058E-012
  1.625004456053024E-004  1.881784659486907E-012
  1.641336022348874E-004  1.939093533842869E-012
  1.657831723614744E-004  1.998147723235555E-012
  1.674493209434506E-004  2.059000380419755E-012
  1.691322145970627E-004  2.121706276892697E-012
  1.708320216130786E-004  2.186321852191880E-012
  1.725489119736162E-004  2.252905264694650E-012
  1.742830573691424E-004  2.321516443964272E-012
  1.760346312156419E-004  2.392217144691290E-012
  1.778038086719590E-004  2.465071002276128E-012
  1.795907666573136E-004  2.540143590105748E-012
  1.813956838689935E-004  2.617502478573992E-012
  1.832187408002238E-004  2.697217295899308E-012
  1.850601197582169E-004  2.779359790795233E-012
  1.869200048824031E-004  2.864003897048651E-012
  1.887985821628447E-004  2.951225800065406E-012
  1.906960394588353E-004  3.041104005442183E-012
  1.926125665176857E-004  3.133719409626951E-012
  1.945483549936988E-004  3.229155372731429E-012
  1.965035984673355E-004  3.327497793560262E-012
  1.984784924645725E-004  3.428835186925923E-012
  2.004732344764552E-004  3.533258763318480E-012
  2.024880239788472E-004  3.640862511000488E-012
  2.045230624523776E-004  3.751743280603430E-012
  2.065785534025897E-004  3.866000872299014E-012
  2.086547023802914E-004  3.983738125626688E-012
  2.107517170021107E-004  4.105061012056384E-012
  2.128698069712572E-004  4.230078730368750E-012
  2.150091840984929E-004  4.358903804942790E-012
  2.171700623233133E-004  4.491652187034686E-012
  2.193526577353418E-004  4.628443359141806E-012
  2.215571885959383E-004  4.769400442544988E-012
  2.237838753600260E-004  4.914650308126352E-012
  2.260329406981369E-004  5.064323690560921E-012
  2.283046095186790E-004  5.218555305987462E-012
  2.305991089904274E-004  5.377483973261444E-012
  2.329166685652415E-004  5.541252738901181E-012
  2.352575200010099E-004  5.710009005840394E-012
  2.376218973848271E-004  5.883904666100501E-012
  2.400100371564016E-004  6.063096237501325E-012
  2.424221781317008E-004  6.247745004542319E-012
  2.448585615268323E-004  6.438017163564391E-012
  2.473194309821660E-004  6.634083972341473E-012
  2.498050325866981E-004  6.836121904222175E-012
  2.523156149026604E-004  7.044312806969161E-012
  2.548514289903768E-004  7.258844066432058E-012
  2.574127284333690E-004  7.479908775210082E-012
  2.599997693637159E-004  7.707705906446066E-012
  2.626128104876664E-004  7.942440492916950E-012
  2.652521131115104E-004  8.184323811577030E-012
  2.679179411677097E-004  8.433573573720388E-012
  2.706105612412915E-004  8.690414120937884E-012
  2.733302425965069E-004  8.955076627036586E-012
  2.760772572037580E-004  9.227799306114913E-012
  2.788518797667946E-004  9.508827626968416E-012
  2.816543877501851E-004  9.798414534030650E-012
  2.844850614070635E-004  1.009682067503963E-011
  2.873441838071543E-004  1.040431463563604E-011
  2.902320408650801E-004  1.072117318111182E-011
  2.931489213689532E-004  1.104768150551582E-011
  2.960951170092547E-004  1.138413348834717E-011
  2.990709224080040E-004  1.173083195906695E-011
  3.020766351482207E-004  1.208808896966565E-011
  3.051125558036835E-004  1.245622607553048E-011
  3.081789879689881E-004  1.283557462486762E-011
  3.112762382899062E-004  1.322647605693516E-011
  3.144046164940510E-004  1.362928220936423E-011
  3.175644354218500E-004  1.404435563483732E-011
  3.207560110578290E-004  1.447206992740641E-011
  3.239796625622114E-004  1.491281005875507E-011
  3.272357123028340E-004  1.536697272469754E-011
  3.305244858873842E-004  1.583496670223472E-011
  3.338463121959611E-004  1.631721321747736E-011
  3.372015234139638E-004  1.681414632477832E-011
  3.405904550653101E-004  1.732621329741302E-011
  3.440134460459893E-004  1.785387503015328E-011
  3.474708386579519E-004  1.839760645410370E-011
  3.509629786433403E-004  1.895789696417276E-011
  3.544902152190631E-004  1.953525085955964E-011
  3.580529011117173E-004  2.013018779765817E-011
  3.616513925928612E-004  2.074324326178320E-011
  3.652860495146414E-004  2.137496904314127E-011
  3.689572353457793E-004  2.202593373748030E-011
  3.726653172079170E-004  2.269672325686394E-011
  3.764106659123311E-004  2.338794135703082E-011
  3.801936559970129E-004  2.410021018081504E-011
  3.840146657641236E-004  2.483417081811835E-011
  3.878740773178239E-004  2.559048388293097E-011
  3.917722766024855E-004  2.636983010793227E-011
  3.957096534412853E-004  2.717291095719378E-011
  3.996866015751884E-004  2.800044925754067E-011
  4.037035187023224E-004  2.885318984915108E-011
  4.077608065177472E-004  2.973190025595715E-011
  4.118588707536257E-004  3.063737137646866E-011
  4.159981212197964E-004  3.157041819563800E-011
  4.201789718447553E-004  3.253188051839584E-011
  4.244018407170490E-004  3.352262372553392E-011
  4.286671501270838E-004  3.454353955261045E-011
  4.329753266093551E-004  3.559554689256276E-011
  4.373268009851013E-004  3.667959262278310E-011
  4.417220084053862E-004  3.779665245735884E-011
  4.461613883946145E-004  3.894773182529354E-011
  4.506453848944847E-004  4.013386677544928E-011
  4.551744463083835E-004  4.135612490906817E-011
  4.597490255462263E-004  4.261560634067854E-011
  4.643695800697493E-004  4.391344468827793E-011
  4.690365719382552E-004  4.525080809366141E-011
  4.737504678548200E-004  4.662890027382289E-011
  4.785117392129637E-004  4.804896160439043E-011
  4.833208621437898E-004  4.951227023603602E-011
  4.881783175635990E-004  5.102014324490762E-011
  4.930845912219812E-004  5.257393781808100E-011
  4.980401737503908E-004  5.417505247511346E-011
  5.030455607112102E-004  5.582492832681411E-011
  5.081012526473069E-004  5.752505037232764E-011
  5.132077551320874E-004  5.927694883575010E-011
  5.183655788200556E-004  6.108220054341837E-011
  5.235752394978785E-004  6.294243034315834E-011
  5.288372581359655E-004  6.485931256676694E-011
  5.341521609405652E-004  6.683457253701396E-011
  5.395204794063872E-004  6.886998812054602E-011
  5.449427503697519E-004  7.096739132809804E-011
  5.504195160622739E-004  7.312866996341014E-011
  5.559513241650865E-004  7.535576932237019E-011
  5.615387278636101E-004  7.765069394394441E-011
  5.671822859028704E-004  8.001550941436208E-011
  5.728825626433746E-004  8.245234422627789E-011
  5.786401281175469E-004  8.496339169459052E-011
  5.844555580867326E-004  8.755091193053857E-011
  5.903294340987749E-004  9.021723387596841E-011
  5.962623435461700E-004  9.296475739952745E-011
  6.022548797248065E-004  9.579595545671691E-011
  6.083076418932963E-004  9.871337631569652E-011
  6.144212353329002E-004  1.017196458509152E-010
  6.205962714080567E-004  1.048174699065590E-010
  6.268333676275193E-004  1.080096367320013E-010
  6.331331477061076E-004  1.112990194913975E-010
  6.394962416270792E-004  1.146885788497322E-010
  6.459232857051288E-004  1.181813656376175E-010
  6.524149226500201E-004  1.217805235972227E-010
  6.589718016308573E-004  1.254892922118884E-010
  6.655945783410026E-004  1.293110096218387E-010
  6.722839150636460E-004  1.332491156287370E-010
  6.790404807380342E-004  1.373071547917460E-010
  6.858649510263652E-004  1.414887796178557E-010
  6.927580083813549E-004  1.457977538493870E-010
  6.997203421144829E-004  1.502379558516010E-010
  7.067526484649246E-004  1.548133821034774E-010
  7.138556306691753E-004  1.595281507948435E-010
  7.210299990313746E-004  1.643865055329643E-010
  7.282764709943374E-004  1.693928191621205E-010
  7.355957712112987E-004  1.745515976994074E-010
  7.429886316183797E-004  1.798674843904931E-010
  7.504557915077816E-004  1.853452638887967E-010
  7.579979976017164E-004  1.909898665620408E-010
  7.656160041270783E-004  1.968063729298634E-010
  7.733105728908685E-004  2.028000182366546E-010
  7.810824733563754E-004  2.089761971635907E-010
  7.889324827201221E-004  2.153404686842117E-010
  7.968613859895868E-004  2.218985610678826E-010
  8.048699760617038E-004  2.286563770355740E-010
  8.129590538021542E-004  2.356199990726990E-010
  8.211294281254529E-004  2.427956949037899E-010
  8.293819160758410E-004  2.501899231338415E-010
  8.377173429089906E-004  2.578093390614403E-010
  8.461365421745311E-004  2.656608006690266E-010
  8.546403557994053E-004  2.737513747954540E-010
  8.632296341720621E-004  2.820883434967014E-010
  8.719052362274964E-004  2.906792106000995E-010
  8.806680295331436E-004  2.995317084583448E-010
  8.895188903756367E-004  3.086538049090620E-010
  8.984587038484355E-004  3.180537104463814E-010
  9.074883639403372E-004  3.277398856109748E-010
  9.166087736248758E-004  3.377210486049995E-010
  9.258208449506200E-004  3.480061831391352E-010
  9.351254991323793E-004  3.586045465184443E-010
  9.445236666433257E-004  3.695256779745701E-010
  9.540162873080421E-004  3.807794072516803E-010
  9.636043103965054E-004  3.923758634537778E-010
  9.732886947190147E-004  4.043254841617239E-010
  9.830704087220726E-004  4.166390248275438E-010
  9.929504305852307E-004  4.293275684551687E-010
  1.002929748318909E-003  4.424025355757568E-010
  1.013009359863196E-003  4.558756945269862E-010
  1.023190273187647E-003  4.697591720452507E-010
  1.033473506392079E-003  4.840654641804947E-010
  1.043860087808380E-003  4.988074475435643E-010
  1.054351056103348E-003  5.139983908958554E-010
  1.064947460382556E-003  5.296519670921030E-010
  1.075650360295261E-003  5.457822653868470E-010
  1.086460826140374E-003  5.624038041155764E-010
  1.097379938973488E-003  5.795315437622625E-010
  1.108408790714985E-003  5.971809004247087E-010
  1.119548484259231E-003  6.153677596899775E-010
  1.130800133584864E-003  6.341084909324795E-010
  1.142164863866191E-003  6.534199620474043E-010
  1.153643811585712E-003  6.733195546329653E-010
  1.165238124647765E-003  6.938251796348398E-010
  1.176948962493318E-003  7.149552934672496E-010
  1.188777496215914E-003  7.367289146248073E-010
  1.200724908678782E-003  7.591656408004452E-010
  1.212792394633126E-003  7.822856665245196E-010
  1.224981160837598E-003  8.061098013412001E-010
  1.237292426178973E-003  8.306594885382388E-010
  1.249727421794048E-003  8.559568244474577E-010
  1.262287391192744E-003  8.820245783327052E-010
  1.274973590382470E-003  9.088862128836613E-010
  1.287787287993715E-003  9.365659053337784E-010
  1.300729765406920E-003  9.650885692210528E-010
  1.313802316880610E-003  9.944798768121071E-010
  1.327006249680827E-003  1.024766282208540E-009
  1.340342884211854E-003  1.055975045157443E-009
  1.353813554148259E-003  1.088134255586669E-009
  1.367419606568260E-003  1.121272858887690E-009
  1.381162402088439E-003  1.155420681968166E-009
  1.395043314999798E-003  1.190608460097908E-009
  1.409063733405198E-003  1.226867864572593E-009
  1.423225059358161E-003  1.264231531219913E-009
  1.437528709003086E-003  1.302733089773688E-009
  1.451976112716855E-003  1.342407194142714E-009
  1.466568715251880E-003  1.383289553601488E-009
  1.481307975880575E-003  1.425416964930565E-009
  1.496195368541286E-003  1.468827345536079E-009
  1.511232381985684E-003  1.513559767577451E-009
  1.526420519927645E-003  1.559654493134884E-009
  1.541761301193620E-003  1.607153010447663E-009
  1.557256259874520E-003  1.656098071255880E-009
  1.572906945479126E-003  1.706533729279738E-009
  1.588714923089039E-003  1.758505379870392E-009
  1.604681773515195E-003  1.812059800868627E-009
  1.620809093455942E-003  1.867245194707506E-009
  1.637098495656713E-003  1.924111231797386E-009
  1.653551609071303E-003  1.982709095232563E-009
  1.670170079024764E-003  2.043091526858860E-009
  1.686955567377941E-003  2.105312874743978E-009
  1.703909752693657E-003  2.169429142094747E-009
  1.721034330404571E-003  2.235498037662525E-009
  1.738331012982726E-003  2.303579027684792E-009
  1.755801530110794E-003  2.373733389408459E-009
  1.773447628855045E-003  2.446024266242167E-009
  1.791271073840059E-003  2.520516724589738E-009
  1.809273647425189E-003  2.597277812413113E-009
  1.827457149882794E-003  2.676376619580081E-009
  1.845823399578274E-003  2.757884340048044E-009
  1.864374233151902E-003  2.841874335943596E-009
  1.883111505702496E-003  2.928422203591978E-009
  1.902037090972925E-003  3.017605841558234E-009
  1.921152881537488E-003  3.109505520760207E-009
  1.940460788991171E-003  3.204203956717179E-009
  1.959962744140808E-003  3.301786383997675E-009
  1.979660697198168E-003  3.402340632936289E-009
  1.999556617974969E-003  3.505957208684764E-009
  2.019652496079871E-003  3.612729372672609E-009
  2.039950341117431E-003  3.722753226546716E-009
  2.060452182889067E-003  3.836127798668091E-009
  2.081160071596040E-003  3.952955133243566E-009
  2.102076078044479E-003  4.073340382169957E-009
  2.123202293852459E-003  4.197391899677199E-009
  2.144540831659165E-003  4.325221339852456E-009
  2.166093825336160E-003  4.456943757134730E-009
  2.187863430200773E-003  4.592677709870431E-009
  2.209851823231631E-003  4.732545367021372E-009
  2.232061203286362E-003  4.876672618123607E-009
  2.254493791321479E-003  5.025189186594511E-009
  2.277151830614479E-003  5.178228746490321E-009
  2.300037586988174E-003  5.335929042820332E-009
  2.323153349037271E-003  5.498432015522192E-009
  2.346501428357240E-003  5.665883927218598E-009
  2.370084159775469E-003  5.838435494857179E-009
  2.393903901584753E-003  6.016242025366375E-009
  2.417963035779121E-003  6.199463555436969E-009
  2.442263968292043E-003  6.388264995564810E-009
  2.466809129237021E-003  6.582816278476867E-009
  2.491600973150604E-003  6.783292512079178E-009
  2.516641979237843E-003  6.989874137063059E-009
  2.541934651620214E-003  7.202747089309402E-009
  2.567481519586034E-003  7.422102967240341E-009
  2.593285137843387E-003  7.648139204266310E-009
  2.619348086775602E-003  7.881059246485377E-009
  2.645672972699293E-003  8.121072735793748E-009
  2.672262428124988E-003  8.368395698574362E-009
  2.699119112020388E-003  8.623250740128021E-009
  2.726245710076264E-003  8.885867245029585E-009
  2.753644934975027E-003  9.156481583583941E-009
  2.781319526661998E-003  9.435337324569416E-009
  2.809272252619410E-003  9.722685454459683E-009
  2.837505908143152E-003  1.001878460332435E-008
  2.866023316622305E-003  1.032390127760174E-008
  2.894827329821480E-003  1.063831009997341E-008
  2.923920828166001E-003  1.096229405652811E-008
  2.953306721029949E-003  1.129614475146622E-008
  2.982987947027096E-003  1.164016266955102E-008
  3.012967474304777E-003  1.199465744656196E-008
  3.043248300840704E-003  1.235994814797223E-008
  3.073833454742763E-003  1.273636355612567E-008
  3.104725994551833E-003  1.312424246614920E-008
  3.135929009547639E-003  1.352393399088392E-008
  3.167445620057682E-003  1.393579787509653E-008
  3.199278977769278E-003  1.436020481926564E-008
  3.231432266044725E-003  1.479753681322174E-008
  3.263908700239646E-003  1.524818747995310E-008
  3.296711528024524E-003  1.571256242988082E-008
  3.329844029709473E-003  1.619107962591824E-008
  3.363309518572272E-003  1.668416975965475E-008
  3.397111341189696E-003  1.719227663898692E-008
  3.431252877772174E-003  1.771585758756674E-008
  3.465737542501817E-003  1.825538385640033E-008
  3.500568783873834E-003  1.881134104798828E-008
  3.535750085041388E-003  1.938422955338619E-008
  3.571284964163915E-003  1.997456500256510E-008
  3.607176974758939E-003  2.058287872849547E-008
  3.643429706057430E-003  2.120971824536206E-008
  3.680046783362728E-003  2.185564774133444E-008
  3.717031868413078E-003  2.252124858635883E-008
  3.754388659747807E-003  2.320711985539690E-008
  3.792120893077178E-003  2.391387886761295E-008
  3.830232341655968E-003  2.464216174197018E-008
  3.868726816660794E-003  2.539262396975270E-008
  3.907608167571236E-003  2.616594100452210E-008
  3.946880282554787E-003  2.696280887003756E-008
  3.986547088855670E-003  2.778394478668674E-008
  4.026612553187573E-003  2.863008781700200E-008
  4.067080682130316E-003  2.950199953082329E-008
  4.107955522530517E-003  3.040046469072596E-008
  4.149241161906279E-003  3.132629195831858E-008
  4.190941728855944E-003  3.228031462204293E-008
  4.233061393470959E-003  3.326339134715061E-008
  4.275604367752883E-003  3.427640694850561E-008
  4.318574906034598E-003  3.532027318692750E-008
  4.361977305405740E-003  3.639592958978662E-008
  4.405815906142417E-003  3.750434429658137E-008
  4.450095092141232E-003  3.864651493027072E-008
  4.494819291357688E-003  3.982346949514020E-008
  4.539992976248974E-003  4.103626730200846E-008
  4.585620664221224E-003  4.228599992161074E-008
  4.631706918081261E-003  4.357379216700903E-008
  4.678256346492874E-003  4.490080310592790E-008
  4.725273604437696E-003  4.626822710391114E-008
  4.772763393680704E-003  4.767729489924711E-008
  4.820730463240395E-003  4.912927471062477E-008
  4.869179609863700E-003  5.062547337852705E-008
  4.918115678505653E-003  5.216723754137499E-008
  4.967543562813901E-003  5.375595484748520E-008
  5.017468205618064E-003  5.539305520394784E-008
  5.067894599424026E-003  5.708001206351462E-008
  5.118827786913189E-003  5.881834375069548E-008
  5.170272861446748E-003  6.060961482821857E-008
  5.222234967575027E-003  6.245543750511384E-008
  5.274719301551940E-003  6.435747308766876E-008
  5.327731111854623E-003  6.631743347456983E-008
  5.381275699708282E-003  6.833708269757932E-008
  5.435358419616323E-003  7.041823850909988E-008
  5.489984679895806E-003  7.256277401813097E-008
  5.545159943218281E-003  7.477261937599229E-008
  5.600889727156061E-003  7.704976351341799E-008
  5.657179604733979E-003  7.939625593051575E-008
  5.714035204986703E-003  8.181420854125980E-008
  5.771462213521638E-003  8.430579757412569E-008
  5.829466373087492E-003  8.687326553062479E-008
  5.888053484148560E-003  8.951892320345344E-008
  5.947229405464770E-003  9.224515175611191E-008
  6.007000054677568E-003  9.505440486585273E-008
  6.067371408901684E-003  9.794921093185424E-008
  6.128349505322849E-003  1.009321753506826E-007
  6.189940441801521E-003  1.040059828609898E-007
  6.252150377482675E-003  1.071733999596459E-007
  6.314985533411720E-003  1.104372773914214E-007
  6.378452193156611E-003  1.138005527144992E-007
  6.442556703436212E-003  1.172662529440891E-007
  6.507305474754973E-003  1.208374972765356E-007
  6.572704982043981E-003  1.245174998964291E-007
  6.638761765308467E-003  1.283095728690744E-007
  6.705482430281803E-003  1.322171291211781E-007
  6.772873649086087E-003  1.362436855121948E-007
  6.840942160899361E-003  1.403928659992131E-007
  6.909694772629528E-003  1.446684048982681E-007
  6.979138359595057E-003  1.490741502448478E-007
  7.049279866212513E-003  1.536140672568645E-007
  7.120126306691010E-003  1.582922419029191E-007
  7.191684765733635E-003  1.631128845793336E-007
  7.263962399245923E-003  1.680803338990970E-007
  7.336966435051459E-003  1.731990605961599E-007
  7.410704173614658E-003  1.784736715486734E-007
  7.485182988770826E-003  1.839089139246456E-007
  7.560410328463545E-003  1.895096794538880E-007
  7.636393715489472E-003  1.952810088300089E-007
  7.713140748250632E-003  2.012280962464490E-007
  7.790659101514255E-003  2.073562940706282E-007
  7.868956527180266E-003  2.136711176603816E-007
  7.948040855056482E-003  2.201782503271074E-007
  8.027919993641592E-003  2.268835484499571E-007
  8.108601930916023E-003  2.337930467457925E-007
  8.190094735140737E-003  2.409129636995571E-007
  8.272406555664065E-003  2.482497071600435E-007
  8.355545623736655E-003  2.558098801059494E-007
  8.439520253334597E-003  2.636002865875767E-007
  8.524338841990829E-003  2.716279378494054E-007
  8.610009871634900E-003  2.799000586390219E-007
  8.696541909441165E-003  2.884240937081998E-007
  8.783943608685518E-003  2.972077145119238E-007
  8.872223709610716E-003  3.062588261112798E-007
  8.961391040300420E-003  3.155855742866080E-007
  9.051454517562004E-003  3.251963528671649E-007
  9.142423147818249E-003  3.350998112839658E-007
  9.234306028007988E-003  3.453048623524901E-007
  9.327112346495808E-003  3.558206902925327E-007
  9.420851383990897E-003  3.666567589919365E-007
  9.515532514475121E-003  3.778228205222114E-007
  9.611165206140429E-003  3.893289239130988E-007
  9.707759022335682E-003  4.011854241945498E-007
  9.805323622522994E-003  4.134029917138036E-007
  9.903868763243690E-003  4.259926217361280E-007
  1.000340429909396E-002  4.389656443379650E-007
  1.010394018371034E-002  4.523337346010400E-007
  1.020548647076507E-002  4.661089231170631E-007
  1.030805331497147E-002  4.803036068120407E-007
  1.041165097309945E-002  4.949305601000739E-007
  1.051628980500114E-002  5.100029463769770E-007
  1.062198027464693E-002  5.255343298634129E-007
  1.072873295117187E-002  5.415386878089041E-007
  1.083655850993256E-002  5.580304230670398E-007
  1.094546773357475E-002  5.750243770537887E-007
  1.105547151311154E-002  5.925358431000122E-007
  1.116658084901257E-002  6.105805802106149E-007
  1.127880685230402E-002  6.291748272424845E-007
  1.139216074567974E-002  6.483353175139033E-007
  1.150665386462352E-002  6.680792938589210E-007
  1.162229765854267E-002  6.884245241396365E-007
  1.173910369191296E-002  7.093893172310413E-007
  1.185708364543506E-002  7.309925394919845E-007
  1.197624931720263E-002  7.532536317380542E-007
  1.209661262388217E-002  7.761926267304695E-007
  1.221818560190464E-002  7.998301671978214E-007
  1.234098040866916E-002  8.241875244059514E-007
  1.246500932375873E-002  8.492866172934241E-007
  1.259028475016822E-002  8.751500321890250E-007
  1.271681921554466E-002  9.018010431298403E-007
  1.284462537344004E-002  9.292636327973196E-007
  1.297371600457665E-002  9.575625140908122E-007
  1.310410401812519E-002  9.867231523576107E-007
  1.323580245299567E-002  1.016771788299680E-006
  1.336882447914131E-002  1.047735461577175E-006
  1.350318339887560E-002  1.079642035131069E-006
  1.363889264820246E-002  1.112520220245036E-006
  1.377596579815993E-002  1.146399602371091E-006
  1.391441655617722E-002  1.181310667740123E-006
  1.405425876744551E-002  1.217284830783233E-006
  1.419550641630247E-002  1.254354462386942E-006
  1.433817362763069E-002  1.292552919008545E-006
  1.448227466827019E-002  1.331914572677173E-006
  1.462782394844512E-002  1.372474841908349E-006
  1.477483602320478E-002  1.414270223558698E-006
  1.492332559387917E-002  1.457338325650531E-006
  1.507330750954910E-002  1.501717901194578E-006
  1.522479676853111E-002  1.547448883042938E-006
  1.537780851987735E-002  1.594572419801320E-006
  1.553235806489046E-002  1.643130912835170E-006
  1.568846085865373E-002  1.693168054400872E-006
  1.584613251157663E-002  1.744728866937821E-006
  1.600538879095584E-002  1.797859743555589E-006
  1.616624562255202E-002  1.852608489753226E-006
  1.632871909218236E-002  1.909024366407544E-006
  1.649282544732924E-002  1.967158134069795E-006
  1.665858109876491E-002  2.027062098609516E-006
  1.682600262219266E-002  2.088790158247197E-006
  1.699510675990435E-002  2.152397852017979E-006
  1.716591042245466E-002  2.217942409709545E-006
  1.733843069035219E-002  2.285482803318999E-006
  1.751268481576749E-002  2.355079800075891E-006
  1.768869022425833E-002  2.426796017076751E-006
  1.786646451651221E-002  2.500695977583403E-006
  1.804602547010652E-002  2.576846169032011E-006
  1.822739104128624E-002  2.655315102807968E-006
  1.841057936675963E-002  2.736173375838207E-006
  1.859560876551190E-002  2.819493734057263E-006
  1.878249774063711E-002  2.905351137803752E-006
  1.897126498118852E-002  2.993822829205204E-006
  1.916192936404749E-002  3.084988401613766E-006
  1.935450995581120E-002  3.178929871151809E-006
  1.954902601469929E-002  3.275731750434663E-006
  1.974549699247977E-002  3.375481124535748E-006
  1.994394253641412E-002  3.478267729259872E-006
  2.014438249122213E-002  3.584184031798975E-006
  2.034683690106630E-002  3.693325313839682E-006
  2.055132601155633E-002  3.805789757197582E-006
  2.075787027177368E-002  3.921678532055382E-006
  2.096649033631649E-002  4.041095887885598E-006
  2.117720706736506E-002  4.164149247135129E-006
  2.139004153676810E-002  4.290949301760629E-006
  2.160501502814991E-002  4.421610112697175E-006
  2.182214903903878E-002  4.556249212351850E-006
  2.204146528301673E-002  4.694987710213633E-006
  2.226298569189094E-002  4.837950401672286E-006
  2.248673241788688E-002  4.985265880145847E-006
  2.271272783586362E-002  5.137066652618365E-006
  2.294099454555128E-002  5.293489258686295E-006
  2.317155537381105E-002  5.454674393225477E-006
  2.340443337691791E-002  5.620767032786768E-006
  2.363965184286621E-002  5.791916565831322E-006
  2.387723429369857E-002  5.968276926925394E-006
  2.411720448785807E-002  6.150006735013565E-006
  2.435958642256409E-002  6.337269435892247E-006
  2.460440433621209E-002  6.530233449014524E-006
  2.485168271079745E-002  6.729072318754571E-006
  2.510144627436369E-002  6.933964870269529E-006
  2.535372000347531E-002  7.145095370095594E-006
  2.560852912571544E-002  7.362653691623130E-006
  2.586589912220866E-002  7.586835485601488E-006
  2.612585573016910E-002  7.817842355820943E-006
  2.638842494547416E-002  8.055882040133003E-006
  2.665363302526420E-002  8.301168596967373E-006
  2.692150649056821E-002  8.553922597518057E-006
  2.719207212895593E-002  8.814371323761975E-006
  2.746535699721668E-002  9.082748972495584E-006
  2.774138842406503E-002  9.359296865565690E-006
  2.802019401287368E-002  9.644263666485705E-006
  2.830180164443387E-002  9.937905603628035E-006
  2.858623947974340E-002  1.024048670019670E-005
  2.887353596282286E-002  1.055227901117799E-005
  2.916371982355996E-002  1.087356286748919E-005
  2.945682008058260E-002  1.120462712753632E-005
  2.975286604416073E-002  1.154576943641172E-005
  3.005188731913742E-002  1.189729649295462E-005
  3.035391380788934E-002  1.225952432492215E-005
  3.065897571331706E-002  1.263277857250947E-005
  3.096710354186534E-002  1.301739478047674E-005
  3.127832810657381E-002  1.341371869913630E-005
  3.159268053015830E-002  1.382210659447962E-005
  3.191019224812314E-002  1.424292556770769E-005
  3.223089501190469E-002  1.467655388446000E-005
  3.255482089204662E-002  1.512338131403131E-005
  3.288200228140684E-002  1.558380947887455E-005
  3.321247189839698E-002  1.605825221470936E-005
  3.354626279025410E-002  1.654713594155304E-005
  3.388340833634556E-002  1.705090004599917E-005
  3.422394225150692E-002  1.756999727509146E-005
  3.456789858941348E-002  1.810489414214396E-005
  3.491531174598565E-002  1.865607134486088E-005
  3.526621646282862E-002  1.922402419613243E-005
  3.562064783070648E-002  1.980926306789509E-005
  3.597864129305139E-002  2.041231384843807E-005
  3.634023264950790E-002  2.103371841357786E-005
  3.670545805951299E-002  2.167403511210845E-005
  3.707435404591201E-002  2.233383926595505E-005
  3.744695749861103E-002  2.301372368549713E-005
  3.782330567826581E-002  2.371429920049003E-005
  3.820343622000794E-002  2.443619520707624E-005
  3.858738713720837E-002  2.518006023136150E-005
  3.897519682527879E-002  2.594656251006513E-005
  3.936690406551117E-002  2.673639058875126E-005
  3.976254802895596E-002  2.755025393816783E-005
  4.016216828033922E-002  2.838888358925955E-005
  4.056580478201910E-002  2.925303278738912E-005
  4.097349789798213E-002  3.014347766637115E-005
  4.138528839787965E-002  3.106101794290054E-005
  4.180121746110482E-002  3.200647763199878E-005
  4.222132668091057E-002  3.298070578409841E-005
  4.264565806856896E-002  3.398457724444037E-005
  4.307425405757237E-002  3.501899343542826E-005
  4.350715750787687E-002  3.608488316265092E-005
  4.394441171018824E-002  3.718320344528517E-005
  4.438606039029110E-002  3.831494037159483E-005
  4.483214771342150E-002  3.948110998029836E-005
  4.528271828868348E-002  4.068275916857534E-005
  4.573781717351005E-002  4.192096662752803E-005
  4.619748987816896E-002  4.319684380588418E-005
  4.666178237031371E-002  4.451153590284271E-005
  4.713074107958044E-002  4.586622289089194E-005
  4.760441290223089E-002  4.726212056953005E-005
  4.808284520584203E-002  4.870048165080486E-005
  4.856608583404293E-002  5.018259687762120E-005
  4.905418311129910E-002  5.170979617581699E-005
  4.954718584774503E-002  5.328344984100710E-005
  5.004514334406519E-002  5.490496976122736E-005
  5.054810539642417E-002  5.657581067649880E-005
  5.105612230144637E-002  5.829747147634649E-005
  5.156924486124562E-002  6.007149653649224E-005
  5.208752438850550E-002  6.189947709580684E-005
  5.261101271161066E-002  6.378305267480883E-005
  5.313976217982963E-002  6.572391253690663E-005
  5.367382566854987E-002  6.772379719365599E-005
  5.421325658456530E-002  6.978449995539953E-005
  5.475810887141705E-002  7.190786852858221E-005
  5.530843701478785E-002  7.409580666118857E-005
  5.586429604795065E-002  7.635027583770760E-005
  5.642574155727198E-002  7.867329702511678E-005
  5.699282968777064E-002  8.106695247140969E-005
  5.756561714873226E-002  8.353338755823895E-005
  5.814416121938026E-002  8.607481270926545E-005
  5.872851975460383E-002  8.869350535591434E-005
  5.931875119074346E-002  9.139181196220042E-005
  5.991491455143462E-002  9.417215011042590E-005
  6.051706945351018E-002  9.703701064953884E-005
  6.112527611296215E-002  9.998895990802352E-005
  6.173959535096332E-002  1.030306419732424E-004
  6.236008859994942E-002  1.061647810391926E-004
  6.298681790976243E-002  1.093941838247422E-004
  6.361984595385561E-002  1.127217420644247E-004
  6.425923603556088E-002  1.161504350738731E-004
  6.490505209441925E-002  1.196833323922830E-004
  6.555735871257479E-002  1.233235965039998E-004
  6.621622112123289E-002  1.270744856416721E-004
  6.688170520718349E-002  1.309393566733808E-004
  6.755387751938975E-002  1.349216680762219E-004
  6.823280527564303E-002  1.390249829989099E-004
  6.891855636928473E-002  1.432529724159835E-004
  6.961119937599569E-002  1.476094183763712E-004
  7.031080356065378E-002  1.520982173491301E-004
  7.101743888426046E-002  1.567233836691326E-004
  7.173117601093697E-002  1.614890530857346E-004
  7.245208631499074E-002  1.663994864174376E-004
  7.318024188805296E-002  1.714590733155858E-004
  7.391571554628772E-002  1.766723361404769E-004
  7.465858083767374E-002  1.820439339530092E-004
  7.540891204935922E-002  1.875786666253889E-004
  7.616678421509060E-002  1.932814790743157E-004
  7.693227312271603E-002  1.991574656203204E-004
  7.770545532176416E-002  2.052118744768406E-004
  7.848640813109924E-002  2.114501123729252E-004
  7.927520964665298E-002  2.178777493134744E-004
  8.007193874923428E-002  2.245005234809956E-004
  8.087667511241735E-002  2.313243462829795E-004
  8.168949921050911E-002  2.383553075492869E-004
  8.251049232659673E-002  2.455996808837826E-004
  8.333973656067598E-002  2.530639291747183E-004
  8.417731483786131E-002  2.607547102685970E-004
  8.502331091667843E-002  2.686788828121731E-004
  8.587780939744021E-002  2.768435122674419E-004
  8.674089573070681E-002  2.852558771048286E-004
  8.761265622583081E-002  2.939234751794529E-004
  8.849317805958817E-002  3.028540302960995E-004
  8.938254928489606E-002  3.120554989679789E-004
  9.028085883961814E-002  3.215360773753443E-004
  9.118819655545848E-002  3.313042085291476E-004
  9.210465316694479E-002  3.413685896463424E-004
  9.303032032050192E-002  3.517381797422223E-004
  9.396529058361662E-002  3.624222074465342E-004
  9.490965745409435E-002  3.734301790496757E-004
  9.586351536940915E-002  3.847718867853310E-004
  9.682695971614742E-002  3.964574173568416E-004
  9.780008683954670E-002  4.084971607135399E-004
  9.878299405313028E-002  4.209018190850253E-004
  9.977577964843860E-002  4.336824162800017E-004
  0.100778542904859       4.468503072577830E-004
  0.101791384099551       4.604171879797773E-004
  0.102814404517481       4.743951055492530E-004
  0.103847706461540       4.887964686472689E-004
  0.104891393262787       5.036340582734896E-004
  0.105945569290769       5.189210388000387E-004
  0.107010339963968       5.346709693477282E-004
  0.108085811760340       5.508978154935174E-004
  0.109172092227959       5.676159613182121E-004
  0.110269289995778       5.848402218046400E-004
  0.111377514784488       6.025858555954277E-004
  0.112496877417492       6.208685781209646E-004
  0.113627489831985       6.397045751074051E-004
  0.114769465090151       6.591105164759453E-004
  0.115922917390468       6.791035706433314E-004
  0.117087962079126       6.997014192356983E-004
  0.118264715661566       7.209222722266270E-004
  0.119453295814126       7.427848835109767E-004
  0.120653821395813       7.653085669271617E-004
  0.121866412460184       7.885132127395536E-004
  0.123091190267357       8.124193045937364E-004
  0.124328277296133       8.370479369583243E-004
  0.125577797256246       8.624208330651333E-004
  0.126839875100733       8.885603633627059E-004
  0.128114637038430       9.154895644962826E-004
  0.129402210546594       9.432321588289737E-004
  0.130702724383648       9.718125745181154E-004
  0.132016308602060       1.001255966162456E-003
  0.133343094561345       1.031588236034962E-003
  0.134683214941207       1.062836055917243E-003
  0.136036803754799       1.095026889551360E-003
  0.137403996362131       1.128189015725761E-003
  0.138784929483603       1.162351552011722E-003
  0.140179741213677       1.197544479167858E-003
  0.141588571034690       1.233798666230110E-003
  0.143011559830797       1.271145896305132E-003
  0.144448849902064       1.309618893085469E-003
  0.145900584978696       1.349251348105482E-003
  0.147366910235410       1.390077948756837E-003
  0.148847972305953       1.432134407083492E-003
  0.150343919297768       1.475457489376186E-003
  0.151854900806799       1.520085046586687E-003
  0.153381067932457       1.566056045582739E-003
  0.154922573292726       1.613410601265083E-003
  0.156479571039428       1.662190009568492E-003
  0.158052216873633       1.712436781368290E-003
  0.159640668061236       1.764194677316026E-003
  0.161245083448679       1.817508743626505E-003
  0.162865623478839       1.872425348840060E-003
  0.164502450207069       1.928992221583879E-003
  0.166155727317405       1.987258489357096E-003
  0.167825620138936       2.047274718364207E-003
  0.169512295662337       2.109092954421455E-003
  0.171215922556564       2.172766764964214E-003
  0.172936671185727       2.238351282178040E-003
  0.174674713626124       2.305903247283289E-003
  0.176430223683446       2.375481055998394E-003
  0.178203376910161       2.447144805209553E-003
  0.179994350623071       2.520956340875556E-003
  0.181803323921040       2.596979307195440E-003
  0.183630477702903       2.675279197066848E-003
  0.185475994685563       2.755923403866051E-003
  0.187340059422255       2.838981274577387E-003
  0.189222858321007       2.924524164303299E-003
  0.191124579663277       3.012625492183576E-003
  0.193045413622784       3.103360798757250E-003
  0.194985552284525       3.196807804792919E-003
  0.196945189663983       3.293046471625285E-003
  0.198924521726530       3.392159063023815E-003
  0.200923746407019       3.494230208627832E-003
  0.202943063629587       3.599346968979734E-003
  0.204982675327637       3.707598902188463E-003
  0.207042785464040       3.819078132254885E-003
  0.209123600051525       3.933879419092243E-003
  0.211225327173285       4.052100230274633E-003
  0.213348177003785       4.173840814545878E-003
  0.215492361829776       4.299204277119491E-003
  0.217658096071527       4.428296656806835E-003
  0.219845596304268       4.561227005001706E-003
  0.222055081279844       4.698107466556506E-003
  0.224286771948595       4.839053362581922E-003
  0.226540891481447       4.984183275200562E-003
  0.228817665292232       5.133619134289017E-003
  0.231117321060228       5.287486306238362E-003
  0.233440088752929       5.445913684763705E-003
  0.235786200649039       5.609033783795039E-003
  0.238155891361703       5.776982832477112E-003
  0.240549397861967       5.949900872309730E-003
  0.242966959502475       6.127931856457188E-003
  0.245408818041408       6.311223751250494E-003
  0.247875217666652       6.499928639914785E-003
  0.250366405020226       6.694202828544171E-003
  0.252882629222942       6.894206954348707E-003
  0.255424141899316       7.100106096197186E-003
  0.257991197202735       7.312069887477988E-003
  0.260584051840867       7.530272631295481E-003
  0.263202965101337       7.754893418023952E-003
  0.265848198877654       7.986116245232638E-003
  0.268520017695399       8.224130139998183E-003
  0.271218688738682       8.469129283612542E-003
  0.273944481876854       8.721313138702389E-003
  0.276697669691503       8.980886578762642E-003
  0.279478527503702       9.248060020105696E-003
  0.282287333401552       9.523049556236887E-003
  0.285124368267981       9.806077094642143E-003
  0.287989915808842       1.009737049599040E-002
  0.290884262581277       1.039716371573953E-002
  0.293807698022374       1.070569694812917E-002
  0.296760514478113       1.102321677254731E-002
  0.299743007232602       1.134997630224116E-002
  0.302755474537600       1.168623533535449E-002
  0.305798217642350       1.203226050824871E-002
  0.308871540823696       1.238832545107458E-002
  0.311975751416519       1.275471094555114E-002
  0.315111159844464       1.313170508489707E-002
  0.318278079650987       1.351960343585837E-002
  0.321476827530707       1.391870920276942E-002
  0.324707723361079       1.432933339357489E-002
  0.327971090234378       1.475179498772632E-002
  0.331267254490010       1.518642110587381E-002
  0.334596545747148       1.563354718124562E-002
  0.337959296937692       1.609351713261541E-002
  0.341355844339564       1.656668353873642E-002
  0.344786527610334       1.705340781410752E-002
  0.348251689821188       1.755406038594696E-002
  0.351751677491235       1.806902087220486E-002
  0.355286840622158       1.859867826046359E-002
  0.358857532733217       1.914343108754147E-002
  0.362464110896598       1.970368761960864E-002
  0.366106935773123       2.027986603261235E-002
  0.369786371648316       2.087239459279280E-002
  0.373502786468830       2.148171183703829E-002
  0.377256551879244       2.210826675284675E-002
  0.381048043259227       2.275251895759603E-002
  0.384877639761078       2.341493887686057E-002
  0.388745724347637       2.409600792143541E-002
  0.392652683830586       2.479621866275514E-002
  0.396598908909131       2.551607500634674E-002
  0.400584794209066       2.625609236294967E-002
  0.404610738322244       2.701679781688631E-002
  0.408677143846431       2.779873029127922E-002
  0.412784417425568       2.860244070965627E-002
  0.416932969790436       2.942849215346635E-002
  0.421123215799729       3.027746001500177E-002
  0.425355574481538       3.114993214519598E-002
  0.429630469075260       3.204650899573462E-002
  0.433948327073916       3.296780375487233E-002
  0.438309580266904       3.391444247634268E-002
  0.442714664783177       3.488706420068787E-002
  0.447164021134860       3.588632106830102E-002
  0.451658094261293       3.691287842346001E-002
  0.456197333573536       3.796741490857309E-002
  0.460782192999302       3.905062254781692E-002
  0.465413131028355       4.016320681929923E-002
  0.470090610758355       4.130588671487707E-002
  0.474815099941175       4.247939478665166E-002
  0.479587071029670       4.368447717917781E-002
  0.484407001224925       4.492189364631757E-002
  0.489275372523976       4.619241755168014E-002
  0.494192671768011       4.749683585151238E-002
  0.499159390691051       4.883594905880433E-002
  0.504176025969127       5.021057118741803E-002
  0.509243079269949       5.162152967491130E-002
  0.514361057303068       5.306966528270382E-002
  0.519530471870553       5.455583197218290E-002
  0.524751839918169       5.608089675525486E-002
  0.530025683587071       5.764573951781304E-002
  0.535352530266021       5.925125281453095E-002
  0.540732912644127       6.089834163331448E-002
  0.546167368764109       6.258792312768331E-002
  0.551656442076109       6.432092631527687E-002
  0.557200681492031       6.609829174064553E-002
  0.562800641440438       6.792097110037505E-002
  0.568456881921992       6.978992682857690E-002
  0.574169968565453       7.170613164062599E-002
  0.579940472684247       7.367056803305314E-002
  0.585768971333595       7.568422773736881E-002
  0.591656047368219       7.774811112551203E-002
  0.597602289500628       7.986322656460644E-002
  0.603608292359990       8.203058971860405E-002
  0.609674656551598       8.425122279429517E-002
  0.615801988716924       8.652615372910165E-002
  0.621990901594292       8.885641531816313E-002
  0.628242014080147       9.124304427777431E-002
  0.634555951290946       9.368708024270253E-002
  0.640933344625674       9.618956469430698E-002
  0.647374831828976       9.875153981674623E-002
  0.653881057054943       0.101374047278246     
  0.660452670931517       0.104058126934501     
  0.667090330625564       0.106804815451115     
  0.673794699908584       0.109615144842006     
  0.680566449223092       0.112490140920696     
  0.687406255749663       0.115430821661284     
  0.694314803474649       0.118438195465946     
  0.701292783258581       0.121513259335781     
  0.708340892905250       0.124656996941767     
  0.715459837231497       0.127870376592624     
  0.722650328137685       0.131154349096456     
  0.729913084678898       0.134509845512906     
  0.737248833136841       0.137937774792796     
  0.744658307092474       0.141439021302009     
  0.752142247499367       0.145014442226867     
  0.759701402757797       0.148664864857679     
  0.767336528789590       0.152391083748063     
  0.775048389113711       0.156193857746839     
  0.782837754922619       0.160073906900354     
  0.790705405159386       0.164031909222512     
  0.798652126595593       0.168068497330314     
  0.806678713910004       0.172184254942976     
  0.814785969768042       0.176379713242726     
  0.822974704902046       0.180655347095731     
  0.831245738192356       0.185011571131963     
  0.839599896749192       0.189448735683049     
  0.848038015995371       0.193967122577527     
  0.856560939749851       0.198566940793448     
  0.865169520312109       0.203248321968436     
  0.873864618547375       0.208011315768110     
  0.882647103972719       0.212855885114122     
  0.891517854844001       0.217781901273569     
  0.900477758243703       0.222789138812380     
  0.909527710169629       0.227877270415677     
  0.918668615624514       0.233045861579147     
  0.927901388706522       0.238294365175771     
  0.937226952700654       0.243622115903721     
  0.946646240171081       0.249028324621436     
  0.956160193054400       0.254512072577481     
  0.965769762753827       0.260072305543305     
  0.975475910234340       0.265707827858308     
  0.985279606118776       0.271417296398024     
  0.995181830784893       0.277199214476879     
   1.00518357446341       0.283051925698646     
   1.01528583733703       0.288973607769420     
   1.02548962964045       0.294962266288223     
   1.03579597176142       0.301015728533466     
   1.04620589434273       0.307131637263514     
   1.05672043838532       0.313307444552492     
   1.06734065535235       0.319540405683124     
   1.07806760727436       0.325827573121340     
   1.08890236685550       0.332165790598240     
   1.09984601758074       0.338551687327517     
   1.11089965382429       0.344981672388246     
   1.12206438095896       0.351451929304874     
   1.13334131546680       0.357958410859117     
   1.14473158505063       0.364496834169197     
   1.15623632874691       0.371062676075651     
   1.16785669703960       0.377651168873988     
   1.17959385197521       0.384257296437593     
   1.19144896727902       0.390875790775642     
   1.20342322847244       0.397501129074373     
   1.21551783299155       0.404127531270753     
   1.22773399030690       0.410748958211248     
   1.24007292204440       0.417359110449873     
   1.25253586210750       0.423951427741910     
   1.26512405680059       0.430519089291975     
   1.27783876495364       0.437055014816794     
   1.29068125804805       0.443551866485375     
   1.30365282034384       0.450002051800266     
   1.31675474900804       0.456397727485898     
   1.32998835424444       0.462730804450194     
   1.34335495942459       0.468992953888186     
   1.35685590122016       0.475175614595791     
   1.37049252973656       0.481270001562533     
   1.38426620864802       0.487267115913292     
   1.39817831533390       0.493157756267049     
   1.41223024101646       0.498932531580929     
   1.42642339089999       0.504581875546505     
   1.44075918431130       0.510096062602521     
   1.45523905484168       0.515465225627700     
   1.46986445049025       0.520679375370937     
   1.48463683380875       0.525728421676463     
   1.49955768204784       0.530602196552702     
   1.51462848730477       0.535290479131655     
   1.52985075667262       0.539783022556014     
   1.54522601239102       0.544069582826624     
   1.56075579199835       0.548139949632446     
   1.57644164848552       0.551983979176177     
   1.59228515045124       0.555591628998015     
   1.60828788225892       0.558952994787696     
   1.62445144419506       0.562058349161840     
   1.64077745262934       0.564898182367507     
   1.65726754017620       0.567463244858206     
   1.67392335585814       0.569744591669031     
   1.69074656527060       0.571733628498142     
   1.70773885074856       0.573422159380733     
   1.72490191153470       0.574802435817870     
   1.74223746394943       0.575867207196395     
   1.75974724156242       0.576609772310373     
   1.77743299536602       0.577024031762779     
   1.79529649395037       0.577104540995268     
   1.81333952368019       0.576846563660380     
   1.83156388887350       0.576246125011073     
   1.84997141198201       0.575300064946140     
   1.86856393377336       0.574006090305976     
   1.88734331351523       0.572362825968117     
   1.90631142916125       0.570369864246407     
   1.92547017753878       0.568027812043939     
   1.94482147453862       0.565338335158313     
   1.96436725530661       0.562304199081265     
   1.98410947443711       0.558929305573678     
   2.00405010616849       0.555218724236829     
   2.02419114458053       0.551178718235982     
   2.04453460379385       0.546816763266133     
   2.06508251817134       0.542141558784311     
   2.08583694252156       0.537163030465891     
   2.10679995230423       0.531892322778741     
   2.12797364383781       0.526341780510537     
   2.14936013450908       0.520524918031754     
   2.17096156298495       0.514456375038362     
   2.19278008942625       0.508151857494907     
   2.21481789570382       0.501628062503433     
   2.23707718561665       0.494902585857508     
   2.25956018511228       0.487993811126208     
   2.28226914250939       0.480920779253556     
   2.30520632872265       0.473703037884874     
   2.32837403748980       0.466360469959513     
   2.35177458560101       0.458913101567046     
   2.37541031313060       0.451380889701548     
   2.39928358367102       0.443783491385840     
   2.42339678456921       0.436140016762546     
   2.44775232716537       0.428468770188508     
   2.47235264703404       0.420786985241251     
   2.49720020422772       0.413110561910863     
   2.52229748352282       0.405453817244975     
   2.54764699466820       0.397829264450738     
   2.57325127263610       0.390247440096049     
   2.59911287787564       0.382716804767616     
   2.62523439656890       0.375243749519319     
   2.65161844088952       0.367832748926939     
   2.67826764926392       0.360486711769170     
   2.70518468663515       0.353207592570526     
   2.73237224472936       0.345997056737661     
   2.75983304232504       0.338856512298718     
   2.78756982552481       0.331787570772842     
   2.81558536803012       0.324791639804945     
   2.84388247141856       0.317870036348761     
   2.87246396542406       0.311024030294487     
   2.90133270821982       0.304254824026185     
   2.93049158670419       0.297563552906682     
   2.95994351678932       0.290951286514436     
   2.98969144369275       0.284419029665438     
   3.01973834223197       0.277967723388675     
   3.05008721712187       0.271598245849818     
   3.08074110327523       0.265311413227959     
   3.11170306610621       0.259107980541992     
   3.14297620183689       0.252988642436466     
   3.17456363780692       0.246954033926216     
   3.20646853278620       0.241004731104846     
   3.23869407729083       0.235141251824608     
   3.27124349390210       0.229364056350553     
   3.30412003758882       0.223673547995355     
   3.33732699603273       0.218070073743523     
   3.37086768995737       0.212553924867665     
   3.40474547346006       0.207125337548657     
   3.43896373434740       0.201784493502528     
   3.47352589447398       0.196531520624048     
   3.50843541008463       0.191366493652131     
   3.54369577215999       0.186289434864612     
   3.57931050676566       0.181300314788885     
   3.61528317540477       0.176399053033649     
   3.65161737537417       0.171585519048808     
   3.68831674012413       0.166859533015611     
   3.72538493962172       0.162220866773002     
   3.76282568071776       0.157669244802669     
   3.80064270751757       0.153204345275383     
   3.83883980175534       0.148825801159846     
   3.87742078317234       0.144533201394850     
   3.91638950989885       0.140326092124165     
   3.95574987884001       0.136203977993135     
   3.99550582606553       0.132166323504630     
   4.03566132720326       0.128212554431622     
   4.07622039783677       0.124342059282415     
   4.11718709390692       0.120554190814232     
   4.15856551211746       0.116848267589825     
   4.20035979034470       0.113223575571669     
   4.24257410805129       0.109679369746950     
   4.28521268670417       0.106214875777202     
   4.32827979019674       0.102829291666010     
   4.37177972527525       9.952178943502334E-002
   4.41571684196944       9.629151680490887E-002
   4.46009553402761       9.313759887025612E-002
   4.50492023935594       9.005913976212786E-002
   4.55019544046231       8.705522429214009E-002
   4.59592566490458       8.412491956808534E-002
   4.64211548574328       8.126727657649982E-002
   4.68876952199901       7.848133172462148E-002
   4.73589243911425       7.576610833578766E-002
   4.78348894942000       7.312061809241313E-002
   4.83156381260694       7.054386242157035E-002
   4.88012183620146       6.803483381849242E-002
   4.92916787604638       6.559251710431942E-002
   4.97870683678656       6.321589061479686E-002
   5.02874367235935       6.090392731768422E-002
   5.07928338649002       5.865559585723044E-002
   5.13033103319208       5.646986152493211E-002
   5.18189171727275       5.434568715658086E-002
   5.23397059484341       5.228203395651736E-002
   5.28657287383521       5.027786225051863E-002
   5.33970381451988       4.833213216990328E-002
   5.39336873003577       4.644380426969131E-002
   5.44757298691916       4.461184008468983E-002
   5.50232200564090       4.283520262763522E-002
   5.55762126114848       4.111285683429974E-002
   5.61347628341355       3.944376996059391E-002
   5.66989265798487       3.782691193730894E-002
   5.72687602654691       3.626125568801252E-002
   5.78443208748403       3.474577741603093E-002
   5.84256659645026       3.327945686646484E-002
   5.90128536694497       3.186127756831954E-002
   5.96059427089412       3.049022706329716E-002
   6.02049923923754       2.916529712564644E-002
   6.08100626252198       2.788548397828110E-002
   6.14212139150020       2.664978850998555E-002
   6.20385073773602       2.545721649703363E-002
   6.26620047421550       2.430677883337077E-002
   6.32917683596426       2.319749177202502E-002
   6.39278612067095       2.212837718029191E-002
   6.45703468931704       2.109846281043135E-002
   6.52192896681295       2.010678258727390E-002
   6.58747544264049       1.915237691337838E-002
   6.65368067150188       1.823429299207157E-002
   6.72055127397517       1.735158516801375E-002
   6.78809393717634       1.650331528468411E-002
   6.85631541542799       1.568855305758666E-002
   6.92522253093480       1.490637646180837E-002
   6.99482217446574       1.415587213207496E-002
   7.06512130604316       1.343613577337074E-002
   7.13612695563881       1.274627257981274E-002
   7.20784622387682       1.208539765947985E-002
   7.28028628274377       1.145263646262686E-002
   7.35345437630592       1.084712521080524E-002
   7.42735782143360       1.026801132423691E-002
   7.50200400853291       9.714453844947986E-003
   7.57740040228476       9.185623853074327E-003
   7.65355454239136       8.680704873966579E-003
   7.73047404433019       8.198893273690827E-003
   7.80816660011553       7.739398640776755E-003
   7.88663997906771       7.301444152081825E-003
   7.96590202859002       6.884266920920049E-003
   8.04596067495346       6.487118325654970E-003
   8.12682392408939       6.109264317246954E-003
   8.20849986239010       5.749985704317797E-003
   8.29099665751749       5.408578414585341E-003
   8.37432255921982       5.084353731604842E-003
   8.45848590015670       4.776638506033895E-003
   8.54349509673235       4.484775340724221E-003
   8.62935864993728       4.208122749207596E-003
   8.71608514619836       3.946055287225504E-003
   8.80368325823749       3.697963657195356E-003
   8.89216174593887       3.463254785579635E-003
   8.98152945722500       3.241351873343832E-003
   9.07179532894149       3.031694419750872E-003
   9.16296838775072       2.833738219933676E-003
   9.25505775103457       2.646955336736240E-003
   9.34807262780609       2.470834047481266E-003
   9.44202231963048       2.304878766357496E-003
   9.53691622155521       2.148609943261659E-003
   9.63276382304955       2.001563939951303E-003
   9.72957470895352       1.863292884482055E-003
   9.82735856043640       1.733364504910701E-003
   9.92612515596481       1.611361943340044E-003
   10.0258843722806       1.496883551376640E-003
   10.1266461853886       1.389542668146278E-003
   10.2284206715540       1.288967381995710E-003
   10.3312180083103       1.194800277064023E-003
   10.4350484754768       1.106698165880630E-003
   10.5399224561867       1.024331809184804E-003
   10.6458504379255       9.473856241267850E-004
   10.7528430135798       8.755573820333828E-004
   10.8609108824961       8.085578968791422E-004
   10.9700648515514       7.461107056139873E-004
   11.0803158362337       6.879517414508002E-004
   11.1916748617332       6.338290012151050E-004
   11.3041530640453       5.835022078073221E-004
   11.4177616910839       5.367424688174251E-004
   11.5325121038065       4.933319322771067E-004
   11.6484157773500       4.530634405163170E-004
   11.7654843021782       4.157401830343577E-004
   11.8837293852412       3.811753492714844E-004
   12.0031628511459       3.491917821093369E-004
   12.1237966433384       3.196216328997128E-004
   12.2456428252985       2.923060187635574E-004
   12.3687135817458       2.670946828699536E-004
   12.4930212198585       2.438456583480263E-004
   12.6185781705042       2.224249364504966E-004
   12.7453969894824       2.027061395322027E-004
   12.8734903587807       1.845701993716589E-004
   13.0028710878429       1.679050413103801E-004
   13.1335521148496       1.526052746492408E-004
   13.2655465080125       1.385718896904213E-004
   13.3988674668808       1.257119617785435E-004
   13.5335283236616       1.139383626469470E-004
   13.6695425445527       1.031694793412629E-004
   13.8069237310896       9.332894094815999E-005
   13.9456856215054       8.434535332505310E-005
   14.0858420921048       7.615204198588364E-005
   14.2274071586517       6.868680326813117E-005
   14.3703949777706       6.189166386930640E-005
   14.5148198483627       5.571264881368003E-005
   14.6606962130353       5.009955787696469E-005
   14.8080386595466       4.500575047185816E-005
   14.9568619222638       4.038793896821083E-005
   15.1071808836374       3.620599039962760E-005
   15.2590105756887       3.242273648300704E-005
   15.4123661815135       2.900379185851798E-005
   15.5672630368000       2.591738043594912E-005
   15.7237166313631       2.313416971732485E-005
   15.8817426106924       2.062711294772820E-005
   16.0413567775176       1.837129893313689E-005
   16.2025750933884       1.634380934956428E-005
   16.3654136802707       1.452358335747101E-005
   16.5298888221590       1.289128932413095E-005
   16.6960169667044       1.142920344894924E-005
   16.8638147268599       1.012109507841253E-005
   17.0332988825413       8.952118492841847E-006
   17.2044863823054       7.908710938900564E-006
   17.3773943450448       6.978496684147698E-006
   17.5520400617000       6.150196861475152E-006
   17.7284409969881       5.413544872796502E-006
   17.9066147911497       4.759207121306603E-006
   18.0865792617125       4.178708839255196E-006
   18.2683524052738       3.664364782960010E-006
   18.4519523992993       3.209214567752132E-006
   18.6373976039413       2.806962418109692E-006
   18.8247065638750       2.451921112212201E-006
   19.0138980101524       2.138959903858779E-006
   19.2049908620758       1.863456209865507E-006
   19.3980042290895       1.621250855945202E-006
   19.5929574126913       1.408606679838346E-006
   19.7898699083618       1.222170296408411E-006
   19.9887614075148       1.058936835680898E-006
   20.1896517994659       9.162174712717858E-007
   20.3925611734217       7.916095634976340E-007
   20.5975098204887       6.829692482404524E-007
   20.8045182357024       5.883863097230520E-007
   21.0136071200768       5.061611823285898E-007
   21.2247973826747       4.347839337526351E-007
   21.4381101426982       3.729150887884598E-007
   21.6535667316011       3.193681601304481E-007
   21.8711886952218       2.730937594886422E-007
   22.0909977959382       2.331651692013068E-007
   22.3130160148434       1.987652612211387E-007
   22.5372655539442       1.691746569566864E-007
   22.7637688383816       1.437610278279115E-007
   22.9925485186728       1.219694426364403E-007
   23.2236274729763       1.033136738470239E-007
   23.4570288093801       8.736838069774205E-008
   23.6927758682126       7.376209262121153E-008
   23.9308922243758       6.217092182177123E-008
   24.1714016897040       5.231293895551637E-008
   24.4143283153441       4.394315074339789E-008
   24.6596963941610       3.684902297120188E-008
   24.9075304631672       3.084649672767833E-008
   25.1578553059760       2.577644987576176E-008
   25.4106959552804       2.150155966916416E-008
   25.6660776953560       1.790352610030630E-008
   25.9240260645895       1.488061901860767E-008
   26.1845668580330       1.234551528104795E-008
   26.4477261299828       1.022339520942157E-008
   26.7135301965854       8.450270427067437E-009
   26.9820056384691       6.971517749406622E-009
   27.2531793034017       5.740596207752601E-009
   27.5270783089756       4.717926510001186E-009
   27.8037300453198       3.869914288232206E-009
   28.0831621778384       3.168100365822905E-009
   28.3654026499774       2.588423000537165E-009
   28.6504796860194       2.110578637717732E-009
   28.9384217939055       1.717469145433846E-009
   29.2292577680863       1.394724812497730E-009
   29.5230166924018       1.130293577448687E-009
   29.8197279429891       9.140880320385922E-010
   30.1194211912206       7.376827133191246E-010
   30.4221264066708       5.940550731635818E-010
   30.7278738601135       4.773642996213726E-010
   31.0366941265489       3.827628688943602E-010
   31.3486180882609       3.062363361839210E-010
   31.6636769379057       2.444674351888256E-010
   31.9819021816308       1.947210553258144E-010
   32.3033256422257       1.547471088669228E-010
   32.6279794623044       1.226986922073176E-010
   32.9558961075193       9.706329159620641E-011
   33.2871083698084       7.660508830505343E-011
   33.6216493706737       6.031668577696784E-011
   33.9595525644943       4.737881559173343E-011
   34.3008517418711       3.712678377810917E-011
   34.6455810330062       2.902259730701769E-011
   34.9937749111159       2.263186555182766E-011
   35.3454681958784       1.760470575989172E-011
   35.7006960569151       1.365999762877085E-011
   36.0594940173082       1.057243209209096E-011
   36.4218979571527       8.161885397443272E-012
   36.7879441171446       6.284723251864794E-012
   37.1576691022050       4.826702813834075E-012
   37.5311098851404       3.697194014793051E-012
   37.9083038103403       2.824487350944131E-012
   38.2892885975116       2.151993987169675E-012
   38.6741023454505       1.635176731413612E-012
   39.0627835358525       1.239078012185477E-012
   39.4553710371605       9.363341684194988E-013
   39.8519041084518       7.055847822415326E-013
   40.2524224033640       5.302020140218575E-013
   40.6569659740603       3.972784188511989E-013
   41.0655752752350       2.968229541691075E-013
   41.4782911681585       2.211241885607631E-013
   41.8951549247643       1.642474009246599E-013
   42.3162082317753       1.216385801129698E-013
   42.7414931948731       8.981352244492484E-014
   43.1710523429084       6.611446806634600E-014
   43.6049286321540       4.852017807100953E-014
   44.0431654506003       3.549816792966497E-014
   44.4858066222945       2.589009303859553E-014
   44.9328964117226       1.882312422015501E-014
   45.3844795282360       1.364163428645438E-014
   45.8406011305228       9.854707253929086E-015
   46.3013068311232       7.095934179273235E-015
   46.7666427009913       5.092718951582582E-015
   47.2366552741019       3.642920843833508E-015
   47.7113915521038       2.597138578391756E-015
   48.1908990090206       1.845317930580821E-015
   48.6752255959976       1.306661664690089E-015
   49.1644197460969       9.220532451238203E-016
   49.6585303791413       6.483875076649543E-016
   50.1576069066059       4.543429555492756E-016
   50.6616992365594       3.172400897007526E-016
   51.1708577786546       2.207150079131349E-016
   51.6851334491703       1.530028348333958E-016
   52.2045776761020       1.056756730921096E-016
   52.7292424043052       7.271809011802889E-017
   53.2591801006901       4.985234664755232E-017
   53.7944437594678       3.404772467312296E-017
   54.3350869074504       2.316505906230413E-017
   54.8811636094030       1.570018894552630E-017
   55.4327284734511       1.059950665387257E-017
   55.9898366565406       7.127852765612283E-018
   56.5525438699541       4.774269237952162E-018
   57.1209063848819       3.185025141758673E-018
   57.6949810380490       2.116211536796824E-018
   58.2748252373993       1.400321820125962E-018
   58.8604969678359       9.227867241849251E-019
   59.4520547970198       6.055660027423450E-019
   60.0495578812270       3.957218990416432E-019
   60.6530659712637       2.574949662617809E-019
   61.2626394184420       1.668318211004095E-019
   61.8783391806144       1.076221770108931E-019
   62.5002268282704       6.912234370640727E-020
   63.1283645506930       4.419873280310174E-020
   63.7628151621777       2.813562432648823E-020
   64.4036421083145       1.782950057512500E-020
   65.0509094723320       1.124703385456669E-020
   65.7046819815060       7.062088537408106E-021
   66.3650250136323       4.413718005876352E-021
   67.0320046035642       2.745566834569932E-021
   67.7056874498168       1.699789024122939E-021
   68.3861409212359       1.047304423058196E-021
   69.0734330637358       6.421624806294562E-022
   69.7676326071034       3.918230200701355E-022
   70.4688089718716       2.378957892074934E-022
   71.1770322762612       1.437189067099946E-022
   71.8923733431929       8.638726991550672E-023
   72.6149037073694       5.166214525595870E-023
   73.3446956224292       3.073688890633901E-023
   74.0818220681720       1.819239587496232E-023
   74.8263567578568       1.071124452863245E-023
   75.5783741455728       6.273173981367434E-024
   76.3379494336856       3.654342083717406E-024
   77.1051585803569       2.117300149635392E-024
   77.8800783071407       1.220067053718742E-024
   78.6627861066556       6.991807779669901E-025
   79.4533602503336       3.984520080710303E-025
   80.2518797962481       2.257976165643670E-025
   81.0584245970189       1.272316903593056E-025
   81.8730753077984       7.128192991016722E-026
   82.6959133943364       3.970518181658760E-026
   83.5270211411274       2.198738973505962E-026
   84.3664816596386       1.210413736565882E-026
   85.2143788966213       6.623726812423639E-027
   86.0707976425060       3.602913795857980E-027
   86.9358235398808       1.947881336710133E-027
   87.8095430920563       1.046652066414620E-027
   88.6920436717159       5.589168138122097E-028
   89.5834135296530       2.965996824921866E-028
   90.4837418035961       1.564034176976769E-028
   91.3931185271229       8.194953866634851E-029
   92.3116346386637       4.266242698027932E-029
   93.2393819905949       2.206550429388616E-029
   94.1764533584250       1.133742050155182E-029
   95.1229424500715       5.787220409944087E-030
   96.0789439152324       2.932977692689806E-030
   97.0445533548509       1.474434270971847E-030
   98.0198673306756       7.370479236710868E-031
   99.0049833749169       3.652614748384531E-031
   100.000000000000       1.810834057057022E-031
