  0.0000000000E+00  0.0000000000E+00  0.0000000000E+00  0.0000000000E+00
  3.0000000000E-04  5.2752607924E-16  1.5898698039E-20  1.5160163491E-25
  1.2000000000E-03  2.1092531354E-15  2.5430977081E-19  9.7004582672E-24
  2.7000000000E-03  4.7426290568E-15  1.2868578603E-18  1.1045544346E-22
  4.8000000000E-03  8.4234050983E-15  4.0645175688E-18  6.2030571215E-22
  7.5000000000E-03  1.3145643034E-14  9.9150178832E-18  2.3647814370E-21
  1.0800000000E-02  1.8901725153E-14  2.0539216608E-17  7.0557394536E-21
  1.4700000000E-02  2.5682367077E-14  3.8006453029E-17  1.7775679647E-20
  1.9200000000E-02  3.3476633389E-14  6.4748889340E-17  3.9565778445E-20
  2.4300000000E-02  4.2271956022E-14  1.0355485367E-16  8.0115311872E-20
  3.0000000000E-02  5.2054155399E-14  1.5756119979E-16  1.5054973345E-19
  3.6300000000E-02  6.2807464272E-14  2.3024470087E-16  2.6631427305E-19
  4.3200000000E-02  7.4514554219E-14  3.2541249674E-16  4.4814953261E-19
  5.0700000000E-02  8.7156564756E-14  4.4719161645E-16  7.2315517488E-19
  5.8800000000E-02  1.0071313501E-13  6.0001759971E-16  1.1259374329E-18
  6.7500000000E-02  1.1516243787E-13  7.8862224335E-16  1.6998358119E-18
  7.6800000000E-02  1.3048121664E-13  1.0180205003E-15  2.4982240123E-18
  8.6700000000E-02  1.4664482399E-13  1.2934965611E-15  3.5858797753E-18
  9.7200000000E-02  1.6362726326E-13  1.6205891494E-15  5.0404180386E-18
  1.0830000000E-01  1.8140123202E-13  2.0050760653E-15  6.9537814961E-18
  1.2000000000E-01  1.9993816768E-13  2.4529580107E-15  9.4337823738E-18
  1.3230000000E-01  2.1920829529E-13  2.9704417350E-15  1.2605688980E-17
  1.4520000000E-01  2.3918067726E-13  3.5639225380E-15  1.6613850329E-17
  1.5870000000E-01  2.5982326501E-13  4.2399661711E-15  2.1623351948E-17
  1.7280000000E-01  2.8110295237E-13  5.0052901771E-15  2.7821695731E-17
  1.8750000000E-01  3.0298563073E-13  5.8667447117E-15  3.5420496571E-17
  2.0280000000E-01  3.2543624584E-13  6.8312928909E-15  4.4657188306E-17
  2.1870000000E-01  3.4841885601E-13  7.9059907083E-15  5.5796731393E-17
  2.3520000000E-01  3.7189669183E-13  9.0979665685E-15  6.9133314617E-17
  2.5230000000E-01  3.9583221711E-13  1.0414400484E-14  8.4992043034E-17
  2.7000000000E-01  4.2018719105E-13  1.1862502983E-14  1.0373060429E-16
  2.8830000000E-01  4.4492273146E-13  1.3449493777E-14  1.2574090545E-16
  3.0720000000E-01  4.6999937900E-13  1.5182580233E-14  1.5145067231E-16
  3.2670000000E-01  4.9537716221E-13  1.7068935711E-14  1.8132500342E-16
  3.4680000000E-01  5.2101566333E-13  1.9115677798E-14  2.1586787086E-16
  3.6750000000E-01  5.4687408473E-13  2.1329846513E-14  2.5562355986E-16
  3.8880000000E-01  5.7291131579E-13  2.3718382509E-14  3.0117803966E-16
  4.1070000000E-01  5.9908600030E-13  2.6288105338E-14  3.5316025781E-16
  4.3320000000E-01  6.2535660396E-13  2.9045691826E-14  4.1224335051E-16
  4.5630000000E-01  6.5168148218E-13  3.1997654606E-14  4.7914576148E-16
  4.8000000000E-01  6.7801894784E-13  3.5150320859E-14  5.5463226225E-16
  5.0430000000E-01  7.0432733896E-13  3.8509811314E-14  6.3951486682E-16
  5.2920000000E-01  7.3056508618E-13  4.2082019557E-14  7.3465363389E-16
  5.5470000000E-01  7.5669077993E-13  4.5872591698E-14  8.4095735012E-16
  5.8080000000E-01  7.8266323718E-13  4.9886906432E-14  9.5938408812E-16
  6.0750000000E-01  8.0844156754E-13  5.4130055567E-14  1.0909416332E-15
  6.3480000000E-01  8.3398523885E-13  5.8606825034E-14  1.2366877731E-15
  6.6270000000E-01  8.5925414182E-13  6.3321676449E-14  1.3977304455E-15
  6.9120000000E-01  8.8420865394E-13  6.8278729257E-14  1.5752277379E-15
  7.2030000000E-01  9.0880970223E-13  7.3481743502E-14  1.7703877356E-15
  7.5000000000E-01  9.3301882504E-13  7.8934103274E-14  1.9844682135E-15
  7.8030000000E-01  9.5679823250E-13  8.4638800865E-14  2.2187761671E-15
  8.1120000000E-01  9.8011086579E-13  9.0598421665E-14  2.4746671808E-15
  8.4270000000E-01  1.0029204548E-12  9.6815129858E-14  2.7535446278E-15
  8.7480000000E-01  1.0251915746E-12  1.0329065493E-13  3.0568587022E-15
  9.0750000000E-01  1.0468896999E-12  1.1002627902E-13  3.3861052783E-15
  9.4080000000E-01  1.0679812582E-12  1.1702282522E-13  3.7428245973E-15
  9.7470000000E-01  1.0884336807E-12  1.2428064667E-13  4.1285997792E-15
  1.0092000000E+00  1.1082154521E-12  1.3179961673E-13  4.5450551588E-15
  1.0443000000E+00  1.1272961576E-12  1.3957912006E-13  4.9938544473E-15
  1.0800000000E+00  1.1456465282E-12  1.4761804468E-13  5.4766987171E-15
  1.1163000000E+00  1.1632384843E-12  1.5591477507E-13  5.9953242131E-15
  1.1532000000E+00  1.1800451767E-12  1.6446718632E-13  6.5514999898E-15
  1.1907000000E+00  1.1960410251E-12  1.7327263931E-13  7.1470253769E-15
  1.2288000000E+00  1.2112017552E-12  1.8232797698E-13  7.7837272753E-15
  1.2675000000E+00  1.2255044327E-12  1.9162952165E-13  8.4634572867E-15
  1.3068000000E+00  1.2389274950E-12  2.0117307348E-13  9.1880886789E-15
  1.3467000000E+00  1.2514507810E-12  2.1095390999E-13  9.9595131921E-15
  1.3872000000E+00  1.2630555576E-12  2.2096678674E-13  1.0779637689E-14
  1.4283000000E+00  1.2737245443E-12  2.3120593903E-13  1.1650380656E-14
  1.4700000000E+00  1.2834419351E-12  2.4166508485E-13  1.2573668554E-14
  1.5123000000E+00  1.2921934177E-12  2.5233742878E-13  1.3551432035E-14
  1.5552000000E+00  1.2999661899E-12  2.6321566718E-13  1.4585602023E-14
  1.5987000000E+00  1.3067489744E-12  2.7429199429E-13  1.5678105665E-14
  1.6428000000E+00  1.3125320292E-12  2.8555810961E-13  1.6830862166E-14
  1.6875000000E+00  1.3173071570E-12  2.9700522623E-13  1.8045778510E-14
  1.7328000000E+00  1.3210677113E-12  3.0862408027E-13  1.9324745072E-14
  1.7787000000E+00  1.3238085996E-12  3.2040494145E-13  2.0669631146E-14
  1.8252000000E+00  1.3255262844E-12  3.3233762458E-13  2.2082280369E-14
  1.8723000000E+00  1.3262187811E-12  3.4441150217E-13  2.3564506079E-14
  1.9200000000E+00  1.3258856540E-12  3.5661551795E-13  2.5118086598E-14
  1.9683000000E+00  1.3245280091E-12  3.6893820148E-13  2.6744760460E-14
  2.0172000000E+00  1.3221484844E-12  3.8136768358E-13  2.8446221582E-14
  2.0667000000E+00  1.3187512377E-12  3.9389171279E-13  3.0224114406E-14
  2.1168000000E+00  1.3143419323E-12  4.0649767266E-13  3.2080029006E-14
  2.1675000000E+00  1.3089277196E-12  4.1917259990E-13  3.4015496177E-14
  2.2188000000E+00  1.3025172196E-12  4.3190320340E-13  3.6031982525E-14
  2.2707000000E+00  1.2951204990E-12  4.4467588398E-13  3.8130885551E-14
  2.3232000000E+00  1.2867490471E-12  4.5747675495E-13  4.0313528761E-14
  2.3763000000E+00  1.2774157489E-12  4.7029166335E-13  4.2581156800E-14
  2.4300000000E+00  1.2671348568E-12  4.8310621186E-13  4.4934930622E-14
  2.4843000000E+00  1.2559219593E-12  4.9590578139E-13  4.7375922717E-14
  2.5392000000E+00  1.2437939485E-12  5.0867555418E-13  4.9905112401E-14
  2.5947000000E+00  1.2307689845E-12  5.2140053751E-13  5.2523381174E-14
  2.6508000000E+00  1.2168664590E-12  5.3406558789E-13  5.5231508174E-14
  2.7075000000E+00  1.2021069561E-12  5.4665543568E-13  5.8030165722E-14
  2.7648000000E+00  1.1865122121E-12  5.5915471016E-13  6.0919914984E-14
  2.8227000000E+00  1.1701050727E-12  5.7154796490E-13  6.3901201747E-14
  2.8812000000E+00  1.1529094494E-12  5.8381970349E-13  6.6974352337E-14
  2.9403000000E+00  1.1349502741E-12  5.9595440548E-13  7.0139569679E-14
  3.0000000000E+00  1.1162534520E-12  6.0793655254E-13  7.3396929509E-14
  3.0603000000E+00  1.0968458132E-12  6.1975065483E-13  7.6746376759E-14
  3.1212000000E+00  1.0767550637E-12  6.3138127733E-13  8.0187722119E-14
  3.1827000000E+00  1.0560097342E-12  6.4281306640E-13  8.3720638787E-14
  3.2448000000E+00  1.0346391286E-12  6.5403077621E-13  8.7344659415E-14
  3.3075000000E+00  1.0126732712E-12  6.6501929514E-13  9.1059173270E-14
  3.3708000000E+00  9.9014285316E-13  6.7576367215E-13  9.4863423609E-14
  3.4347000000E+00  9.6707917811E-13  6.8624914284E-13  9.8756505287E-14
  3.4992000000E+00  9.4351410717E-13  6.9646115550E-13  1.0273736259E-13
  3.5643000000E+00  9.1948000332E-13  7.0638539672E-13  1.0680478733E-13
  3.6300000000E+00  8.9500967539E-13  7.1600781676E-13  1.1095741719E-13
  3.6963000000E+00  8.7013632162E-13  7.2531465462E-13  1.1519373430E-13
  3.7632000000E+00  8.4489347306E-13  7.3429246258E-13  1.1951206413E-13
  3.8307000000E+00  8.1931493667E-13  7.4292813038E-13  1.2391057463E-13
  3.8988000000E+00  7.9343473856E-13  7.5120890882E-13  1.2838727564E-13
  3.9675000000E+00  7.6728706710E-13  7.5912243287E-13  1.3294001863E-13
  4.0368000000E+00  7.4090621629E-13  7.6665674414E-13  1.3756649666E-13
  4.1067000000E+00  7.1432652938E-13  7.7380031270E-13  1.4226424470E-13
  4.1772000000E+00  6.8758234278E-13  7.8054205824E-13  1.4703064024E-13
  4.2483000000E+00  6.6070793047E-13  7.8687137050E-13  1.5186290417E-13
  4.3200000000E+00  6.3373744897E-13  7.9277812890E-13  1.5675810197E-13
  4.3923000000E+00  6.0670488287E-13  7.9825272140E-13  1.6171314527E-13
  4.4652000000E+00  5.7964399120E-13  8.0328606247E-13  1.6672479362E-13
  4.5387000000E+00  5.5258825455E-13  8.0786961022E-13  1.7178965665E-13
  4.6128000000E+00  5.2557082310E-13  8.1199538260E-13  1.7690419649E-13
  4.6875000000E+00  4.9862446574E-13  8.1565597265E-13  1.8206473056E-13
  4.7628000000E+00  4.7178152012E-13  8.1884456275E-13  1.8726743454E-13
  4.8387000000E+00  4.4507384403E-13  8.2155493794E-13  1.9250834584E-13
  4.9152000000E+00  4.1853276790E-13  8.2378149808E-13  1.9778336717E-13
  4.9923000000E+00  3.9218904866E-13  8.2551926911E-13  2.0308827055E-13
  5.0700000000E+00  3.6607282504E-13  8.2676391308E-13  2.0841870158E-13
  5.1483000000E+00  3.4021357422E-13  8.2751173721E-13  2.1377018396E-13
  5.2272000000E+00  3.1464007013E-13  8.2775970173E-13  2.1913812433E-13
  5.3067000000E+00  2.8938034326E-13  8.2750542669E-13  2.2451781740E-13
  5.3868000000E+00  2.6446164212E-13  8.2674719750E-13  2.2990445136E-13
  5.4675000000E+00  2.3991039648E-13  8.2548396947E-13  2.3529311348E-13
  5.5488000000E+00  2.1575218229E-13  8.2371537101E-13  2.4067879609E-13
  5.6307000000E+00  1.9201168840E-13  8.2144170584E-13  2.4605640268E-13
  5.7132000000E+00  1.6871268526E-13  8.1866395387E-13  2.5142075437E-13
  5.7963000000E+00  1.4587799531E-13  8.1538377099E-13  2.5676659651E-13
  5.8800000000E+00  1.2352946549E-13  8.1160348768E-13  2.6208860556E-13
  5.9643000000E+00  1.0168794163E-13  8.0732610640E-13  2.6738139613E-13
  6.0492000000E+00  8.0373244774E-14  8.0255529787E-13  2.7263952830E-13
  6.1347000000E+00  5.9604149676E-14  7.9729539611E-13  2.7785751503E-13
  6.2208000000E+00  3.9398365189E-14  7.9155139246E-13  2.8302982982E-13
  6.3075000000E+00  1.9772516794E-14  7.8532892829E-13  2.8815091453E-13
  6.3948000000E+00  7.4213117950E-16  7.7863428673E-13  2.9321518727E-13
  6.4827000000E+00 -1.7678377104E-14  7.7147438322E-13  2.9821705053E-13
  6.5712000000E+00 -3.5475716894E-14  7.6385675498E-13  3.0315089938E-13
  6.6603000000E+00 -5.2637729580E-14  7.5578954940E-13  3.0801112977E-13
  6.7500000000E+00 -6.9153396187E-14  7.4728151144E-13  3.1279214697E-13
  6.8403000000E+00 -8.5012842374E-14  7.3834196990E-13  3.1748837401E-13
  6.9312000000E+00 -1.0020734136E-13  7.2898082282E-13  3.2209426030E-13
  7.0227000000E+00 -1.1472931482E-13  7.1920852178E-13  3.2660429014E-13
  7.1148000000E+00 -1.2857233169E-13  7.0903605540E-13  3.3101299147E-13
  7.2075000000E+00 -1.4173110503E-13  6.9847493182E-13  3.3531494440E-13
  7.3008000000E+00 -1.5420148683E-13  6.8753716034E-13  3.3950478995E-13
  7.3947000000E+00 -1.6598046089E-13  6.7623523228E-13  3.4357723866E-13
  7.4892000000E+00 -1.7706613377E-13  6.6458210098E-13  3.4752707917E-13
  7.5843000000E+00 -1.8745772384E-13  6.5259116101E-13  3.5134918682E-13
  7.6800000000E+00 -1.9715554844E-13  6.4027622677E-13  3.5503853211E-13
  7.7763000000E+00 -2.0616100933E-13  6.2765151029E-13  3.5859018916E-13
  7.8732000000E+00 -2.1447657623E-13  6.1473159845E-13  3.6199934396E-13
  7.9707000000E+00 -2.2210576877E-13  6.0153142963E-13  3.6526130265E-13
  8.0688000000E+00 -2.2905313669E-13  5.8806626973E-13  3.6837149955E-13
  8.1675000000E+00 -2.3532423844E-13  5.7435168774E-13  3.7132550513E-13
  8.2668000000E+00 -2.4092561828E-13  5.6040353088E-13  3.7411903376E-13
  8.3667000000E+00 -2.4586478176E-13  5.4623789924E-13  3.7674795131E-13
  8.4672000000E+00 -2.5015016990E-13  5.3187112011E-13  3.7920828262E-13
  8.5683000000E+00 -2.5379113191E-13  5.1731972202E-13  3.8149621861E-13
  8.6700000000E+00 -2.5679789658E-13  5.0260040845E-13  3.8360812336E-13
  8.7723000000E+00 -2.5918154253E-13  4.8773003137E-13  3.8554054081E-13
  8.8752000000E+00 -2.6095396715E-13  4.7272556455E-13  3.8729020130E-13
  8.9787000000E+00 -2.6212785457E-13  4.5760407686E-13  3.8885402780E-13
  9.0828000000E+00 -2.6271664249E-13  4.4238270535E-13  3.9022914188E-13
  9.1875000000E+00 -2.6273448810E-13  4.2707862847E-13  3.9141286942E-13
  9.2928000000E+00 -2.6219623315E-13  4.1170903916E-13  3.9240274599E-13
  9.3987000000E+00 -2.6111736813E-13  3.9629111816E-13  3.9319652192E-13
  9.5052000000E+00 -2.5951399578E-13  3.8084200735E-13  3.9379216708E-13
  9.6123000000E+00 -2.5740279392E-13  3.6537878327E-13  3.9418787529E-13
  9.7200000000E+00 -2.5480097770E-13  3.4991843097E-13  3.9438206843E-13
  9.8283000000E+00 -2.5172626137E-13  3.3447781793E-13  3.9437340017E-13
  9.9372000000E+00 -2.4819681959E-13  3.1907366854E-13  3.9416075935E-13
  1.0046700000E+01 -2.4423124846E-13  3.0372253871E-13  3.9374327300E-13
  1.0156800000E+01 -2.3984852617E-13  2.8844079106E-13  3.9312030899E-13
  1.0267500000E+01 -2.3506797361E-13  2.7324457045E-13  3.9229147825E-13
  1.0378800000E+01 -2.2990921471E-13  2.5814978009E-13  3.9125663673E-13
  1.0490700000E+01 -2.2439213689E-13  2.4317205809E-13  3.9001588679E-13
  1.0603200000E+01 -2.1853685142E-13  2.2832675468E-13  3.8856957836E-13
  1.0716300000E+01 -2.1236365401E-13  2.1362890998E-13  3.8691830963E-13
  1.0830000000E+01 -2.0589298550E-13  1.9909323244E-13  3.8506292727E-13
  1.0944300000E+01 -1.9914539283E-13  1.8473407799E-13  3.8300452643E-13
  1.1059200000E+01 -1.9214149042E-13  1.7056542989E-13  3.8074445012E-13
  1.1174700000E+01 -1.8490192180E-13  1.5660087931E-13  3.7828428834E-13
  1.1290800000E+01 -1.7744732191E-13  1.4285360680E-13  3.7562587675E-13
  1.1407500000E+01 -1.6979827971E-13  1.2933636444E-13  3.7277129494E-13
  1.1524800000E+01 -1.6197530160E-13  1.1606145895E-13  3.6972286425E-13
  1.1642700000E+01 -1.5399877539E-13  1.0304073561E-13  3.6648314530E-13
  1.1761200000E+01 -1.4588893503E-13  9.0285563118E-14  3.6305493502E-13
  1.1880300000E+01 -1.3766582609E-13  7.7806819315E-14  3.5944126332E-13
  1.2000000000E+01 -1.2934927217E-13  6.5614877921E-14  3.5564538943E-13
  1.2120300000E+01 -1.2095884211E-13  5.3719596175E-14  3.5167079772E-13
  1.2241200000E+01 -1.1251381821E-13  4.2130303480E-14  3.4752119331E-13
  1.2362700000E+01 -1.0403316544E-13  3.0855791033E-14  3.4320049719E-13
  1.2484800000E+01 -9.5535501673E-14  1.9904302459E-14  3.3871284103E-13
  1.2607500000E+01 -8.7039069045E-14  9.2835254678E-15  3.3406256162E-13
  1.2730800000E+01 -7.8561706413E-14 -9.9941546853E-16  3.2925419498E-13
  1.2854700000E+01 -7.0120823014E-14 -1.0937965406E-14  3.2429247014E-13
  1.2979200000E+01 -6.1733373318E-14 -2.0526144181E-14  3.1918230256E-13
  1.3104300000E+01 -5.3415833127E-14 -2.9758550618E-14  3.1392878728E-13
  1.3230000000E+01 -4.5184176949E-14 -3.8630365705E-14  3.0853719177E-13
  1.3356300000E+01 -3.7053856673E-14 -4.7137354723E-14  3.0301294843E-13
  1.3483200000E+01 -2.9039781564E-14 -5.5275868340E-14  2.9736164693E-13
  1.3610700000E+01 -2.1156299616E-14 -6.3042842675E-14  2.9158902612E-13
  1.3738800000E+01 -1.3417180261E-14 -7.0435798335E-14  2.8570096590E-13
  1.3867500000E+01 -5.8355984704E-15 -7.7452838445E-14  2.7970347867E-13
  1.3996800000E+01  1.5758797539E-15 -8.4092645663E-14  2.7360270064E-13
  1.4126700000E+01  8.8053104808E-15 -9.0354478211E-14  2.6740488298E-13
  1.4257200000E+01  1.5841383537E-14 -9.6238164931E-14  2.6111638269E-13
  1.4388300000E+01  2.2673432780E-14 -1.0174409938E-13  2.5474365337E-13
  1.4520000000E+01  2.9291444947E-14 -1.0687323297E-13  2.4829323579E-13
  1.4652300000E+01  3.5686067093E-14 -1.1162706721E-13  2.4177174834E-13
  1.4785200000E+01  4.1848612613E-14 -1.1600764505E-13  2.3518587738E-13
  1.4918700000E+01  4.7771065861E-14 -1.2001754132E-13  2.2854236740E-13
  1.5052800000E+01  5.3446085369E-14 -1.2365985231E-13  2.2184801122E-13
  1.5187500000E+01  5.8867005691E-14 -1.2693818462E-13  2.1510964003E-13
  1.5322800000E+01  6.4027837875E-14 -1.2985664305E-13  2.0833411336E-13
  1.5458700000E+01  6.8923268588E-14 -1.3241981790E-13  2.0152830911E-13
  1.5595200000E+01  7.3548657908E-14 -1.3463277138E-13  1.9469911348E-13
  1.5732300000E+01  7.7900035818E-14 -1.3650102341E-13  1.8785341091E-13
  1.5870000000E+01  8.1974097416E-14 -1.3803053671E-13  1.8099807410E-13
  1.6008300000E+01  8.5768196870E-14 -1.3922770126E-13  1.7413995396E-13
  1.6147200000E+01  8.9280340151E-14 -1.4009931814E-13  1.6728586974E-13
  1.6286700000E+01  9.2509176582E-14 -1.4065258280E-13  1.6044259911E-13
  1.6426800000E+01  9.5453989221E-14 -1.4089506785E-13  1.5361686841E-13
  1.6567500000E+01  9.8114684131E-14 -1.4083470526E-13  1.4681534299E-13
  1.6708800000E+01  1.0049177856E-13 -1.4047976820E-13  1.4004461762E-13
  1.6850700000E+01  1.0258638808E-13 -1.3983885240E-13  1.3331120713E-13
  1.6993200000E+01  1.0440021274E-13 -1.3892085712E-13  1.2662153713E-13
  1.7136300000E+01  1.0593552223E-13 -1.3773496587E-13  1.1998193493E-13
  1.7280000000E+01  1.0719514013E-13 -1.3629062669E-13  1.1339862063E-13
  1.7424300000E+01  1.0818242735E-13 -1.3459753231E-13  1.0687769847E-13
  1.7569200000E+01  1.0890126468E-13 -1.3266559999E-13  1.0042514834E-13
  1.7714700000E+01  1.0935603455E-13 -1.3050495123E-13  9.4046817495E-14
  1.7860800000E+01  1.0955160218E-13 -1.2812589132E-13  8.7748412630E-14
  1.8007500000E+01  1.0949329589E-13 -1.2553888881E-13  8.1535492097E-14
  1.8154800000E+01  1.0918688693E-13 -1.2275455491E-13  7.5413458462E-14
  1.8302700000E+01  1.0863856867E-13 -1.1978362285E-13  6.9387551321E-14
  1.8451200000E+01  1.0785493522E-13 -1.1663692732E-13  6.3462840425E-14
  1.8600300000E+01  1.0684295970E-13 -1.1332538390E-13  5.7644219111E-14
  1.8750000000E+01  1.0560997196E-13 -1.0985996864E-13  5.1936398045E-14
  1.8900300000E+01  1.0416363605E-13 -1.0625169776E-13  4.6343899305E-14
  1.9051200000E+01  1.0251192729E-13 -1.0251160752E-13  4.0871050799E-14
  1.9202700000E+01  1.0066310910E-13 -9.8650734314E-14  3.5521981026E-14
  1.9354800000E+01  9.8625709689E-14 -9.4680094984E-14  3.0300614199E-14
  1.9507500000E+01  9.6408498464E-14 -9.0610667472E-14  2.5210665732E-14
  1.9660800000E+01  9.4020462446E-14 -8.6453371731E-14  2.0255638087E-14
  1.9814700000E+01  9.1470782575E-14 -8.2219051023E-14  1.5438817010E-14
  1.9969200000E+01  8.8768810030E-14 -7.7918453590E-14  1.0763268138E-14
  2.0124300000E+01  8.5924042590E-14 -7.3562214737E-14  6.2318339940E-15
  2.0280000000E+01  8.2946101097E-14 -6.9160839371E-14  1.8471313754E-15
  2.0436300000E+01  7.9844706061E-14 -6.4724684999E-14 -2.3884508717E-15
  2.0593200000E+01  7.6629654462E-14 -6.0263945248E-14 -6.4727536801E-15
  2.0750700000E+01  7.3310796783E-14 -5.5788633893E-14 -1.0403849194E-14
  2.0908800000E+01  6.9898014335E-14 -5.1308569456E-14 -1.4180041807E-14
  2.1067500000E+01  6.6401196908E-14 -4.6833360374E-14 -1.7799868798E-14
  2.1226800000E+01  6.2830220788E-14 -4.2372390770E-14 -2.1262100580E-14
  2.1386700000E+01  5.9194927192E-14 -3.7934806844E-14 -2.4565740549E-14
  2.1547200000E+01  5.5505101156E-14 -3.3529503910E-14 -2.7710024539E-14
  2.1708300000E+01  5.1770450904E-14 -2.9165114082E-14 -3.0694419898E-14
  2.1870000000E+01  4.8000587756E-14 -2.4849994648E-14 -3.3518624167E-14
  2.2032300000E+01  4.4205006589E-14 -2.0592217126E-14 -3.6182563387E-14
  2.2195200000E+01  4.0393066895E-14 -1.6399557025E-14 -3.8686390029E-14
  2.2358700000E+01  3.6573974474E-14 -1.2279484326E-14 -4.1030480551E-14
  2.2522800000E+01  3.2756763769E-14 -8.2391546842E-15 -4.3215432598E-14
  2.2687500000E+01  2.8950280902E-14 -4.2854013705E-15 -4.5242061841E-14
  2.2852800000E+01  2.5163167409E-14 -4.2472795094E-16 -4.7111398473E-14
  2.3018700000E+01  2.1403844715E-14  3.3366982833E-15 -4.8824683360E-14
  2.3185200000E+01  1.7680499366E-14  6.9930521361E-15 -5.0383363870E-14
  2.3352300000E+01  1.4001069041E-14  1.0538855572E-14 -5.1789089374E-14
  2.3520000000E+01  1.0373229353E-14  1.3968982029E-14 -5.3043706439E-14
  2.3688300000E+01  6.8043814701E-15  1.7278659975E-14 -5.4149253726E-14
  2.3857200000E+01  3.3016405582E-15  2.0463475712E-14 -5.5107956594E-14
  2.4026700000E+01 -1.2817493453E-16  2.3519375440E-14 -5.5922221433E-14
  2.4196800000E+01 -3.4785531461E-15  2.6442666570E-14 -5.6594629725E-14
  2.4367500000E+01 -6.7432978106E-15  2.9230018303E-14 -5.7127931865E-14
  2.4538800000E+01 -9.9165364050E-15  3.1878461488E-14 -5.7525040735E-14
  2.4710700000E+01 -1.2992727427E-14  3.4385387755E-14 -5.7789025058E-14
  2.4883200000E+01 -1.5966666805E-14  3.6748547946E-14 -5.7923102537E-14
  2.5056300000E+01 -1.8833493434E-14  3.8966049850E-14 -5.7930632804E-14
  2.5230000000E+01 -2.1588693845E-14  4.1036355256E-14 -5.7815110179E-14
  2.5404300000E+01 -2.4228106009E-14  4.2958276346E-14 -5.7580156269E-14
  2.5579200000E+01 -2.6747922278E-14  4.4730971431E-14 -5.7229512409E-14
  2.5754700000E+01 -2.9144691480E-14  4.6353940061E-14 -5.6767031969E-14
  2.5930800000E+01 -3.1415320159E-14  4.7827017517E-14 -5.6196672540E-14
  2.6107500000E+01 -3.3557072991E-14  4.9150368714E-14 -5.5522488006E-14
  2.6284800000E+01 -3.5567572375E-14  5.0324481522E-14 -5.4748620537E-14
  2.6462700000E+01 -3.7444797220E-14  5.1350159545E-14 -5.3879292500E-14
  2.6641200000E+01 -3.9187080937E-14  5.2228514360E-14 -5.2918798308E-14
  2.6820300000E+01 -4.0793108659E-14  5.2960957257E-14 -5.1871496229E-14
  2.7000000000E+01 -4.2261913706E-14  5.3549190493E-14 -5.0741800169E-14
  2.7180300000E+01 -4.3592873317E-14  5.3995198086E-14 -4.9534171441E-14
  2.7361200000E+01 -4.4785703662E-14  5.4301236183E-14 -4.8253110529E-14
  2.7542700000E+01 -4.5840454169E-14  5.4469823013E-14 -4.6903148885E-14
  2.7724800000E+01 -4.6757501184E-14  5.4503728467E-14 -4.5488840750E-14
  2.7907500000E+01 -4.7537540983E-14  5.4405963320E-14 -4.4014755023E-14
  2.8090800000E+01 -4.8181582174E-14  5.4179768131E-14 -4.2485467200E-14
  2.8274700000E+01 -4.8690937513E-14  5.3828601844E-14 -4.0905551389E-14
  2.8459200000E+01 -4.9067215150E-14  5.3356130121E-14 -3.9279572413E-14
  2.8644300000E+01 -4.9312309352E-14  5.2766213426E-14 -3.7612078029E-14
  2.8830000000E+01 -4.9428390723E-14  5.2062894908E-14 -3.5907591258E-14
  2.9016300000E+01 -4.9417895951E-14  5.1250388093E-14 -3.4170602855E-14
  2.9203200000E+01 -4.9283517115E-14  5.0333064418E-14 -3.2405563929E-14
  2.9390700000E+01 -4.9028190585E-14  4.9315440644E-14 -3.0616878710E-14
  2.9578800000E+01 -4.8655085547E-14  4.8202166169E-14 -2.8808897505E-14
  2.9767500000E+01 -4.8167592179E-14  4.6998010265E-14 -2.6985909825E-14
  2.9956800000E+01 -4.7569309525E-14  4.5707849282E-14 -2.5152137713E-14
  3.0146700000E+01 -4.6864033078E-14  4.4336653832E-14 -2.3311729276E-14
  3.0337200000E+01 -4.6055742133E-14  4.2889475985E-14 -2.1468752438E-14
  3.0528300000E+01 -4.5148586916E-14  4.1371436516E-14 -1.9627188909E-14
  3.0720000000E+01 -4.4146875544E-14  3.9787712205E-14 -1.7790928402E-14
  3.0912300000E+01 -4.3055060830E-14  3.8143523242E-14 -1.5963763087E-14
  3.1105200000E+01 -4.1877726987E-14  3.6444120744E-14 -1.4149382298E-14
  3.1298700000E+01 -4.0619576243E-14  3.4694774426E-14 -1.2351367504E-14
  3.1492800000E+01 -3.9285415414E-14  3.2900760428E-14 -1.0573187543E-14
  3.1687500000E+01 -3.7880142459E-14  3.1067349345E-14 -8.8181941301E-15
  3.1882800000E+01 -3.6408733054E-14  2.9199794471E-14 -7.0896176514E-15
  3.2078700000E+01 -3.4876227216E-14  2.7303320280E-14 -5.3905632336E-15
  3.2275200000E+01 -3.3287715996E-14  2.5383111164E-14 -3.7240071090E-15
  3.2472300000E+01 -3.1648328291E-14  2.3444300459E-14 -2.0927932721E-15
  3.2670000000E+01 -2.9963217786E-14  2.1491959764E-14 -4.9963043302E-16
  3.2868300000E+01 -2.8237550069E-14  1.9531088583E-14  1.0529107297E-15
  3.3067200000E+01 -2.6476489928E-14  1.7566604302E-14  2.5624000146E-15
  3.3266700000E+01 -2.4685188880E-14  1.5603332523E-14  4.0265498397E-15
  3.3466800000E+01 -2.2868772941E-14  1.3645997762E-14  5.4432170815E-15
  3.3667500000E+01 -2.1032330667E-14  1.1699214540E-14  6.8104046092E-15
  3.3868800000E+01 -1.9180901487E-14  9.7674788652E-15  8.1262625158E-15
  3.4070700000E+01 -1.7319464364E-14  7.8551601320E-15  9.3890890468E-15
  3.4273200000E+01 -1.5452926780E-14  5.9664934381E-15  1.0597331227E-14
  3.4476300000E+01 -1.3586114098E-14  4.1055723396E-15  1.1749585189E-14
  3.4680000000E+01 -1.1723759288E-14  2.2763420480E-15  1.2844596206E-14
  3.4884300000E+01 -9.8704930651E-15  4.8259307774E-16  1.3881258432E-14
  3.5089200000E+01 -8.0308344292E-15 -1.2720446456E-15  1.4858614354E-14
  3.5294700000E+01 -6.2091816474E-15 -2.9841072133E-15  1.5775853957E-14
  3.5500800000E+01 -4.4098036746E-15 -4.6503016908E-15  1.6632313614E-14
  3.5707500000E+01 -2.6368320351E-15 -6.2675106010E-15  1.7427474701E-14
  3.5914800000E+01 -8.9425317524E-16 -7.8327959305E-15  1.8160961944E-14
  3.6122700000E+01  8.1409870218E-16 -9.3434026578E-15  1.8832541503E-14
  3.6331200000E+01  2.4845483132E-15 -1.0796761802E-14  1.9442118811E-14
  3.6540300000E+01  4.1135854679E-15 -1.2190492993E-14  1.9989736154E-14
  3.6750000000E+01  5.6978707405E-15 -1.3522406565E-14  2.0475570022E-14
  3.6960300000E+01  7.2342406265E-15 -1.4790505171E-14  2.0899928227E-14
  3.7171200000E+01  8.7197121856E-15 -1.5992984937E-14  2.1263246801E-14
  3.7382700000E+01  1.0151487165E-14 -1.7128236137E-14  2.1566086677E-14
  3.7594800000E+01  1.1526955601E-14 -1.8194843418E-14  2.1809130173E-14
  3.7807500000E+01  1.2843698904E-14 -1.9191585564E-14  2.1993177281E-14
  3.8020800000E+01  1.4099492418E-14 -2.0117434816E-14  2.2119141773E-14
  3.8234700000E+01  1.5292307467E-14 -2.0971555757E-14  2.2188047133E-14
  3.8449200000E+01  1.6420312884E-14 -2.1753303762E-14  2.2201022325E-14
  3.8664300000E+01  1.7481876030E-14 -2.2462223034E-14  2.2159297422E-14
  3.8880000000E+01  1.8475563311E-14 -2.3098044233E-14  2.2064199076E-14
  3.9096300000E+01  1.9400140197E-14 -2.3660681707E-14  2.1917145872E-14
  3.9313200000E+01  2.0254570746E-14 -2.4150230339E-14  2.1719643564E-14
  3.9530700000E+01  2.1038016655E-14 -2.4566962025E-14  2.1473280195E-14
  3.9748800000E+01  2.1749835837E-14 -2.4911321799E-14  2.1179721137E-14
  3.9967500000E+01  2.2389580533E-14 -2.5183923612E-14  2.0840704032E-14
  4.0186800000E+01  2.2956994986E-14 -2.5385545787E-14  2.0458033673E-14
  4.0406700000E+01  2.3452012669E-14 -2.5517126159E-14  2.0033576822E-14
  4.0627200000E+01  2.3874753104E-14 -2.5579756926E-14  1.9569256980E-14
  4.0848300000E+01  2.4225518258E-14 -2.5574679218E-14  1.9067049117E-14
  4.1070000000E+01  2.4504788561E-14 -2.5503277406E-14  1.8528974383E-14
  4.1292300000E+01  2.4713218545E-14 -2.5367073165E-14  1.7957094803E-14
  4.1515200000E+01  2.4851632116E-14 -2.5167719315E-14  1.7353507970E-14
  4.1738700000E+01  2.4921017494E-14 -2.4906993449E-14  1.6720341745E-14
  4.1962800000E+01  2.4922521822E-14 -2.4586791371E-14  1.6059748984E-14
  4.2187500000E+01  2.4857445475E-14 -2.4209120369E-14  1.5373902292E-14
  4.2412800000E+01  2.4727236078E-14 -2.3776092324E-14  1.4664988817E-14
  4.2638700000E+01  2.4533482257E-14 -2.3289916694E-14  1.3935205103E-14
  4.2865200000E+01  2.4277907140E-14 -2.2752893375E-14  1.3186752001E-14
  4.3092300000E+01  2.3962361638E-14 -2.2167405468E-14  1.2421829656E-14
  4.3320000000E+01  2.3588817510E-14 -2.1535911969E-14  1.1642632576E-14
  4.3548300000E+01  2.3159360242E-14 -2.0860940392E-14  1.0851344794E-14
  4.3777200000E+01  2.2676181760E-14 -2.0145079357E-14  1.0050135127E-14
  4.4006700000E+01  2.2141573002E-14 -1.9390971150E-14  9.2411525567E-15
  4.4236800000E+01  2.1557916353E-14 -1.8601304282E-14  8.4265217166E-15
  4.4467500000E+01  2.0927677988E-14 -1.7778806052E-14  7.6083385132E-15
  4.4698800000E+01  2.0253400120E-14 -1.6926235152E-14  6.7886658801E-15
  4.4930700000E+01  1.9537693196E-14 -1.6046374306E-14  5.9695296749E-15
  4.5163200000E+01  1.8783228036E-14 -1.5142022982E-14  5.1529147246E-15
  4.5396300000E+01  1.7992727962E-14 -1.4215990180E-14  4.3407610271E-15
  4.5630000000E+01  1.7168960917E-14 -1.3271087318E-14  3.5349601144E-15
  4.5864300000E+01  1.6314731604E-14 -1.2310121229E-14  2.7373515834E-15
  4.6099200000E+01  1.5432873659E-14 -1.1335887284E-14  1.9497197992E-15
  4.6334700000E+01  1.4526241882E-14 -1.0351162660E-14  1.1737907768E-15
  4.6570800000E+01  1.3597704539E-14 -9.3586997587E-15  4.1122924368E-16
  4.6807500000E+01  1.2650135759E-14 -8.3612197993E-15 -3.3636411076E-16
  4.7044800000E+01  1.1686408037E-14 -7.3614065887E-15 -1.0674551970E-15
  4.7282700000E+01  1.0709384868E-14 -6.3619004889E-15 -1.7805788946E-15
  4.7521200000E+01  9.7219135193E-15 -5.3652925884E-15 -2.4743412268E-15
  4.7760300000E+01  8.7268179681E-15 -4.3741190912E-15 -3.1474213378E-15
  4.8000000000E+01  7.7268920074E-15 -3.3908559324E-15 -3.7985732721E-15
  4.8240300000E+01  6.7248925448E-15 -2.4179136300E-15 -4.4266275537E-15
  4.8481200000E+01  5.7235331037E-15 -1.4576323829E-15 -5.0304925653E-15
  4.8722700000E+01  4.7254775398E-15 -5.1227742181E-16 -5.6091557269E-15
  4.8964800000E+01  3.7333339876E-15  4.1596537875E-16 -6.1616844740E-15
  4.9207500000E+01  2.7496490469E-15  1.3249936205E-15 -6.6872270367E-15
  4.9450800000E+01  1.7769022206E-15  2.2127922281E-15 -7.1850130194E-15
  4.9694700000E+01  8.1750061507E-16  3.0774370166E-15 -7.6543537846E-15
  4.9939200000E+01 -1.2622608933E-16  3.9170979761E-15 -8.0946426414E-15
  5.0184300000E+01 -1.0520303873E-15  4.7300422688E-15 -8.5053548408E-15
  5.0430000000E+01 -1.9577514106E-15  5.5146369367E-15 -8.8860473826E-15
  5.0676300000E+01 -2.8413190957E-15  6.2693513163E-15 -9.2363586345E-15
  5.0923200000E+01 -3.7007580509E-15  6.9927591603E-15 -9.5560077687E-15
  5.1170700000E+01 -4.5341911181E-15  7.6835404644E-15 -9.8447940198E-15
  5.1418800000E+01 -5.3398426240E-15  8.3404829999E-15 -1.0102595768E-14
  5.1667500000E+01 -6.1160413188E-15  8.9624835525E-15 -1.0329369450E-14
  5.1916800000E+01 -6.8612229978E-15  9.5485488685E-15 -1.0525148311E-14
  5.2166700000E+01 -7.5739328053E-15  1.0097796311E-14 -1.0690040986E-14
  5.2417200000E+01 -8.2528272196E-15  1.0609454230E-14 -1.0824229941E-14
  5.2668300000E+01 -8.8966757182E-15  1.1082862043E-14 -1.0927969750E-14
  5.2920000000E+01 -9.5043621252E-15  1.1517470045E-14 -1.1001585246E-14
  5.3172300000E+01 -1.0074885641E-14  1.1912838935E-14 -1.1045469522E-14
  5.3425200000E+01 -1.0607361556E-14  1.2268639077E-14 -1.1060081812E-14
  5.3678700000E+01 -1.1101021654E-14  1.2584649492E-14 -1.1045945245E-14
  5.3932800000E+01 -1.1555214307E-14  1.2860756602E-14 -1.1003644485E-14
  5.4187500000E+01 -1.1969404264E-14  1.3096952714E-14 -1.0933823263E-14
  5.4442800000E+01 -1.2343172144E-14  1.3293334266E-14 -1.0837181806E-14
  5.4698700000E+01 -1.2676213632E-14  1.3450099835E-14 -1.0714474175E-14
  5.4955200000E+01 -1.2968338395E-14  1.3567547924E-14 -1.0566505518E-14
  5.5212300000E+01 -1.3219468709E-14  1.3646074524E-14 -1.0394129240E-14
  5.5470000000E+01 -1.3429637825E-14  1.3686170477E-14 -1.0198244107E-14
  5.5728300000E+01 -1.3598988067E-14  1.3688418629E-14 -9.9797912850E-15
  5.5987200000E+01 -1.3727768670E-14  1.3653490807E-14 -9.7397513267E-15
  5.6246700000E+01 -1.3816333384E-14  1.3582144608E-14 -9.4791411089E-15
  5.6506800000E+01 -1.3865137833E-14  1.3475220028E-14 -9.1990107328E-15
  5.6767500000E+01 -1.3874736656E-14  1.3333635931E-14 -8.9004403917E-15
  5.7028800000E+01 -1.3845780431E-14  1.3158386375E-14 -8.5845372170E-15
  5.7290700000E+01 -1.3779012395E-14  1.2950536798E-14 -8.2524321084E-15
  5.7553200000E+01 -1.3675264975E-14  1.2711220094E-14 -7.9052765560E-15
  5.7816300000E+01 -1.3535456136E-14  1.2441632568E-14 -7.5442394634E-15
  5.8080000000E+01 -1.3360585571E-14  1.2143029798E-14 -7.1705039779E-15
  5.8344300000E+01 -1.3151730721E-14  1.1816722404E-14 -6.7852643356E-15
  5.8609200000E+01 -1.2910042665E-14  1.1464071756E-14 -6.3897227299E-15
  5.8874700000E+01 -1.2636741876E-14  1.1086485600E-14 -5.9850862082E-15
  5.9140800000E+01 -1.2333113860E-14  1.0685413653E-14 -5.5725636064E-15
  5.9407500000E+01 -1.2000504692E-14  1.0262343142E-14 -5.1533625260E-15
  5.9674800000E+01 -1.1640316462E-14  9.8187943293E-15 -4.7286863615E-15
  5.9942700000E+01 -1.1254002644E-14  9.3563160151E-15 -4.2997313846E-15
  6.0211200000E+01 -1.0843063397E-14  8.8764810389E-15 -3.8676838900E-15
  6.0480300000E+01 -1.0409040827E-14  8.3808817885E-15 -3.4337174111E-15
  6.0750000000E+01 -9.9535141908E-15  7.8711257290E-15 -2.9989900088E-15
  6.1020300000E+01 -9.4780950991E-15  7.3488309605E-15 -2.5646416411E-15
  6.1291200000E+01 -8.9844226886E-15  6.8156218190E-15 -2.1317916172E-15
  6.1562700000E+01 -8.4741588059E-15  6.2731245271E-15 -1.7015361413E-15
  6.1834800000E+01 -7.9489832008E-15  5.7229629083E-15 -1.2749459517E-15
  6.2107500000E+01 -7.4105887469E-15  5.1667541726E-15 -8.5306405816E-16
  6.2380800000E+01 -6.8606767001E-15  4.6061047844E-15 -4.3690358295E-16
  6.2654700000E+01 -6.3009520068E-15  4.0426064210E-15 -2.7445707958E-17
  6.2929200000E+01 -5.7331186744E-15  3.4778320319E-15  3.7436226726E-16
  6.3204300000E+01 -5.1588752133E-15  2.9133320070E-15  7.6760875438E-16
  6.3480000000E+01 -4.5799101645E-15  2.3506304607E-15  1.1514195888E-15
  6.3756300000E+01 -3.9978977192E-15  1.7912216425E-15  1.5249596236E-15
  6.4033200000E+01 -3.4144934447E-15  1.2365664785E-15  1.8874342019E-15
  6.4310700000E+01 -2.8313301232E-15  6.8808925306E-16  2.2380905073E-15
  6.4588800000E+01 -2.2500137140E-15  1.4717443525E-16  2.5762187893E-15
  6.4867500000E+01 -1.6721194490E-15 -3.8483634214E-16  2.9011534628E-15
  6.5146800000E+01 -1.0991880668E-15 -9.0664714669E-16  3.2122740819E-15
  6.5426700000E+01 -5.3272219734E-16 -1.4170104480E-15  3.5090061860E-15
  6.5707200000E+01  2.5817099264E-17 -1.9147296521E-15  3.7908220187E-15
  6.5988300000E+01  5.7501363036E-16 -2.3986614652E-15  4.0572411188E-15
  6.6270000000E+01  1.1134991996E-15 -2.8677180820E-15  4.3078307851E-15
  6.6552300000E+01  1.6399565611E-15 -3.3208691966E-15  4.5422064145E-15
  6.6835200000E+01  2.1531221928E-15 -3.7571438328E-15  4.7600317141E-15
  6.7118700000E+01  2.6517888860E-15 -4.1756319915E-15  4.9610187902E-15
  6.7402800000E+01  3.1348081447E-15 -4.5754861141E-15  5.1449281139E-15
  6.7687500000E+01  3.6010923933E-15 -4.9559223602E-15  5.3115683660E-15
  6.7972800000E+01  4.0496169872E-15 -5.3162216996E-15  5.4607961634E-15
  6.8258700000E+01  4.4794220268E-15 -5.6557308171E-15  5.5925156689E-15
  6.8545200000E+01  4.8896139694E-15 -5.9738628329E-15  5.7066780875E-15
  6.8832300000E+01  5.2793670411E-15 -6.2700978360E-15  5.8032810515E-15
  6.9120000000E+01  5.6479244446E-15 -6.5439832356E-15  5.8823678977E-15
  6.9408300000E+01  5.9945993653E-15 -6.7951339286E-15  5.9440268408E-15
  6.9697200000E+01  6.3187757742E-15 -7.0232322882E-15  5.9883900447E-15
  6.9986700000E+01  6.6199090292E-15 -7.2280279744E-15  6.0156325977E-15
  7.0276800000E+01  6.8975262751E-15 -7.4093375709E-15  6.0259713934E-15
  7.0567500000E+01  7.1512266455E-15 -7.5670440499E-15  6.0196639229E-15
  7.0858800000E+01  7.3806812680E-15 -7.7010960705E-15  5.9970069818E-15
  7.1150700000E+01  7.5856330751E-15 -7.8115071137E-15  5.9583352973E-15
  7.1443200000E+01  7.7658964251E-15 -7.8983544596E-15  5.9040200781E-15
  7.1736300000E+01  7.9213565359E-15 -7.9617780101E-15  5.8344674941E-15
  7.2030000000E+01  8.0519687361E-15 -8.0019789643E-15  5.7501170892E-15
  7.2324300000E+01  8.1577575379E-15 -8.0192183504E-15  5.6514401325E-15
  7.2619200000E+01  8.2388155373E-15 -8.0138154213E-15  5.5389379134E-15
  7.2914700000E+01  8.2953021458E-15 -7.9861459195E-15  5.4131399842E-15
  7.3210800000E+01  8.3274421607E-15 -7.9366402168E-15  5.2746023574E-15
  7.3507500000E+01  8.3355241790E-15 -7.8657813374E-15  5.1239056615E-15
  7.3804800000E+01  8.3198988623E-15 -7.7741028693E-15  4.9616532608E-15
  7.4102700000E+01  8.2809770584E-15 -7.6621867723E-15  4.7884693440E-15
  7.4401200000E+01  8.2192277875E-15 -7.5306610892E-15  4.6049969888E-15
  7.4700300000E+01  8.1351761001E-15 -7.3801975673E-15  4.4118962043E-15
  7.5000000000E+01  8.0294008133E-15 -7.2115091991E-15  4.2098419605E-15
  7.5300300000E+01  7.9025321345E-15 -7.0253476879E-15  3.9995222065E-15
  7.5601200000E+01  7.7552491803E-15 -6.8225008471E-15  3.7816358847E-15
  7.5902700000E+01  7.5882773969E-15 -6.6037899416E-15  3.5568909456E-15
  7.6204800000E+01  7.4023858933E-15 -6.3700669772E-15  3.3260023679E-15
  7.6507500000E+01  7.1983846929E-15 -6.1222119474E-15  3.0896901893E-15
  7.6810800000E+01  6.9771219140E-15 -5.8611300458E-15  2.8486775522E-15
  7.7114700000E+01  6.7394808862E-15 -5.5877488500E-15  2.6036887701E-15
  7.7419200000E+01  6.4863772129E-15 -5.3030154867E-15  2.3554474185E-15
  7.7724300000E+01  6.2187557870E-15 -5.0078937852E-15  2.1046744548E-15
  7.8030000000E+01  5.9375877696E-15 -4.7033614262E-15  1.8520863725E-15
  7.8336300000E+01  5.6438675404E-15 -4.3904070951E-15  1.5983933930E-15
  7.8643200000E+01  5.3386096270E-15 -4.0700276454E-15  1.3442976992E-15
  7.8950700000E+01  5.0228456235E-15 -3.7432252812E-15  1.0904917154E-15
  7.9258800000E+01  4.6976211057E-15 -3.4110047652E-15  8.3765643724E-16
  7.9567500000E+01  4.3639925519E-15 -3.0743706592E-15  5.8645981431E-16
  7.9876800000E+01  4.0230242764E-15 -2.7343246041E-15  3.3755519003E-16
  8.0186700000E+01  3.6757853858E-15 -2.3918626468E-15  9.1579801495E-17
  8.0497200000E+01  3.3233467640E-15 -2.0479726190E-15 -1.5084665776E-16
  8.0808300000E+01  2.9667780952E-15 -1.7036315756E-15 -3.8912340900E-16
  8.1120000000E+01  2.6071449308E-15 -1.3598032975E-15 -6.2266989100E-16
  8.1432300000E+01  2.2455058098E-15 -1.0174358658E-15 -8.5092699189E-16
  8.1745200000E+01  1.8829094372E-15 -6.7745931162E-16 -1.0733582077E-15
  8.2058700000E+01  1.5203919297E-15 -3.4078334802E-16 -1.2894507258E-15
  8.2372800000E+01  1.1589741329E-15 -8.2951876158E-18 -1.4987164315E-15
  8.2687500000E+01  7.9965901882E-16  3.1914254814E-16 -1.7006928358E-15
  8.3002800000E+01  4.4342916716E-16  6.4069382457E-16 -1.8949439237E-15
  8.3318700000E+01  9.1244338078E-17  9.5555108989E-16 -2.0810609213E-15
  8.3635200000E+01 -2.5596085940E-16  1.2629370681E-15 -2.2586629809E-15
  8.3952300000E+01 -5.9727919770E-16  1.5621064454E-15 -2.4273977839E-15
  8.4270000000E+01 -9.3183295535E-16  1.8523474469E-15 -2.5869420603E-15
  8.4588300000E+01 -1.2587759314E-15  2.1329833008E-15 -2.7370020253E-15
  8.4907200000E+01 -1.5772953458E-15  2.4033735881E-15 -2.8773137323E-15
  8.5226700000E+01 -1.8866136219E-15  2.6629154752E-15 -3.0076433431E-15
  8.5546800000E+01 -2.1859900477E-15  2.9110448278E-15 -3.1277873150E-15
  8.5867500000E+01 -2.4747223139E-15  3.1472372051E-15 -3.2375725065E-15
  8.6188800000E+01 -2.7521479242E-15  3.3710087325E-15 -3.3368562010E-15
  8.6510700000E+01 -3.0176454781E-15  3.5819168529E-15 -3.4255260508E-15
  8.6833200000E+01 -3.2706358226E-15  3.7795609555E-15 -3.5034999417E-15
  8.7156300000E+01 -3.5105830720E-15  3.9635828824E-15 -3.5707257801E-15
  8.7480000000E+01 -3.7369954953E-15  4.1336673133E-15 -3.6271812044E-15
  8.7804300000E+01 -3.9494262698E-15  4.2895420288E-15 -3.6728732211E-15
  8.8129200000E+01 -4.1474741002E-15  4.4309780528E-15 -3.7078377697E-15
  8.8454700000E+01 -4.3307837052E-15  4.5577896760E-15 -3.7321392164E-15
  8.8780800000E+01 -4.4990461694E-15  4.6698343616E-15 -3.7458697802E-15
  8.9107500000E+01 -4.6519991641E-15  4.7670125344E-15 -3.7491488931E-15
  8.9434800000E+01 -4.7894270350E-15  4.8492672571E-15 -3.7421224974E-15
  8.9762700000E+01 -4.9111607616E-15  4.9165837938E-15 -3.7249622822E-15
  9.0091200000E+01 -5.0170777872E-15  4.9689890655E-15 -3.6978648628E-15
  9.0420300000E+01 -5.1071017241E-15  5.0065509992E-15 -3.6610509044E-15
  9.0750000000E+01 -5.1812019340E-15  5.0293777745E-15 -3.6147641950E-15
  9.1080300000E+01 -5.2393929890E-15  5.0376169701E-15 -3.5592706688E-15
  9.1411200000E+01 -5.2817340136E-15  5.0314546153E-15 -3.4948573848E-15
  9.1742700000E+01 -5.3083279136E-15  5.0111141486E-15 -3.4218314627E-15
  9.2074800000E+01 -5.3193204929E-15  4.9768552887E-15 -3.3405189801E-15
  9.2407500000E+01 -5.3148994650E-15  4.9289728216E-15 -3.2512638345E-15
  9.2740800000E+01 -5.2952933599E-15  4.8677953083E-15 -3.1544265728E-15
  9.3074700000E+01 -5.2607703342E-15  4.7936837172E-15 -3.0503831926E-15
  9.3409200000E+01 -5.2116368860E-15  4.7070299867E-15 -2.9395239182E-15
  9.3744300000E+01 -5.1482364815E-15  4.6082555220E-15 -2.8222519559E-15
  9.4080000000E+01 -5.0709480968E-15  4.4978096317E-15 -2.6989822302E-15
  9.4416300000E+01 -4.9801846809E-15  4.3761679081E-15 -2.5701401067E-15
  9.4753200000E+01 -4.8763915442E-15  4.2438305580E-15 -2.4361601038E-15
  9.5090700000E+01 -4.7600446796E-15  4.1013206877E-15 -2.2974845970E-15
  9.5428800000E+01 -4.6316490190E-15  3.9491825484E-15 -2.1545625198E-15
  9.5767500000E+01 -4.4917366341E-15  3.7879797461E-15 -2.0078480642E-15
  9.6106800000E+01 -4.3408648837E-15  3.6182934228E-15 -1.8577993841E-15
  9.6446700000E+01 -4.1796145166E-15  3.4407204135E-15 -1.7048773059E-15
  9.6787200000E+01 -4.0085877331E-15  3.2558713841E-15 -1.5495440483E-15
  9.7128300000E+01 -3.8284062133E-15  3.0643689559E-15 -1.3922619558E-15
  9.7470000000E+01 -3.6397091158E-15  2.8668458221E-15 -1.2334922483E-15
  9.7812300000E+01 -3.4431510550E-15  2.6639428610E-15 -1.0736937899E-15
  9.8155200000E+01 -3.2394000605E-15  2.4563072518E-15 -9.1332188110E-16
  9.8498700000E+01 -3.0291355270E-15  2.2445905970E-15 -7.5282707497E-16
  9.8842800000E+01 -2.8130461581E-15  2.0294470581E-15 -5.9265402284E-16
  9.9187500000E+01 -2.5918279111E-15  1.8115315074E-15 -4.3324035019E-16
  9.9532800000E+01 -2.3661819483E-15  1.5914977029E-15 -2.7501556622E-16
  9.9878700000E+01 -2.1368126001E-15  1.3699964892E-15 -1.1840000945E-16
  1.0022520000E+02 -1.9044253458E-15  1.1476740301E-15  3.6196168336E-17
  1.0057230000E+02 -1.6697248164E-15  9.2517007681E-16  1.8837397767E-16
  1.0092000000E+02 -1.4334128267E-15  7.0311627645E-16  3.3774652422E-16
  1.0126830000E+02 -1.1961864392E-15  4.8213452415E-16  4.8393989711E-16
  1.0161720000E+02 -9.5873606661E-16  2.6283536382E-16  6.2659401073E-16
  1.0196670000E+02 -7.2174361768E-16  4.5816440439E-17  7.6536339859E-16
  1.0231680000E+02 -4.8588068949E-16 -1.6833899209E-16  8.9991795751E-16
  1.0266750000E+02 -2.5180681229E-16 -3.7906350430E-16  1.0299436408E-15
  1.0301880000E+02 -2.0167750106E-17 -5.8580686247E-16  1.1551430996E-15
  1.0337070000E+02  2.0840613856E-16 -7.8803733497E-16  1.2752362704E-15
  1.0372320000E+02  4.3330147611E-16 -9.8524293083E-16  1.3899609088E-15
  1.0407630000E+02  6.5392337383E-16 -1.1769325680E-15  1.4990730686E-15
  1.0443000000E+02  8.6969686913E-16 -1.3626371691E-15  1.6023475250E-15
  1.0478430000E+02  1.0800682888E-15 -1.5419106821E-15  1.6995781419E-15
  1.0513920000E+02  1.2845065356E-15 -1.7143310246E-15  1.7905781829E-15
  1.0549470000E+02  1.4825042955E-15 -1.8795009503E-15  1.8751805665E-15
  1.0585080000E+02  1.6735791628E-15 -2.0370488348E-15  1.9532380641E-15
  1.0620750000E+02  1.8572746820E-15 -2.1866293816E-15  2.0246234426E-15
  1.0656480000E+02  2.0331613037E-15 -2.3279242457E-15  2.0892295504E-15
  1.0692270000E+02  2.2008372525E-15 -2.4606425747E-15  2.1469693485E-15
  1.0728120000E+02  2.3599293075E-15 -2.5845214677E-15  2.1977758868E-15
  1.0764030000E+02  2.5100934919E-15 -2.6993263500E-15  2.2416022253E-15
  1.0800000000E+02  2.6510156728E-15 -2.8048512652E-15  2.2784213040E-15
  1.0836030000E+02  2.7824120690E-15 -2.9009190845E-15  2.3082257583E-15
  1.0872120000E+02  2.9040296688E-15 -2.9873816326E-15  2.3310276855E-15
  1.0908270000E+02  3.0156465545E-15 -3.0641197329E-15  2.3468583595E-15
  1.0944480000E+02  3.1170721373E-15 -3.1310431706E-15  2.3557678986E-15
  1.0980750000E+02  3.2081473001E-15 -3.1880905766E-15  2.3578248855E-15
  1.1017080000E+02  3.2887444512E-15 -3.2352292327E-15  2.3531159418E-15
  1.1053470000E+02  3.3587674882E-15 -3.2724547993E-15  2.3417452597E-15
  1.1089920000E+02  3.4181516741E-15 -3.2997909680E-15  2.3238340906E-15
  1.1126430000E+02  3.4668634267E-15 -3.3172890406E-15  2.2995201948E-15
  1.1163000000E+02  3.5049000239E-15 -3.3250274365E-15  2.2689572525E-15
  1.1199630000E+02  3.5322892243E-15 -3.3231111309E-15  2.2323142389E-15
  1.1236320000E+02  3.5490888084E-15 -3.3116710259E-15  2.1897747656E-15
  1.1273070000E+02  3.5553860402E-15 -3.2908632578E-15  2.1415363903E-15
  1.1309880000E+02  3.5512970526E-15 -3.2608684418E-15  2.0878098969E-15
  1.1346750000E+02  3.5369661592E-15 -3.2218908590E-15  2.0288185485E-15
  1.1383680000E+02  3.5125650952E-15 -3.1741575866E-15  1.9647973161E-15
  1.1420670000E+02  3.4782921905E-15 -3.1179175755E-15  1.8959920838E-15
  1.1457720000E+02  3.4343714779E-15 -3.0534406790E-15  1.8226588353E-15
  1.1494830000E+02  3.3810517398E-15 -2.9810166340E-15  1.7450628219E-15
  1.1532000000E+02  3.3186054968E-15 -2.9009540001E-15  1.6634777158E-15
  1.1569230000E+02  3.2473279419E-15 -2.8135790589E-15  1.5781847508E-15
  1.1606520000E+02  3.1675358237E-15 -2.7192346773E-15  1.4894718529E-15
  1.1643870000E+02  3.0795662819E-15 -2.6182791383E-15  1.3976327630E-15
  1.1681280000E+02  2.9837756400E-15 -2.5110849432E-15  1.3029661547E-15
  1.1718750000E+02  2.8805381586E-15 -2.3980375885E-15  1.2057747492E-15
  1.1756280000E+02  2.7702447524E-15 -2.2795343216E-15  1.1063644300E-15
  1.1793870000E+02  2.6533016763E-15 -2.1559828783E-15  1.0050433597E-15
  1.1831520000E+02  2.5301291841E-15 -2.0278002069E-15  9.0212110121E-16
  1.1869230000E+02  2.4011601632E-15 -1.8954111811E-15  7.9790774596E-16
  1.1907000000E+02  2.2668387507E-15 -1.7592473074E-15  6.9271305100E-16
  1.1944830000E+02  2.1276189340E-15 -1.6197454285E-15  5.8684558767E-16
  1.1982720000E+02  1.9839631399E-15 -1.4773464280E-15  4.8061190364E-16
  1.2020670000E+02  1.8363408181E-15 -1.3324939391E-15  3.7431570071E-16
  1.2058680000E+02  1.6852270200E-15 -1.1856330612E-15  2.6825703029E-16
  1.2096750000E+02  1.5311009798E-15 -1.0372090875E-15  1.6273150856E-16
  1.2134880000E+02  1.3744447004E-15 -8.8766624783E-16  5.8029553286E-17
  1.2173070000E+02  1.2157415481E-15 -7.3744646895E-16 -4.5564356026E-17
  1.2211320000E+02  1.0554748602E-15 -5.8698815625E-16 -1.4777239269E-16
  1.2249630000E+02  8.9412656941E-16 -4.3672499995E-16 -2.4832407065E-16
  1.2288000000E+02  7.3217584806E-16 -2.8708480853E-16 -3.4695690386E-16
  1.2326430000E+02  5.7009777667E-16 -1.3848837263E-16 -4.4341703581E-16
  1.2364920000E+02  4.0836203944E-16  8.6516379832E-18 -5.3745983782E-16
  1.2403470000E+02  2.4743165058E-16  1.5393174156E-16 -6.2885047485E-16
  1.2442080000E+02  8.7761714449E-17  2.9695867316E-16 -7.1736443753E-16
  1.2480750000E+02 -7.0201777286E-17  4.3735037262E-16 -8.0278803965E-16
  1.2519480000E+02 -2.2602310859E-16  5.7473692938E-16 -8.8491887971E-16
  1.2558270000E+02 -3.7927795923E-16  7.0876148220E-16 -9.6356626613E-16
  1.2597120000E+02 -5.2955447955E-16  8.3908107152E-16 -1.0385516050E-15
  1.2636030000E+02 -6.7645431729E-16  9.6536744287E-16 -1.1097087502E-15
  1.2675000000E+02 -8.1959359425E-16  1.0873077995E-15 -1.1768843146E-15
  1.2714030000E+02 -9.5860383039E-16  1.2046055030E-15 -1.2399379427E-15
  1.2753120000E+02 -1.0931328136E-15  1.3169807196E-15 -1.2987425444E-15
  1.2792270000E+02 -1.2228454132E-15  1.4241710127E-15 -1.3531844887E-15
  1.2831480000E+02 -1.3474243355E-15  1.5259318792E-15 -1.4031637587E-15
  1.2870750000E+02 -1.4665708199E-15  1.6220372284E-15 -1.4485940668E-15
  1.2910080000E+02 -1.5800052747E-15  1.7122798047E-15 -1.4894029305E-15
  1.2949470000E+02 -1.6874678503E-15  1.7964715520E-15 -1.5255317097E-15
  1.2988920000E+02 -1.7887189511E-15  1.8744439192E-15 -1.5569356050E-15
  1.3028430000E+02 -1.8835396824E-15  1.9460481085E-15 -1.5835836174E-15
  1.3068000000E+02 -1.9717322345E-15  2.0111552641E-15 -1.6054584710E-15
  1.3107630000E+02 -2.0531202021E-15  2.0696566031E-15 -1.6225564983E-15
  1.3147320000E+02 -2.1275488391E-15  2.1214634884E-15 -1.6348874890E-15
  1.3187070000E+02 -2.1948852492E-15  2.1665074439E-15 -1.6424745036E-15
  1.3226880000E+02 -2.2550185119E-15  2.2047401127E-15 -1.6453536524E-15
  1.3266750000E+02 -2.3078597448E-15  2.2361331592E-15 -1.6435738406E-15
  1.3306680000E+02 -2.3533421024E-15  2.2606781155E-15 -1.6371964816E-15
  1.3346670000E+02 -2.3914207124E-15  2.2783861744E-15 -1.6262951778E-15
  1.3386720000E+02 -2.4220725502E-15  2.2892879286E-15 -1.6109553725E-15
  1.3426830000E+02 -2.4452962526E-15  2.2934330581E-15 -1.5912739723E-15
  1.3467000000E+02 -2.4611118715E-15  2.2908899683E-15 -1.5673589423E-15
  1.3507230000E+02 -2.4695605709E-15  2.2817453778E-15 -1.5393288748E-15
  1.3547520000E+02 -2.4707042655E-15  2.2661038611E-15 -1.5073125342E-15
  1.3587870000E+02 -2.4646252053E-15  2.2440873444E-15 -1.4714483784E-15
  1.3628280000E+02 -2.4514255071E-15  2.2158345594E-15 -1.4318840589E-15
  1.3668750000E+02 -2.4312266340E-15  2.1815004551E-15 -1.3887759006E-15
  1.3709280000E+02 -2.4041688265E-15  2.1412555707E-15 -1.3422883645E-15
  1.3749870000E+02 -2.3704104859E-15  2.0952853715E-15 -1.2925934929E-15
  1.3790520000E+02 -2.3301275132E-15  2.0437895505E-15 -1.2398703399E-15
  1.3831230000E+02 -2.2835126051E-15  1.9869812972E-15 -1.1843043900E-15
  1.3872000000E+02 -2.2307745111E-15  1.9250865366E-15 -1.1260869637E-15
  1.3912830000E+02 -2.1721372519E-15  1.8583431409E-15 -1.0654146150E-15
  1.3953720000E+02 -2.1078393037E-15  1.7870001164E-15 -1.0024885203E-15
  1.3994670000E+02 -2.0381327507E-15  1.7113167676E-15 -9.3751386188E-16
  1.4035680000E+02 -1.9632824070E-15  1.6315618421E-15 -8.7069920695E-16
  1.4076750000E+02 -1.8835649136E-15  1.5480126578E-15 -8.0225588402E-16
  1.4117880000E+02 -1.7992678106E-15  1.4609542161E-15 -7.3239735905E-16
  1.4159070000E+02 -1.7106885888E-15  1.3706783033E-15 -6.6133861234E-16
  1.4200320000E+02 -1.6181337241E-15  1.2774825818E-15 -5.8929551833E-16
  1.4241630000E+02 -1.5219176959E-15  1.1816696767E-15 -5.1648422974E-16
  1.4283000000E+02 -1.4223619944E-15  1.0835462562E-15 -4.4312056794E-16
  1.4324430000E+02 -1.3197941186E-15  9.8342211302E-16 -3.6941942098E-16
  1.4365920000E+02 -1.2145465680E-15  8.8160924548E-16 -2.9559415092E-16
  1.4407470000E+02 -1.1069558315E-15  7.7842094337E-16 -2.2185601210E-16
  1.4449080000E+02 -9.9736137571E-16  6.7417088008E-16 -1.4841358169E-16
  1.4490750000E+02 -8.8610463646E-16  5.6917221367E-16 -7.5472204049E-17
  1.4532480000E+02 -7.7352801500E-16  4.6373669932E-16 -3.2334503330E-18
  1.4574270000E+02 -6.5997388307E-16  3.5817381566E-16  6.8105405455E-17
  1.4616120000E+02 -5.4578359875E-16  2.5278990702E-16  1.3835189256E-16
  1.4658030000E+02 -4.3129653604E-16  1.4788734418E-16  2.0731883055E-16
  1.4700000000E+02 -3.1684913070E-16  4.3763705503E-17  2.7482479630E-16
  1.4742030000E+02 -2.0277394501E-16 -5.9289019275E-17  3.4069456963E-16
  1.4784120000E+02 -8.9398753704E-17 -1.6098520069E-16  4.0475955680E-16
  1.4826270000E+02  2.2954346304E-17 -2.6104631467E-16  4.6685819071E-16
  1.4868480000E+02  1.3396980033E-16 -3.5920165934E-16  5.2683630718E-16
  1.4910750000E+02  2.4333943215E-16 -4.5518904174E-16  5.8454749626E-16
  1.4953080000E+02  3.5076325007E-16 -5.4875543298E-16  6.3985342808E-16
  1.4995470000E+02  4.5595022077E-16 -6.3965759005E-16  6.9262415248E-16
  1.5037920000E+02  5.5861900911E-16 -7.2766264326E-16  7.4273837192E-16
  1.5080430000E+02  6.5849868219E-16 -8.1254864761E-16  7.9008368717E-16
  1.5123000000E+02  7.5532937595E-16 -8.9410509727E-16  8.3455681542E-16
  1.5165630000E+02  8.4886292292E-16 -9.7213340186E-16  8.7606378045E-16
  1.5208320000E+02  9.3886343960E-16 -1.0464473238E-15  9.1452007467E-16
  1.5251070000E+02  1.0251078724E-15 -1.1168733754E-15  9.4985079284E-16
  1.5293880000E+02  1.1073865010E-15 -1.1832511765E-15  9.8199073746E-16
  1.5336750000E+02  1.1855033975E-15 -1.2454337690E-15  1.0108844957E-15
  1.5379680000E+02  1.2592768424E-15 -1.3032878919E-15  1.0364864883E-15
  1.5422670000E+02  1.3285396938E-15 -1.3566942133E-15  1.0587609900E-15
  1.5465720000E+02  1.3931397118E-15 -1.4055475200E-15  1.0776821223E-15
  1.5508830000E+02  1.4529398368E-15 -1.4497568657E-15  1.0932338188E-15
  1.5552000000E+02  1.5078184204E-15 -1.4892456763E-15  1.1054097629E-15
  1.5595230000E+02  1.5576694108E-15 -1.5239518135E-15  1.1142132995E-15
  1.5638520000E+02  1.6024024901E-15 -1.5538275966E-15  1.1196573198E-15
  1.5681870000E+02  1.6419431667E-15 -1.5788397826E-15  1.1217641211E-15
  1.5725280000E+02  1.6762328191E-15 -1.5989695056E-15  1.1205652410E-15
  1.5768750000E+02  1.7052286962E-15 -1.6142121756E-15  1.1161012684E-15
  1.5812280000E+02  1.7289038695E-15 -1.6245773383E-15  1.1084216300E-15
  1.5855870000E+02  1.7472471424E-15 -1.6300884953E-15  1.0975843548E-15
  1.5899520000E+02  1.7602629143E-15 -1.6307828870E-15  1.0836558171E-15
  1.5943230000E+02  1.7679710013E-15 -1.6267112380E-15  1.0667104584E-15
  1.5987000000E+02  1.7704064146E-15 -1.6179374678E-15  1.0468304893E-15
  1.6030830000E+02  1.7676190981E-15 -1.6045383655E-15  1.0241055737E-15
  1.6074720000E+02  1.7596736251E-15 -1.5866032325E-15  9.9863249424E-16
  1.6118670000E+02  1.7466488564E-15 -1.5642334923E-15  9.7051480190E-16
  1.6162680000E+02  1.7286375612E-15 -1.5375422705E-15  9.3986245017E-16
  1.6206750000E+02  1.7057460017E-15 -1.5066539453E-15  9.0679141484E-16
  1.6250880000E+02  1.6780934830E-15 -1.4717036711E-15  8.7142330108E-16
  1.6295070000E+02  1.6458118709E-15 -1.4328368756E-15  8.3388493860E-16
  1.6339320000E+02  1.6090450782E-15 -1.3902087337E-15  7.9430796648E-16
  1.6383630000E+02  1.5679485213E-15 -1.3439836183E-15  7.5282840878E-16
  1.6428000000E+02  1.5226885504E-15 -1.2943345312E-15  7.0958624218E-16
  1.6472430000E+02  1.4734418529E-15 -1.2414425146E-15  6.6472495709E-16
  1.6516920000E+02  1.4203948343E-15 -1.1854960463E-15  6.1839111339E-16
  1.6561470000E+02  1.3637429773E-15 -1.1266904199E-15  5.7073389219E-16
  1.6606080000E+02  1.3036901808E-15 -1.0652271117E-15  5.2190464485E-16
  1.6650750000E+02  1.2404480824E-15 -1.0013131366E-15  4.7205644061E-16
  1.6695480000E+02  1.1742353649E-15 -9.3516039505E-16  4.2134361403E-16
  1.6740270000E+02  1.1052770505E-15 -8.6698501228E-16  3.6992131364E-16
  1.6785120000E+02  1.0338037826E-15 -7.9700667303E-16  3.1794505294E-16
  1.6830030000E+02  9.6005110091E-16 -7.2544795235E-16  2.6557026500E-16
  1.6875000000E+02  8.8425870762E-16 -6.5253364528E-16  2.1295186196E-16
  1.6920030000E+02  8.0666973092E-16 -5.7849009711E-16  1.6024380056E-16
  1.6965120000E+02  7.2752998526E-16 -5.0354453607E-16  1.0759865478E-16
  1.7010270000E+02  6.4708723175E-16 -4.2792441030E-16  5.5167196917E-17
  1.7055480000E+02  5.6559044044E-16 -3.5185673111E-16  3.0979880047E-18
  1.7100750000E+02  4.8328905677E-16 -2.7556742417E-16 -4.8463021300E-17
  1.7146080000E+02  4.0043227402E-16 -1.9928069044E-16 -9.9372878309E-17
  1.7191470000E+02  3.1726831397E-16 -1.2321837863E-16 -1.4949200345E-16
  1.7236920000E+02  2.3404371771E-16 -4.7599370809E-17 -1.9868455203E-16
  1.7282430000E+02  1.5100264847E-16  2.7361017228E-17 -2.4681876170E-16
  1.7328000000E+02  6.8386208423E-17  1.0145161926E-16 -2.9376728484E-16
  1.7373630000E+02 -1.3568228746E-17  1.7446598406E-16 -3.3940750503E-16
  1.7419320000E+02 -9.4627667751E-17  2.4620292162E-16 -3.8362183690E-16
  1.7465070000E+02 -1.7456412239E-16  3.1646702865E-16 -4.2629800869E-16
  1.7510880000E+02 -2.5315522542E-16  3.8506919223E-16 -4.6732932685E-16
  1.7556750000E+02 -3.3018481599E-16  4.5182707028E-16 -5.0661492222E-16
  1.7602680000E+02 -4.0544350334E-16  5.1656554771E-16 -5.4405997710E-16
  1.7648670000E+02 -4.7872920514E-16  5.7911716730E-16 -5.7957593299E-16
  1.7694720000E+02 -5.4984765939E-16  6.3932253421E-16 -6.1308067840E-16
  1.7740830000E+02 -6.1861290862E-16  6.9703069327E-16 -6.4449871650E-16
  1.7787000000E+02 -6.8484775513E-16  7.5209947826E-16 -6.7376131239E-16
  1.7833230000E+02 -7.4838418647E-16  8.0439583244E-16 -7.0080661961E-16
  1.7879520000E+02 -8.0906377009E-16  8.5379609977E-16 -7.2557978592E-16
  1.7925870000E+02 -8.6673801634E-16  9.0018628608E-16 -7.4803303815E-16
  1.7972280000E+02 -9.2126870913E-16  9.4346229001E-16 -7.6812574609E-16
  1.8018750000E+02 -9.7252820364E-16  9.8353010320E-16 -7.8582446551E-16
  1.8065280000E+02 -1.0203996904E-15  1.0203059794E-15 -8.0110296036E-16
  1.8111870000E+02 -1.0647774257E-15  1.0537165725E-15 -8.1394220424E-16
  1.8158520000E+02 -1.1055669272E-15  1.0836990435E-15 -8.2433036145E-16
  1.8205230000E+02 -1.1426851356E-15  1.1102011355E-15 -8.3226274780E-16
  1.8252000000E+02 -1.1760605414E-15  1.1331812186E-15 -8.3774177144E-16
  1.8298830000E+02 -1.2056332771E-15  1.1526083029E-15 -8.4077685426E-16
  1.8345720000E+02 -1.2313551746E-15  1.1684620213E-15 -8.4138433406E-16
  1.8392670000E+02 -1.2531897886E-15  1.1807325817E-15 -8.3958734804E-16
  1.8439680000E+02 -1.2711123852E-15  1.1894206896E-15 -8.3541569823E-16
  1.8486750000E+02 -1.2851098978E-15  1.1945374405E-15 -8.2890569918E-16
  1.8533880000E+02 -1.2951808486E-15  1.1961041845E-15 -8.2010000877E-16
  1.8581070000E+02 -1.3013352378E-15  1.1941523621E-15 -8.0904744258E-16
  1.8628320000E+02 -1.3035944007E-15  1.1887233128E-15 -7.9580277268E-16
  1.8675630000E+02 -1.3019908335E-15  1.1798680569E-15 -7.8042651133E-16
  1.8723000000E+02 -1.2965679882E-15  1.1676470518E-15 -7.6298468066E-16
  1.8770430000E+02 -1.2873800382E-15  1.1521299238E-15 -7.4354856882E-16
  1.8817920000E+02 -1.2744916143E-15  1.1333951754E-15 -7.2219447364E-16
  1.8865470000E+02 -1.2579775146E-15  1.1115298706E-15 -6.9900343444E-16
  1.8913080000E+02 -1.2379223857E-15  1.0866292985E-15 -6.7406095315E-16
  1.8960750000E+02 -1.2144203805E-15  1.0587966162E-15 -6.4745670531E-16
  1.9008480000E+02 -1.1875747906E-15  1.0281424726E-15 -6.1928424211E-16
  1.9056270000E+02 -1.1574976558E-15  9.9478461509E-16 -5.8964068432E-16
  1.9104120000E+02 -1.1243093528E-15  9.5884747825E-16 -5.5862640895E-16
  1.9152030000E+02 -1.0881381631E-15  9.2046175848E-16 -5.2634472985E-16
  1.9200000000E+02 -1.0491198224E-15  8.7976397412E-16 -4.9290157292E-16
  1.9248030000E+02 -1.0073970527E-15  8.3689601330E-16 -4.5840514716E-16
  1.9296120000E+02 -9.6311907905E-16  7.9200467055E-16 -4.2296561231E-16
  1.9344270000E+02 -9.1644113125E-16  7.4524117394E-16 -3.8669474426E-16
  1.9392480000E+02 -8.6752393398E-16  6.9676070388E-16 -3.4970559907E-16
  1.9440750000E+02 -8.1653318526E-16  6.4672190524E-16 -3.1211217653E-16
  1.9489080000E+02 -7.6363902573E-16  5.9528639421E-16 -2.7402908446E-16
  1.9537470000E+02 -7.0901550009E-16  5.4261826130E-16 -2.3557120431E-16
  1.9585920000E+02 -6.5284001252E-16  4.8888357205E-16 -1.9685335941E-16
  1.9634430000E+02 -5.9529277739E-16  4.3424986683E-16 -1.5798998648E-16
  1.9683000000E+02 -5.3655626726E-16  3.7888566119E-16 -1.1909481141E-16
  1.9731630000E+02 -4.7681465951E-16  3.2295994818E-16 -8.0280530265E-17
  1.9780320000E+02 -4.1625328339E-16  2.6664170415E-16 -4.1658496242E-17
  1.9829070000E+02 -3.5505806892E-16  2.1009939919E-16 -3.3384134714E-18
  1.9877880000E+02 -2.9341499943E-16  1.5350051389E-16  3.4571961505E-17
  1.9926750000E+02 -2.3150956904E-16  9.7011063425E-17  7.1967109851E-17
  1.9975680000E+02 -1.6952624681E-16  4.0795130516E-17  1.0874403139E-16
  2.0024670000E+02 -1.0764794894E-16 -1.4985591634E-17  1.4480251564E-16
  2.0073720000E+02 -4.6055520442E-17 -7.0172245116E-17  1.8004540236E-16
  2.0122830000E+02  1.5072772139E-17 -1.2460924067E-16  2.1437883079E-16
  2.0172000000E+02  7.5561735843E-17 -1.7814467751E-16  2.4771247724E-16
  2.0221230000E+02  1.3523973271E-16 -2.3063074845E-16  2.7995978009E-16
  2.0270520000E+02  1.9393914635E-16 -2.8192412942E-16  3.1103815217E-16
  2.0319870000E+02  2.5149683243E-16 -3.3188635231E-16  3.4086917948E-16
  2.0369280000E+02  3.0775455191E-16 -3.8038416029E-16  3.6937880633E-16
  2.0418750000E+02  3.6255938595E-16 -4.2728984467E-16  3.9649750612E-16
  2.0468280000E+02  4.1576413145E-16 -4.7248156256E-16  4.2216043758E-16
  2.0517870000E+02  4.6722767628E-16 -5.1584363464E-16  4.4630758620E-16
  2.0567520000E+02  5.1681535327E-16 -5.5726682221E-16  4.6888389041E-16
  2.0617230000E+02  5.6439927215E-16 -5.9664858309E-16  4.8983935249E-16
  2.0667000000E+02  6.0985862871E-16 -6.3389330577E-16  5.0912913391E-16
  2.0716830000E+02  6.5307999043E-16 -6.6891252123E-16  5.2671363498E-16
  2.0766720000E+02  6.9395755804E-16 -7.0162509223E-16  5.4255855884E-16
  2.0816670000E+02  7.3239340246E-16 -7.3195737956E-16  5.5663495959E-16
  2.0866680000E+02  7.6829767658E-16 -7.5984338508E-16  5.6891927469E-16
  2.0916750000E+02  8.0158880167E-16 -7.8522487130E-16  5.7939334164E-16
  2.0966880000E+02  8.3219362793E-16 -8.0805145742E-16  5.8804439903E-16
  2.1017070000E+02  8.6004756904E-16 -8.2828069170E-16  5.9486507213E-16
  2.1067320000E+02  8.8509471066E-16 -8.4587810030E-16  5.9985334318E-16
  2.1117630000E+02  9.0728789251E-16 -8.6081721249E-16  6.0301250660E-16
  2.1168000000E+02  9.2658876442E-16 -8.7307956250E-16  6.0435110945E-16
  2.1218430000E+02  9.4296781610E-16 -8.8265466825E-16  6.0388287728E-16
  2.1268920000E+02  9.5640438100E-16 -8.8953998702E-16  6.0162662599E-16
  2.1319470000E+02  9.6688661431E-16 -8.9374084872E-16  5.9760615977E-16
  2.1370080000E+02  9.7441144560E-16 -8.9527036686E-16  5.9185015582E-16
  2.1420750000E+02  9.7898450629E-16 -8.9414932787E-16  5.8439203605E-16
  2.1471480000E+02  9.8062003246E-16 -8.9040605921E-16  5.7526982644E-16
  2.1522270000E+02  9.7934074358E-16 -8.8407627682E-16  5.6452600449E-16
  2.1573120000E+02  9.7517769756E-16 -8.7520291267E-16  5.5220733530E-16
  2.1624030000E+02  9.6817012294E-16 -8.6383592289E-16  5.3836469686E-16
  2.1675000000E+02  9.5836522879E-16 -8.5003207741E-16  5.2305289519E-16
  2.1726030000E+02  9.4581799310E-16 -8.3385473167E-16  5.0633046985E-16
  2.1777120000E+02  9.3059093054E-16 -8.1537358153E-16  4.8825949058E-16
  2.1828270000E+02  9.1275384034E-16 -7.9466440184E-16  4.6890534567E-16
  2.1879480000E+02  8.9238353526E-16 -7.7180876995E-16  4.4833652275E-16
  2.1930750000E+02  8.6956355263E-16 -7.4689377486E-16  4.2662438263E-16
  2.1982080000E+02  8.4438384845E-16 -7.2001171304E-16  4.0384292710E-16
  2.2033470000E+02  8.1694047547E-16 -6.9125977198E-16  3.8006856113E-16
  2.2084920000E+02  7.8733524660E-16 -6.6073970239E-16  3.5537985042E-16
  2.2136430000E+02  7.5567538440E-16 -6.2855748019E-16  3.2985727494E-16
  2.2188000000E+02  7.2207315819E-16 -5.9482295931E-16  3.0358297925E-16
  2.2239630000E+02  6.8664550955E-16 -5.5964951641E-16  2.7664052023E-16
  2.2291320000E+02  6.4951366771E-16 -5.2315368855E-16  2.4911461315E-16
  2.2343070000E+02  6.1080275588E-16 -4.8545480506E-16  2.2109087664E-16
  2.2394880000E+02  5.7064138981E-16 -4.4667461461E-16  1.9265557745E-16
  2.2446750000E+02  5.2916126973E-16 -4.0693690859E-16  1.6389537556E-16
  2.2498680000E+02  4.8649676703E-16 -3.6636714202E-16  1.3489707061E-16
  2.2550670000E+02  4.4278450686E-16 -3.2509205304E-16  1.0574735008E-16
  2.2602720000E+02  3.9816294789E-16 -2.8323928210E-16  7.6532540160E-17
  2.2654830000E+02  3.5277196051E-16 -2.4093699196E-16  4.7338359900E-17
  2.2707000000E+02  3.0675240472E-16 -1.9831348959E-16  1.8249679270E-17
  2.2759230000E+02  2.6024570884E-16 -1.5549685105E-16 -1.0649718101E-17
  2.2811520000E+02  2.1339345044E-16 -1.1261455039E-16 -3.9277366959E-17
  2.2863870000E+02  1.6633694048E-16 -6.9793093697E-17 -6.7552346562E-17
  2.2916280000E+02  1.1921681203E-16 -2.7157659105E-17 -9.5395500360E-17
  2.2968750000E+02  7.2172614559E-17  1.5168256008E-17 -1.2272964862E-16
  2.3021280000E+02  2.5342415052E-17  5.7063179845E-17 -1.4947979345E-16
  2.3073870000E+02 -2.1137593023E-17  9.8408002045E-17 -1.7557331572E-16
  2.3126520000E+02 -6.7133471772E-17  1.3908629967E-16 -2.0094016339E-16
  2.3179230000E+02 -1.1251391100E-16  1.7898465252E-16 -2.2551303072E-16
  2.3232000000E+02 -1.5715058933E-16  2.1799294686E-16 -2.4922752804E-16
  2.3284830000E+02 -2.0091852342E-16  2.5600466691E-16 -2.7202234154E-16
  2.3337720000E+02 -2.4369640429E-16  2.9291717322E-16 -2.9383938285E-16
  2.3390670000E+02 -2.8536692007E-16  3.2863196741E-16 -3.1462392795E-16
  2.3443680000E+02 -3.2581706405E-16  3.6305494240E-16 -3.3432474518E-16
  2.3496750000E+02 -3.6493842762E-16  3.9609661779E-16 -3.5289421205E-16
  2.3549880000E+02 -4.0262747709E-16  4.2767235966E-16 -3.7028842062E-16
  2.3603070000E+02 -4.3878581383E-16  4.5770258428E-16 -3.8646727125E-16
  2.3656320000E+02 -4.7332041721E-16  4.8611294547E-16 -4.0139455452E-16
  2.3709630000E+02 -5.0614386963E-16  5.1283450499E-16 -4.1503802126E-16
  2.3763000000E+02 -5.3717456322E-16  5.3780388569E-16 -4.2736944052E-16
  2.3816430000E+02 -5.6633688778E-16  5.6096340724E-16 -4.3836464545E-16
  2.3869920000E+02 -5.9356139949E-16  5.8226120401E-16 -4.4800356705E-16
  2.3923470000E+02 -6.1878497024E-16  6.0165132504E-16 -4.5627025585E-16
  2.3977080000E+02 -6.4195091709E-16  6.1909381593E-16 -4.6315289149E-16
  2.4030750000E+02 -6.6300911179E-16  6.3455478257E-16 -4.6864378027E-16
  2.4084480000E+02 -6.8191607031E-16  6.4800643669E-16 -4.7273934096E-16
  2.4138270000E+02 -6.9863502196E-16  6.5942712321E-16 -4.7544007868E-16
  2.4192120000E+02 -7.1313595847E-16  6.6880132958E-16 -4.7675054737E-16
  2.4246030000E+02 -7.2539566280E-16  6.7611967705E-16 -4.7667930088E-16
  2.4300000000E+02 -7.3539771785E-16  6.8137889434E-16 -4.7523883286E-16
  2.4354030000E+02 -7.4313249523E-16  6.8458177353E-16 -4.7244550595E-16
  2.4408120000E+02 -7.4859712430E-16  6.8573710895E-16 -4.6831947028E-16
  2.4462270000E+02 -7.5179544164E-16  6.8485961888E-16 -4.6288457187E-16
  2.4516480000E+02 -7.5273792148E-16  6.8196985090E-16 -4.5616825106E-16
  2.4570750000E+02 -7.5144158720E-16  6.7709407089E-16 -4.4820143150E-16
  2.4625080000E+02 -7.4792990446E-16  6.7026413652E-16 -4.3901840008E-16
  2.4679470000E+02 -7.4223265652E-16  6.6151735545E-16 -4.2865667809E-16
  2.4733920000E+02 -7.3438580203E-16  6.5089632888E-16 -4.1715688426E-16
  2.4788430000E+02 -7.2443131601E-16  6.3844878108E-16 -4.0456258995E-16
  2.4843000000E+02 -7.1241701465E-16  6.2422737546E-16 -3.9092016716E-16
  2.4897630000E+02 -6.9839636448E-16  6.0828951781E-16 -3.7627862971E-16
  2.4952320000E+02 -6.8242827666E-16  5.9069714744E-16 -3.6068946810E-16
  2.5007070000E+02 -6.6457688711E-16  5.7151651688E-16 -3.4420647876E-16
  2.5061880000E+02 -6.4491132322E-16  5.5081796097E-16 -3.2688558803E-16
  2.5116750000E+02 -6.2350545798E-16  5.2867565595E-16 -3.0878467152E-16
  2.5171680000E+02 -6.0043765226E-16  5.0516736947E-16 -2.8996336934E-16
  2.5226670000E+02 -5.7579048623E-16  4.8037420229E-16 -2.7048289792E-16
  2.5281720000E+02 -5.4965048069E-16  4.5438032240E-16 -2.5040585878E-16
  2.5336830000E+02 -5.2210780924E-16  4.2727269257E-16 -2.2979604500E-16
  2.5392000000E+02 -4.9325600216E-16  3.9914079197E-16 -2.0871824586E-16
  2.5447230000E+02 -4.6319164307E-16  3.7007633293E-16 -1.8723805031E-16
  2.5502520000E+02 -4.3201405919E-16  3.4017297353E-16 -1.6542164974E-16
  2.5557870000E+02 -3.9982500615E-16  3.0952602698E-16 -1.4333564079E-16
  2.5613280000E+02 -3.6672834840E-16  2.7823216864E-16 -1.2104682853E-16
  2.5668750000E+02 -3.3282973619E-16  2.4638914159E-16 -9.8622030886E-17
  2.5724280000E+02 -2.9823627997E-16  2.1409546151E-16 -7.6127884487E-17
  2.5779870000E+02 -2.6305622330E-16  1.8145012189E-16 -5.3630652870E-17
  2.5835520000E+02 -2.2739861524E-16  1.4855230025E-16 -3.1196037277E-17
  2.5891230000E+02 -1.9137298307E-16  1.1550106639E-16 -8.8889907248E-18
  2.5947000000E+02 -1.5508900644E-16  8.2395093353E-17  1.3226464196E-17
  2.6002830000E+02 -1.1865619374E-16  4.9332372037E-17  3.5087413289E-17
  2.6058720000E+02 -8.2183561767E-17  1.6409930144E-17  5.6632224006E-17
  2.6114670000E+02 -4.5779319454E-17 -1.6276443645E-17  7.7800713531E-17
  2.6170680000E+02 -9.5505566664E-18 -4.8632469599E-17  9.8534311256E-17
  2.6226750000E+02  2.6397061127E-17 -8.0565640163E-17  1.1877621521E-16
  2.6282880000E+02  6.1959591484E-17 -1.1198547584E-16  1.3847154207E-16
  2.6339070000E+02  9.7035106011E-17 -1.4280377295E-16  1.5756747032E-16
  2.6395320000E+02  1.3152397313E-16 -1.7293484278E-16  1.7601337630E-16
  2.6451630000E+02  1.6532913166E-16 -2.0229574125E-16  1.9376096267E-16
  2.6508000000E+02  1.9835635470E-16 -2.3080648876E-16  2.1076437914E-16
  2.6564430000E+02  2.3051450288E-16 -2.5839027953E-16  2.2698033502E-16
  2.6620920000E+02  2.6171576657E-16 -2.8497367986E-16  2.4236820351E-16
  2.6677470000E+02  2.9187589620E-16 -3.1048681497E-16  2.5689011730E-16
  2.6734080000E+02  3.2091442037E-16 -3.3486354385E-16  2.7051105545E-16
  2.6790750000E+02  3.4875485092E-16 -3.5804162177E-16  2.8319892125E-16
  2.6847480000E+02  3.7532487475E-16 -3.7996285009E-16  2.9492461103E-16
  2.6904270000E+02  4.0055653172E-16 -4.0057321292E-16  3.0566207361E-16
  2.6961120000E+02  4.2438637840E-16 -4.1982300051E-16  3.1538836053E-16
  2.7018030000E+02  4.4675563709E-16 -4.3766691905E-16  3.2408366678E-16
  2.7075000000E+02  4.6761033008E-16 -4.5406418659E-16  3.3173136211E-16
  2.7132030000E+02  4.8690139863E-16 -4.6897861501E-16  3.3831801288E-16
  2.7189120000E+02  5.0458480655E-16 -4.8237867797E-16  3.4383339447E-16
  2.7246270000E+02  5.2062162823E-16 -4.9423756457E-16  3.4827049428E-16
  2.7303480000E+02  5.3497812090E-16 -5.0453321883E-16  3.5162550532E-16
  2.7360750000E+02  5.4762578117E-16 -5.1324836496E-16  3.5389781071E-16
  2.7418080000E+02  5.5854138565E-16 -5.2037051846E-16  3.5508995886E-16
  2.7475470000E+02  5.6770701578E-16 -5.2589198311E-16  3.5520762986E-16
  2.7532920000E+02  5.7511006693E-16 -5.2980983396E-16  3.5425959292E-16
  2.7590430000E+02  5.8074324176E-16 -5.3212588656E-16  3.5225765527E-16
  2.7648000000E+02  5.8460452812E-16 -5.3284665259E-16  3.4921660264E-16
  2.7705630000E+02  5.8669716156E-16 -5.3198328206E-16  3.4515413162E-16
  2.7763320000E+02  5.8702957284E-16 -5.2955149246E-16  3.4009077406E-16
  2.7821070000E+02  5.8561532047E-16 -5.2557148519E-16  3.3404981390E-16
  2.7878880000E+02  5.8247300891E-16 -5.2006784942E-16  3.2705719674E-16
  2.7936750000E+02  5.7762619251E-16 -5.1306945407E-16  3.1914143232E-16
  2.7994680000E+02  5.7110326574E-16 -5.0460932801E-16  3.1033349040E-16
  2.8052670000E+02  5.6293734011E-16 -4.9472452914E-16  3.0066669043E-16
  2.8110720000E+02  5.5316610820E-16 -4.8345600275E-16  2.9017658511E-16
  2.8168830000E+02  5.4183169539E-16 -4.7084842964E-16  2.7890083859E-16
  2.8227000000E+02  5.2898049973E-16 -4.5695006455E-16  2.6687909947E-16
  2.8285230000E+02  5.1466302058E-16 -4.4181256540E-16  2.5415286898E-16
  2.8343520000E+02  4.9893367659E-16 -4.2549081408E-16  2.4076536501E-16
  2.8401870000E+02  4.8185061365E-16 -4.0804272909E-16  2.2676138212E-16
  2.8460280000E+02  4.6347550338E-16 -3.8952907094E-16  2.1218714816E-16
  2.8518750000E+02  4.4387333295E-16 -3.7001324073E-16  1.9709017790E-16
  2.8577280000E+02  4.2311218685E-16 -3.4956107266E-16  1.8151912406E-16
  2.8635870000E+02  4.0126302129E-16 -3.2824062106E-16  1.6552362627E-16
  2.8694520000E+02  3.7839943194E-16 -3.0612194269E-16  1.4915415835E-16
  2.8753230000E+02  3.5459741588E-16 -2.8327687487E-16  1.3246187444E-16
  2.8812000000E+02  3.2993512831E-16 -2.5977881020E-16  1.1549845436E-16
  2.8870830000E+02  3.0449263488E-16 -2.3570246853E-16  9.8315948663E-17
  2.8929720000E+02  2.7835166044E-16 -2.1112366690E-16  8.0966623922E-17
  2.8988670000E+02  2.5159533488E-16 -1.8611908808E-16  6.3502808563E-17
  2.9047680000E+02  2.2430793684E-16 -1.6076604841E-16  4.5976739782E-17
  2.9106750000E+02  1.9657463615E-16 -1.3514226569E-16  2.8440411968E-17
  2.9165880000E+02  1.6848123569E-16 -1.0932562772E-16  1.0945427016E-17
  2.9225070000E+02  1.4011391340E-16 -8.3393962142E-17 -6.4571530061E-18
  2.9284320000E+02  1.1155896526E-16 -5.7424808409E-17 -2.3716950446E-17
  2.9343630000E+02  8.2902550003E-17 -3.1495192280E-17 -4.0784413517E-17
  2.9403000000E+02  5.4230436205E-17 -5.6814037088E-18 -5.7610954209E-17
  2.9462430000E+02  2.5627752539E-17  1.9941221408E-17 -7.4149082314E-17
  2.9521920000E+02 -2.8212580815E-18  4.5298514909E-17 -9.0352535172E-17
  2.9581470000E+02 -3.1033479855E-17  7.0317684972E-17 -1.0617640283E-16
  2.9641080000E+02 -5.8927160185E-17  9.4927519002E-17 -1.2157724828E-16
  2.9700750000E+02 -8.6422139927E-17  1.1905858031E-16 -1.3651322241E-16
  2.9760480000E+02 -1.1344007712E-16  1.4264339801E-16 -1.5094417349E-16
  2.9820270000E+02 -1.3990466359E-16  1.6561664969E-16 -1.6483175082E-16
  2.9880120000E+02 -1.6574183394E-16  1.8791533630E-16 -1.7813950229E-16
  2.9940030000E+02 -1.9087996621E-16  2.0947894891E-16 -1.9083296570E-16
  3.0000000000E+02 -2.1525007380E-16  2.3024962678E-16 -2.0287975351E-16
