  -4.00000000000000        1.76936908269518     
  -3.99000000022352        1.76682351042165     
  -3.98000000044703        1.76427463487837     
  -3.97000000067055        1.76172244129555     
  -3.96000000089407        1.75916691496208     
  -3.95000000111759        1.75660804120817     
  -3.94000000134110        1.75404580539017     
  -3.93000000156462        1.75148019287726     
  -3.92000000178814        1.74891118903967     
  -3.91000000201166        1.74633877923826     
  -3.90000000223517        1.74376294881527     
  -3.89000000245869        1.74118368308602     
  -3.88000000268221        1.73860096733147     
  -3.87000000290573        1.73601478679154     
  -3.86000000312924        1.73342512665906     
  -3.85000000335276        1.73083197207424     
  -3.84000000357628        1.72823530811968     
  -3.83000000379980        1.72563511981577     
  -3.82000000402331        1.72303139211640     
  -3.81000000424683        1.72042410990514     
  -3.80000000447035        1.71781325799156     
  -3.79000000469387        1.71519882110785     
  -3.78000000491738        1.71258078390569     
  -3.77000000514090        1.70995913095325     
  -3.76000000536442        1.70733384673243     
  -3.75000000558794        1.70470491563615     
  -3.74000000581145        1.70207232196592     
  -3.73000000603497        1.69943604992934     
  -3.72000000625849        1.69679608363788     
  -3.71000000648201        1.69415240710463     
  -3.70000000670552        1.69150500424219     
  -3.69000000692904        1.68885385886058     
  -3.68000000715256        1.68619895466528     
  -3.67000000737607        1.68354027525526     
  -3.66000000759959        1.68087780412109     
  -3.65000000782311        1.67821152464306     
  -3.64000000804663        1.67554142008942     
  -3.63000000827014        1.67286747361450     
  -3.62000000849366        1.67018966825701     
  -3.61000000871718        1.66750798693827     
  -3.60000000894070        1.66482241246049     
  -3.59000000916421        1.66213292750503     
  -3.58000000938773        1.65943951463074     
  -3.57000000961125        1.65674215627225     
  -3.56000000983477        1.65404083473827     
  -3.55000001005828        1.65133553220993     
  -3.54000001028180        1.64862623073908     
  -3.53000001050532        1.64591291224662     
  -3.52000001072884        1.64319555852082     
  -3.51000001095235        1.64047415121562     
  -3.50000001117587        1.63774867184894     
  -3.49000001139939        1.63501910180101     
  -3.48000001162291        1.63228542231260     
  -3.47000001184642        1.62954761448335     
  -3.46000001206994        1.62680565927005     
  -3.45000001229346        1.62405953748486     
  -3.44000001251698        1.62130922979357     
  -3.43000001274049        1.61855471671384     
  -3.42000001296401        1.61579597861342     
  -3.41000001318753        1.61303299570834     
  -3.40000001341105        1.61026574806107     
  -3.39000001363456        1.60749421557873     
  -3.38000001385808        1.60471837801121     
  -3.37000001408160        1.60193821494929     
  -3.36000001430511        1.59915370582275     
  -3.35000001452863        1.59636482989847     
  -3.34000001475215        1.59357156627846     
  -3.33000001497567        1.59077389389792     
  -3.32000001519918        1.58797179152324     
  -3.31000001542270        1.58516523774999     
  -3.30000001564622        1.58235421100090     
  -3.29000001586974        1.57953868952378     
  -3.28000001609325        1.57671865138943     
  -3.27000001631677        1.57389407448954     
  -3.26000001654029        1.57106493653451     
  -3.25000001676381        1.56823121505133     
  -3.24000001698732        1.56539288738132     
  -3.23000001721084        1.56254993067790     
  -3.22000001743436        1.55970232190439     
  -3.21000001765788        1.55685003783162     
  -3.20000001788139        1.55399305503566     
  -3.19000001810491        1.55113134989542     
  -3.18000001832843        1.54826489859029     
  -3.17000001855195        1.54539367709767     
  -3.16000001877546        1.54251766119050     
  -3.15000001899898        1.53963682643477     
  -3.14000001922250        1.53675114818700     
  -3.13000001944602        1.53386060159158     
  -3.12000001966953        1.53096516157822     
  -3.11000001989305        1.52806480285927     
  -3.10000002011657        1.52515949992700     
  -3.09000002034009        1.52224922705086     
  -3.08000002056360        1.51933395827470     
  -3.07000002078712        1.51641366741397     
  -3.06000002101064        1.51348832805276     
  -3.05000002123415        1.51055791354099     
  -3.04000002145767        1.50762239699133     
  -3.03000002168119        1.50468175127629     
  -3.02000002190471        1.50173594902509     
  -3.01000002212822        1.49878496262058     
  -3.00000002235174        1.49582876419604     
  -2.99000002257526        1.49286732563204     
  -2.98000002279878        1.48990061855309     
  -2.97000002302229        1.48692861432438     
  -2.96000002324581        1.48395128404840     
  -2.95000002346933        1.48096859856148     
  -2.94000002369285        1.47798052843032     
  -2.93000002391636        1.47498704394847     
  -2.92000002413988        1.47198811513267     
  -2.91000002436340        1.46898371171926     
  -2.90000002458692        1.46597380316040     
  -2.89000002481043        1.46295835862026     
  -2.88000002503395        1.45993734697126     
  -2.87000002525747        1.45691073679005     
  -2.86000002548099        1.45387849635357     
  -2.85000002570450        1.45084059363500     
  -2.84000002592802        1.44779699629960     
  -2.83000002615154        1.44474767170055     
  -2.82000002637506        1.44169258687464     
  -2.81000002659857        1.43863170853797     
  -2.80000002682209        1.43556500308148     
  -2.79000002704561        1.43249243656647     
  -2.78000002726912        1.42941397472003     
  -2.77000002749264        1.42632958293035     
  -2.76000002771616        1.42323922624199     
  -2.75000002793968        1.42014286935104     
  -2.74000002816319        1.41704047660023     
  -2.73000002838671        1.41393201197386     
  -2.72000002861023        1.41081743909276     
  -2.71000002883375        1.40769672120908     
  -2.70000002905726        1.40456982120098     
  -2.69000002928078        1.40143670156725     
  -2.68000002950430        1.39829732442186     
  -2.67000002972782        1.39515165148834     
  -2.66000002995133        1.39199964409408     
  -2.65000003017485        1.38884126316455     
  -2.64000003039837        1.38567646921740     
  -2.63000003062189        1.38250522235642     
  -2.62000003084540        1.37932748226543     
  -2.61000003106892        1.37614320820198     
  -2.60000003129244        1.37295235899105     
  -2.59000003151596        1.36975489301852     
  -2.58000003173947        1.36655076822454     
  -2.57000003196299        1.36333994209680     
  -2.56000003218651        1.36012237166367     
  -2.55000003241003        1.35689801348715     
  -2.54000003263354        1.35366682365575     
  -2.53000003285706        1.35042875777721     
  -2.52000003308058        1.34718377097103     
  -2.51000003330410        1.34393181786089     
  -2.50000003352761        1.34067285256697     
  -2.49000003375113        1.33740682869799     
  -2.48000003397465        1.33413369934322     
  -2.47000003419816        1.33085341706425     
  -2.46000003442168        1.32756593388658     
  -2.45000003464520        1.32427120129114     
  -2.44000003486872        1.32096917020552     
  -2.43000003509223        1.31765979099506     
  -2.42000003531575        1.31434301345381     
  -2.41000003553927        1.31101878679522     
  -2.40000003576279        1.30768705964268     
  -2.39000003598630        1.30434778001984     
  -2.38000003620982        1.30100089534080     
  -2.37000003643334        1.29764635239994     
  -2.36000003665686        1.29428409736172     
  -2.35000003688037        1.29091407575008     
  -2.34000003710389        1.28753623243780     
  -2.33000003732741        1.28415051163544     
  -2.32000003755093        1.28075685688022     
  -2.31000003777444        1.27735521102450     
  -2.30000003799796        1.27394551622415     
  -2.29000003822148        1.27052771392652     
  -2.28000003844500        1.26710174485831     
  -2.27000003866851        1.26366754901303     
  -2.26000003889203        1.26022506563825     
  -2.25000003911555        1.25677423322255     
  -2.24000003933907        1.25331498948218     
  -2.23000003956258        1.24984727134745     
  -2.22000003978610        1.24637101494871     
  -2.21000004000962        1.24288615560218     
  -2.20000004023314        1.23939262779526     
  -2.19000004045665        1.23589036517168     
  -2.18000004068017        1.23237930051621     
  -2.17000004090369        1.22885936573899     
  -2.16000004112720        1.22533049185961     
  -2.15000004135072        1.22179260899071     
  -2.14000004157424        1.21824564632123     
  -2.13000004179776        1.21468953209930     
  -2.12000004202127        1.21112419361466     
  -2.11000004224479        1.20754955718071     
  -2.10000004246831        1.20396554811611     
  -2.09000004269183        1.20037209072592     
  -2.08000004291534        1.19676910828236     
  -2.07000004313886        1.19315652300498     
  -2.06000004336238        1.18953425604044     
  -2.05000004358590        1.18590222744179     
  -2.04000004380941        1.18226035614716     
  -2.03000004403293        1.17860855995802     
  -2.02000004425645        1.17494675551684     
  -2.01000004447997        1.17127485828419     
  -2.00000004470348        1.16759278251529     
  -1.99000004492700        1.16390044123595     
  -1.98000004515052        1.16019774621791     
  -1.97000004537404        1.15648460795350     
  -1.96000004559755        1.15276093562976     
  -1.95000004582107        1.14902663710176     
  -1.94000004604459        1.14528161886530     
  -1.93000004626811        1.14152578602891     
  -1.92000004649162        1.13775904228504     
  -1.91000004671514        1.13398128988062     
  -1.90000004693866        1.13019242958666     
  -1.89000004716218        1.12639236066722     
  -1.88000004738569        1.12258098084741     
  -1.87000004760921        1.11875818628064     
  -1.86000004783273        1.11492387151486     
  -1.85000004805624        1.11107792945800     
  -1.84000004827976        1.10722025134239     
  -1.83000004850328        1.10335072668822     
  -1.82000004872680        1.09946924326600     
  -1.81000004895031        1.09557568705793     
  -1.80000004917383        1.09166994221829     
  -1.79000004939735        1.08775189103257     
  -1.78000004962087        1.08382141387557     
  -1.77000004984438        1.07987838916825     
  -1.76000005006790        1.07592269333333     
  -1.75000005029142        1.07195420074967     
  -1.74000005051494        1.06797278370527     
  -1.73000005073845        1.06397831234895     
  -1.72000005096197        1.05997065464054     
  -1.71000005118549        1.05594967629974     
  -1.70000005140901        1.05191524075329     
  -1.69000005163252        1.04786720908073     
  -1.68000005185604        1.04380543995841     
  -1.67000005207956        1.03972978960191     
  -1.66000005230308        1.03564011170663     
  -1.65000005252659        1.03153625738665     
  -1.64000005275011        1.02741807511163     
  -1.63000005297363        1.02328541064184     
  -1.62000005319715        1.01913810696114     
  -1.61000005342066        1.01497600420786     
  -1.60000005364418        1.01079893960350     
  -1.59000005386770        1.00660674737925     
  -1.58000005409122        1.00239925870006     
  -1.57000005431473       0.998176301586382     
  -1.56000005453825       0.993937700833341     
  -1.55000005476177       0.989683277927299     
  -1.54000005498528       0.985412850959707     
  -1.53000005520880       0.981126234538131     
  -1.52000005543232       0.976823239694343     
  -1.51000005565584       0.972503673789357     
  -1.50000005587935       0.968167340415304     
  -1.49000005610287       0.963814039293997     
  -1.48000005632639       0.959443566172072     
  -1.47000005654991       0.955055712712559     
  -1.46000005677342       0.950650266382733     
  -1.45000005699694       0.946227010338105     
  -1.44000005722046       0.941785723302384     
  -1.43000005744398       0.937326179443242     
  -1.42000005766749       0.932848148243714     
  -1.41000005789101       0.928351394369046     
  -1.40000005811453       0.923835677528802     
  -1.39000005833805       0.919300752334017     
  -1.38000005856156       0.914746368149198     
  -1.37000005878508       0.910172268938946     
  -1.36000005900860       0.905578193108960     
  -1.35000005923212       0.900963873341190     
  -1.34000005945563       0.896329036422859     
  -1.33000005967915       0.891673403069123     
  -1.32000005990267       0.886996687739034     
  -1.31000006012619       0.882298598444551     
  -1.30000006034970       0.877578836552259     
  -1.29000006057322       0.872837096577475     
  -1.28000006079674       0.868073065970383     
  -1.27000006102026       0.863286424893853     
  -1.26000006124377       0.858476845992520     
  -1.25000006146729       0.853643994152761     
  -1.24000006169081       0.848787526253100     
  -1.23000006191432       0.843907090904615     
  -1.22000006213784       0.839002328180858     
  -1.21000006236136       0.834072869336785     
  -1.20000006258488       0.829118336516166     
  -1.19000006280839       0.824138342446915     
  -1.18000006303191       0.819132490123739     
  -1.17000006325543       0.814100372477492     
  -1.16000006347895       0.809041572030551     
  -1.15000006370246       0.803955660537537     
  -1.14000006392598       0.798842198610621     
  -1.13000006414950       0.793700735328632     
  -1.12000006437302       0.788530807829141     
  -1.11000006459653       0.783331940882643     
  -1.10000006482005       0.778103646447886     
  -1.09000006504357       0.772845423207374     
  -1.08000006526709       0.767556756081991     
  -1.07000006549060       0.762237115723618     
  -1.06000006571412       0.756885957984581     
  -1.05000006593764       0.751502723362649     
  -1.04000006616116       0.746086836420262     
  -1.03000006638467       0.740637705176574     
  -1.02000006660819       0.735154720470771     
  -1.01000006683171       0.729637255295092     
  -1.00000006705523       0.724084664095813     
 -0.990000067278743       0.718496282040387     
 -0.980000067502260       0.712871424248785     
 -0.970000067725778       0.707209384986972     
 -0.960000067949295       0.701509436820301     
 -0.950000068172812       0.695770829724466     
 -0.940000068396330       0.689992790151490     
 -0.930000068619847       0.684174520048056     
 -0.920000068843365       0.678315195823292     
 -0.910000069066882       0.672413967262935     
 -0.900000069290400       0.666469956386558     
 -0.890000069513917       0.660482256244347     
 -0.880000069737434       0.654449929649607     
 -0.870000069960952       0.648372007842963     
 -0.860000070184469       0.642247489083870     
 -0.850000070407987       0.636075337164758     
 -0.840000070631504       0.629854479842778     
 -0.830000070855021       0.623583807183736     
 -0.820000071078539       0.617262169812390     
 -0.810000071302056       0.610888377062849     
 -0.800000071525574       0.604461195022299     
 -0.790000071749091       0.597979344460808     
 -0.780000071972609       0.591441498639311     
 -0.770000072196126       0.584846280987325     
 -0.760000072419643       0.578192262641210     
 -0.750000072643161       0.571477959833066     
 -0.740000072866678       0.564701831119534     
 -0.730000073090196       0.557862274438895     
 -0.720000073313713       0.550957623983855     
 -0.710000073537230       0.543986146876364     
 -0.700000073760748       0.536946039629631     
 -0.690000073984265       0.529835424381224     
 -0.680000074207783       0.522652344879696     
 -0.670000074431300       0.515394762205688     
 -0.660000074654818       0.508060550206684     
 -0.650000074878335       0.500647490622750     
 -0.640000075101852       0.493153267878492     
 -0.630000075325370       0.485575463514183     
 -0.620000075548887       0.477911550226468     
 -0.610000075772405       0.470158885486233     
 -0.600000075995922       0.462314704698134     
 -0.590000076219440       0.454376113862817     
 -0.580000076442957       0.446340081699018     
 -0.570000076666474       0.438203431178476     
 -0.560000076889992       0.429962830421846     
 -0.550000077113509       0.421614782898472     
 -0.540000077337027       0.413155616867016     
 -0.530000077560544       0.404581473987278     
 -0.520000077784061       0.395888297026164     
 -0.510000078007579       0.387071816572457     
 -0.500000078231096       0.378127536665732     
 -0.490000078454614       0.369050719234234     
 -0.480000078678131       0.359836367224808     
 -0.470000078901649       0.350479206294567     
 -0.460000079125166       0.340973664919011     
 -0.450000079348683       0.331313852754208     
 -0.440000079572201       0.321493537071404     
 -0.430000079795718       0.311506117060429     
 -0.420000080019236       0.301344595773345     
 -0.410000080242753       0.291001549451303     
 -0.400000080466270       0.280469093945078     
 -0.390000080689788       0.269738847902523     
 -0.380000080913305       0.258801892353522     
 -0.370000081136823       0.247648726273964     
 -0.360000081360340       0.236269217653740     
 -0.350000081583858       0.224652549528539     
 -0.340000081807375       0.212787160359736     
 -0.330000082030892       0.200660678059050     
 -0.320000082254410       0.188259846852863     
 -0.310000082477927       0.175570446062287     
 -0.300000082701445       0.162577199736329     
 -0.290000082924962       0.149263675912694     
 -0.280000083148479       0.135612174089555     
 -0.270000083371997       0.121603599265959     
 -0.260000083595514       0.107217320641815     
 -0.250000083819032       9.243101275178878E-002
 -0.240000084042549       7.722047643057073E-002
 -0.230000084266067       6.155943655677280E-002
 -0.220000084489584       4.541931298288945E-002
 -0.210000084713101       2.876896040920264E-002
 -0.200000084936619       1.157437217469878E-002
 -0.190000085160136      -6.201658013897413E-003
 -0.180000085383654      -2.459992355360947E-002
 -0.170000085607171      -4.366525017492047E-002
 -0.160000085830688      -6.344700923196112E-002
 -0.150000086054206      -8.399971151049818E-002
 -0.140000086277723      -0.105383696686922     
 -0.130000086501241      -0.127665936911778     
 -0.120000086724758      -0.150920977184734     
 -0.110000086948276      -0.175232040483371     
 -0.100000087171793      -0.200692332337305     
 -9.000008739531040E-002 -0.227406588146566     
 -8.000008761882782E-002 -0.255492917630050     
 -7.000008784234524E-002 -0.285085015176051     
 -6.000008806586266E-002 -0.316334823680601     
 -5.000008828938007E-002 -0.349415764268276     
 -4.000008851289749E-002 -0.384526677294774     
 -3.000008873641491E-002 -0.421896664354092     
 -2.000008895993233E-002 -0.461791081139226     
 -1.000008918344975E-002 -0.504519013452497     
 -8.940696716308594E-008 -0.550442683033018     
  9.999910369515419E-003 -0.599989390516732     
  1.999991014599800E-002 -0.653666831553018     
  2.999990992248058E-002 -0.712082952492364     
  3.999990969896317E-002 -0.775971996972078     
  4.999990947544575E-002 -0.846229118862684     
  5.999990925192833E-002 -0.923957039129713     
  6.999990902841091E-002  -1.01052993689957     
  7.999990880489349E-002  -1.10768248899057     
  8.999990858137608E-002  -1.21763641735647     
  9.999990835785866E-002  -1.34328436997688     
  0.109999908134341       -1.48846391511030     
  0.119999907910824       -1.65837775289356     
  0.129999907687306       -1.86026006542019     
  0.139999907463789       -2.10447540741845     
  0.149999907240272       -2.40641744029789     
  0.159999907016754       -2.78998048726319     
  0.169999906793237       -3.29436736162985     
  0.179999906569719       -3.98868752321658     
  0.189999906346202       -5.00719697405730     
  0.199999906122684       -6.64973097131073     
  0.209999905899167       -9.75075810156636     
  0.219999905675650       -17.8294508953998     
  0.229999905452132       -92.2641018303986     
  0.239999905228615        30.0162140825112     
  0.249999905005097        13.0733772289335     
  0.259999904781580        8.41759500138306     
  0.269999904558063        6.23673964877476     
  0.279999904334545        4.96987569855055     
  0.289999904111028        4.14067016436482     
  0.299999903887510        3.55478084930486     
  0.309999903663993        3.11808411696591     
  0.319999903440475        2.77945100068371     
  0.329999903216958        2.50871380514927     
  0.339999902993441        2.28692275006280     
  0.349999902769923        2.10157510589904     
  0.359999902546406        1.94408826155114     
  0.369999902322888        1.80837491552312     
  0.379999902099371        1.68999758672339     
  0.389999901875854        1.58564507907923     
  0.399999901652336        1.49279640595762     
  0.409999901428819        1.40949827450021     
  0.419999901205301        1.33421374932484     
  0.429999900981784        1.26571687602182     
  0.439999900758266        1.20301776493913     
  0.449999900534749        1.14530833496012     
  0.459999900311232        1.09192236221976     
  0.469999900087714        1.04230561875025     
  0.479999899864197       0.995993248104459     
  0.489999899640679       0.952592411128575     
  0.499999899417162       0.911768823117933     
  0.509999899193645       0.873236200975544     
  0.519999898970127       0.836747912008775     
  0.529999898746610       0.802090306440740     
  0.539999898523092       0.769077350427661     
  0.549999898299575       0.737546272909132     
  0.559999898076057       0.707354009630482     
  0.569999897852540       0.678374279022550     
  0.579999897629023       0.650495162674410     
  0.589999897405505       0.623617091607584     
  0.599999897181988       0.597651161061598     
  0.609999896958470       0.572517712876720     
  0.619999896734953       0.548145137132818     
  0.629999896511436       0.524468854430363     
  0.639999896287918       0.501430447778324     
  0.649999896064401       0.478976918999203     
  0.659999895840883       0.457060049255358     
  0.669999895617366       0.435635847029123     
  0.679999895393848       0.414664069867861     
  0.689999895170331       0.394107808597916     
  0.699999894946814       0.373933124643413     
  0.709999894723296       0.354108732653932     
  0.719999894499779       0.334605721923531     
  0.729999894276261       0.315397311130807     
  0.739999894052744       0.296458631791122     
  0.749999893829226       0.277766536523793     
  0.759999893605709       0.259299428827181     
  0.769999893382192       0.241037111545919     
  0.779999893158674       0.222960651625061     
  0.789999892935157       0.205052259090087     
  0.799999892711639       0.187295178481255     
  0.809999892488122       0.169673591215134     
  0.819999892264605       0.152172527553069     
  0.829999892041087       0.134777787031900     
  0.839999891817570       0.117475866361804     
  0.849999891594052       0.100253893923864     
  0.859999891370535       8.309957010914766E-002
  0.869999891147017       6.600111283489267E-002
  0.879999890923500       4.894720765398721E-002
  0.889999890699983       3.192696194344640E-002
  0.899999890476465       1.492986271756363E-002
  0.909999890252948      -2.054262336634603E-003
  0.919999890029430      -1.903528095905345E-002
  0.929999889805913      -3.602278986961450E-002
  0.939999889582396      -5.302614605920748E-002
  0.949999889358878      -7.005449607332910E-002
  0.959999889135361      -8.711680351761518E-002
  0.969999888911843      -0.104221874991975     
  0.979999888688326      -0.121378384640620     
  0.989999888464808      -0.138594897488238     
  0.999999888241291      -0.155879891717780     
   1.00999988801777      -0.173241780032547     
   1.01999988779426      -0.190688930234102     
   1.02999988757074      -0.208229685137995     
   1.03999988734722      -0.225872381941027     
   1.04999988712370      -0.243625371146834     
   1.05999988690019      -0.261497035150635     
   1.06999988667667      -0.279495806579149     
   1.07999988645315      -0.297630186477689     
   1.08999988622963      -0.315908762433370     
   1.09999988600612      -0.334340226721010     
   1.10999988578260      -0.352933394556811     
   1.11999988555908      -0.371697222544001     
   1.12999988533556      -0.390640827394520     
   1.13999988511205      -0.409773505011343     
   1.14999988488853      -0.429104750017263     
   1.15999988466501      -0.448644275817785     
   1.16999988444149      -0.468402035288407     
   1.17999988421798      -0.488388242179810     
   1.18999988399446      -0.508613393338425     
   1.19999988377094      -0.529088291844668     
   1.20999988354743      -0.549824071176667     
   1.21999988332391      -0.570832220513744     
   1.22999988310039      -0.592124611301220     
   1.23999988287687      -0.613713525206574     
   1.24999988265336      -0.635611683606331     
   1.25999988242984      -0.657832278753770     
   1.26999988220632      -0.680389006789445     
   1.27999988198280      -0.703296102770013     
   1.28999988175929      -0.726568377905778     
   1.29999988153577      -0.750221259214240     
   1.30999988131225      -0.774270831815716     
   1.31999988108873      -0.798733884118108     
   1.32999988086522      -0.823627956161402     
   1.33999988064170      -0.848971391418845     
   1.34999988041818      -0.874783392381139     
   1.35999988019466      -0.901084080283069     
   1.36999987997115      -0.927894559368981     
   1.37999987974763      -0.955236986135071     
   1.38999987952411      -0.983134644033264     
   1.39999987930059       -1.01161202417391     
   1.40999987907708       -1.04069491262395     
   1.41999987885356       -1.07041048496384     
   1.42999987863004       -1.10078740884236     
   1.43999987840652       -1.13185595535364     
   1.44999987818301       -1.16364812015800     
   1.45999987795949       -1.19619775537796     
   1.46999987773597       -1.22954071342623     
   1.47999987751245       -1.26371500406511     
   1.48999987728894       -1.29876096615960     
   1.49999987706542       -1.33472145577282     
   1.50999987684190       -1.37164205246619     
   1.51999987661839       -1.40957128591177     
   1.52999987639487       -1.44856088520684     
   1.53999987617135       -1.48866605360650     
   1.54999987594783       -1.52994577176648     
   1.55999987572432       -1.57246313302529     
   1.56999987550080       -1.61628571476172     
   1.57999987527728       -1.66148599045438     
   1.58999987505376       -1.70814178776029     
   1.59999987483025       -1.75633679873679     
   1.60999987460673       -1.80616114928044     
   1.61999987438321       -1.85771203597346     
   1.62999987415969       -1.91109443984848     
   1.63999987393618       -1.96642192814676     
   1.64999987371266       -2.02381755700495     
   1.65999987348914       -2.08341489022411     
   1.66999987326562       -2.14535915193183     
   1.67999987304211       -2.20980853414001     
   1.68999987281859       -2.27693568405188     
   1.69999987259507       -2.34692940063577     
   1.70999987237155       -2.41999657565466     
   1.71999987214804       -2.49636442126928     
   1.72999987192452       -2.57628303483400     
   1.73999987170100       -2.66002836198730     
   1.74999987147748       -2.74790563212776     
   1.75999987125397       -2.84025335654750     
   1.76999987103045       -2.93744799976267     
   1.77999987080693       -3.03990946011556     
   1.78999987058342       -3.14810752809125     
   1.79999987035990       -3.26256953208750     
   1.80999987013638       -3.38388943442218     
   1.81999986991286       -3.51273870899369     
   1.82999986968935       -3.64987942148641     
   1.83999986946583       -3.79618005061629     
   1.84999986924231       -3.95263474481914     
   1.85999986901879       -4.12038691738138     
   1.86999986879528       -4.30075836485354     
   1.87999986857176       -4.49528547840999     
   1.88999986834824       -4.70576464920009     
   1.89999986812472       -4.93430971143590     
   1.90999986790121       -5.18342531867139     
   1.91999986767769       -5.45610165922236     
   1.92999986745417       -5.75593811965574     
   1.93999986723065       -6.08730677241520     
   1.94999986700714       -6.45557149851040     
   1.95999986678362       -6.86738616152716     
   1.96999986656010       -7.33110723342153     
   1.97999986633658       -7.85737562842688     
   1.98999986611307       -8.45995463678269     
   1.99999986588955       -9.15696588212676     
