  -4.00000000000000        1.76939347976246     
  -3.99000000022352        1.76684815662517     
  -3.98000000044703        1.76429950790262     
  -3.97000000067055        1.76174752041802     
  -3.96000000089407        1.75919218090316     
  -3.95000000111759        1.75663347600274     
  -3.94000000134110        1.75407139227166     
  -3.93000000156462        1.75150591617412     
  -3.92000000178814        1.74893703408155     
  -3.91000000201166        1.74636473227652     
  -3.90000000223517        1.74378899694477     
  -3.89000000245869        1.74120981418166     
  -3.88000000268221        1.73862716998476     
  -3.87000000290573        1.73604105025670     
  -3.86000000312924        1.73345144080296     
  -3.85000000335276        1.73085832733412     
  -3.84000000357628        1.72826169545711     
  -3.83000000379980        1.72566153068341     
  -3.82000000402331        1.72305781842298     
  -3.81000000424683        1.72045054398347     
  -3.80000000447035        1.71783969256991     
  -3.79000000469387        1.71522524928416     
  -3.78000000491738        1.71260719912396     
  -3.77000000514090        1.70998552698078     
  -3.76000000536442        1.70736021763894     
  -3.75000000558794        1.70473125577671     
  -3.74000000581145        1.70209862596108     
  -3.73000000603497        1.69946231265183     
  -3.72000000625849        1.69682230019619     
  -3.71000000648201        1.69417857282811     
  -3.70000000670552        1.69153111467081     
  -3.69000000692904        1.68887990973162     
  -3.68000000715256        1.68622494190330     
  -3.67000000737607        1.68356619495908     
  -3.66000000759959        1.68090365255685     
  -3.65000000782311        1.67823729823531     
  -3.64000000804663        1.67556711541171     
  -3.63000000827014        1.67289308738126     
  -3.62000000849366        1.67021519731754     
  -3.61000000871718        1.66753342826896     
  -3.60000000894070        1.66484776315872     
  -3.59000000916421        1.66215818478389     
  -3.58000000938773        1.65946467581143     
  -3.57000000961125        1.65676721878152     
  -3.56000000983477        1.65406579610061     
  -3.55000001005828        1.65136039004544     
  -3.54000001028180        1.64865098275696     
  -3.53000001050532        1.64593755624241     
  -3.52000001072884        1.64322009237192     
  -3.51000001095235        1.64049857287825     
  -3.50000001117587        1.63777297935339     
  -3.49000001139939        1.63504329324984     
  -3.48000001162291        1.63230949587657     
  -3.47000001184642        1.62957156839860     
  -3.46000001206994        1.62682949183553     
  -3.45000001229346        1.62408324705827     
  -3.44000001251698        1.62133281479370     
  -3.43000001274049        1.61857817561174     
  -3.42000001296401        1.61581930993419     
  -3.41000001318753        1.61305619802737     
  -3.40000001341105        1.61028882000369     
  -3.39000001363456        1.60751715581667     
  -3.38000001385808        1.60474118526067     
  -3.37000001408160        1.60196088797102     
  -3.36000001430511        1.59917624341865     
  -3.35000001452863        1.59638723091091     
  -3.34000001475215        1.59359382958817     
  -3.33000001497567        1.59079601842331     
  -3.32000001519918        1.58799377621810     
  -3.31000001542270        1.58518708160356     
  -3.30000001564622        1.58237591303499     
  -3.29000001586974        1.57956024879344     
  -3.28000001609325        1.57674006697986     
  -3.27000001631677        1.57391534551668     
  -3.26000001654029        1.57108606214312     
  -3.25000001676381        1.56825219441410     
  -3.24000001698732        1.56541371969774     
  -3.23000001721084        1.56257061517449     
  -3.22000001743436        1.55972285783244     
  -3.21000001765788        1.55687042745013     
  -3.20000001788139        1.55401329079200     
  -3.19000001810491        1.55115143434049     
  -3.18000001832843        1.54828483080298     
  -3.17000001855195        1.54541345702289     
  -3.16000001877546        1.54253728543253     
  -3.15000001899898        1.53965629931613     
  -3.14000001922250        1.53677047349482     
  -3.13000001944602        1.53387977193389     
  -3.12000001966953        1.53098417433466     
  -3.11000001989305        1.52808366218005     
  -3.10000002011657        1.52517820039497     
  -3.09000002034009        1.52226777304831     
  -3.08000002056360        1.51935234671635     
  -3.07000002078712        1.51643190258216     
  -3.06000002101064        1.51350640268511     
  -3.05000002123415        1.51057583125290     
  -3.04000002145767        1.50764015297414     
  -3.03000002168119        1.50469934815531     
  -3.02000002190471        1.50175339063299     
  -3.01000002212822        1.49880224098545     
  -3.00000002235174        1.49584588689715     
  -2.99000002257526        1.49288428610248     
  -2.98000002279878        1.48991741842382     
  -2.97000002302229        1.48694525327891     
  -2.96000002324581        1.48396776180801     
  -2.95000002346933        1.48098491483187     
  -2.94000002369285        1.47799668293556     
  -2.93000002391636        1.47500303643315     
  -2.92000002413988        1.47200394534841     
  -2.91000002436340        1.46899937942801     
  -2.90000002458692        1.46598930813489     
  -2.89000002481043        1.46297370064400     
  -2.88000002503395        1.45995252583746     
  -2.87000002525747        1.45692575230344     
  -2.86000002548099        1.45389334832791     
  -2.85000002570450        1.45085528189353     
  -2.84000002592802        1.44781152067592     
  -2.83000002615154        1.44476203203753     
  -2.82000002637506        1.44170678302373     
  -2.81000002659857        1.43864574036059     
  -2.80000002682209        1.43557887045404     
  -2.79000002704561        1.43250613935620     
  -2.78000002726912        1.42942751281787     
  -2.77000002749264        1.42634295623078     
  -2.76000002771616        1.42325243466458     
  -2.75000002793968        1.42015591279163     
  -2.74000002816319        1.41705335498416     
  -2.73000002838671        1.41394472523300     
  -2.72000002861023        1.41082998716026     
  -2.71000002883375        1.40770910510684     
  -2.70000002905726        1.40458204378396     
  -2.69000002928078        1.40144875576033     
  -2.68000002950430        1.39830921169573     
  -2.67000002972782        1.39516337693503     
  -2.66000002995133        1.39201120008143     
  -2.65000003017485        1.38885265480218     
  -2.64000003039837        1.38568769735302     
  -2.63000003062189        1.38251628608550     
  -2.62000003084540        1.37933837326297     
  -2.61000003106892        1.37615394279224     
  -2.60000003129244        1.37296292630821     
  -2.59000003151596        1.36976529406589     
  -2.58000003173947        1.36656100229244     
  -2.57000003196299        1.36335000948262     
  -2.56000003218651        1.36013227330946     
  -2.55000003241003        1.35690775013199     
  -2.54000003263354        1.35367639444520     
  -2.53000003285706        1.35043817234891     
  -2.52000003308058        1.34719301364057     
  -2.51000003330410        1.34394089573099     
  -2.50000003352761        1.34068176573344     
  -2.49000003375113        1.33741557726195     
  -2.48000003397465        1.33414228341542     
  -2.47000003419816        1.33086183675889     
  -2.46000003442168        1.32757418932685     
  -2.45000003464520        1.32427929260678     
  -2.44000003486872        1.32097709752445     
  -2.43000003509223        1.31766755447499     
  -2.42000003531575        1.31435061322977     
  -2.41000003553927        1.31102622303003     
  -2.40000003576279        1.30769433250390     
  -2.39000003598630        1.30435488966898     
  -2.38000003620982        1.30100784195645     
  -2.37000003643334        1.29765313616486     
  -2.36000003665686        1.29429071846603     
  -2.35000003688037        1.29092053438980     
  -2.34000003710389        1.28754252881689     
  -2.33000003732741        1.28415664596389     
  -2.32000003755093        1.28076282937536     
  -2.31000003777444        1.27736102191349     
  -2.30000003799796        1.27395116573058     
  -2.29000003822148        1.27053320229315     
  -2.28000003844500        1.26710707232927     
  -2.27000003866851        1.26367271584259     
  -2.26000003889203        1.26023007208305     
  -2.25000003911555        1.25677907955076     
  -2.24000003933907        1.25331967596649     
  -2.23000003956258        1.24985179827008     
  -2.22000003978610        1.24637538259582     
  -2.21000004000962        1.24289036427055     
  -2.20000004023314        1.23939667778755     
  -2.19000004045665        1.23589425679700     
  -2.18000004068017        1.23238303409531     
  -2.17000004090369        1.22886294159503     
  -2.16000004112720        1.22533390726997     
  -2.15000004135072        1.22179587440434     
  -2.14000004157424        1.21824875580347     
  -2.13000004179776        1.21469248103156     
  -2.12000004202127        1.21112698412884     
  -2.11000004224479        1.20755219446633     
  -2.10000004246831        1.20396803356027     
  -2.09000004269183        1.20037441568730     
  -2.08000004291534        1.19677127889696     
  -2.07000004313886        1.19315854064048     
  -2.06000004336238        1.18953612069314     
  -2.05000004358590        1.18590393889989     
  -2.04000004380941        1.18226191484083     
  -2.03000004403293        1.17860996633030     
  -2.02000004425645        1.17494801001370     
  -2.01000004447997        1.17127596136518     
  -2.00000004470348        1.16759373464691     
  -1.99000004492700        1.16390124289527     
  -1.98000004515052        1.16019839788997     
  -1.97000004537404        1.15648511013211     
  -1.96000004559755        1.15276128882013     
  -1.95000004582107        1.14902684181772     
  -1.94000004604459        1.14528167562981     
  -1.93000004626811        1.14152569537609     
  -1.92000004649162        1.13775880475798     
  -1.91000004671514        1.13398090603317     
  -1.90000004693866        1.13019189998215     
  -1.89000004716218        1.12639168588014     
  -1.88000004738569        1.12258016146212     
  -1.87000004760921        1.11875722289241     
  -1.86000004783273        1.11492276472982     
  -1.85000004805624        1.11107667989290     
  -1.84000004827976        1.10721885962519     
  -1.83000004850328        1.10334919345797     
  -1.82000004872680        1.09946756917321     
  -1.81000004895031        1.09557387276452     
  -1.80000004917383        1.09166798839787     
  -1.79000004939735        1.08774979837058     
  -1.78000004962087        1.08381918306922     
  -1.77000004984438        1.07987602092724     
  -1.76000005006790        1.07592018837943     
  -1.75000005029142        1.07195155981709     
  -1.74000005051494        1.06797000754072     
  -1.73000005073845        1.06397540171207     
  -1.72000005096197        1.05996761030455     
  -1.71000005118549        1.05594649904964     
  -1.70000005140901        1.05191193138917     
  -1.69000005163252        1.04786376841464     
  -1.68000005185604        1.04380186881625     
  -1.67000005207956        1.03972608882533     
  -1.66000005230308        1.03563628215055     
  -1.65000005252659        1.03153229991736     
  -1.64000005275011        1.02741399061361     
  -1.63000005297363        1.02328120001232     
  -1.62000005319715        1.01913377111428     
  -1.61000005342066        1.01497154122403     
  -1.60000005364418        1.01079435831106     
  -1.59000005386770        1.00660204150593     
  -1.58000005409122        1.00239443141353     
  -1.57000005431473       0.998171353875969     
  -1.56000005453825       0.993932633706556     
  -1.55000005476177       0.989678092406631     
  -1.54000005498528       0.985407548085038     
  -1.53000005520880       0.981120815365836     
  -1.52000005543232       0.976817705298275     
  -1.51000005565584       0.972498025260314     
  -1.50000005587935       0.968161578862015     
  -1.49000005610287       0.963808165842762     
  -1.48000005632639       0.959437581967435     
  -1.47000005654991       0.955049618917218     
  -1.46000005677342       0.950644064177958     
  -1.45000005699694       0.946220700924221     
  -1.44000005722046       0.941779307898536     
  -1.43000005744398       0.937319659288174     
  -1.42000005766749       0.932841524595522     
  -1.41000005789101       0.928344668505831     
  -1.40000005811453       0.923828850748805     
  -1.39000005833805       0.919293825955690     
  -1.38000005856156       0.914739343511989     
  -1.37000005878508       0.910165147402533     
  -1.36000005900860       0.905570976055359     
  -1.35000005923212       0.900956562172866     
  -1.34000005945563       0.896321632564809     
  -1.33000005967915       0.891665907968282     
  -1.32000005990267       0.886989102864449     
  -1.31000006012619       0.882290925287779     
  -1.30000006034970       0.877571076628449     
  -1.29000006057322       0.872829251424226     
  -1.28000006079674       0.868065137149484     
  -1.27000006102026       0.863278413990414     
  -1.26000006124377       0.858468754616124     
  -1.25000006146729       0.853635823937277     
  -1.24000006169081       0.848779278857102     
  -1.23000006191432       0.843898768011639     
  -1.22000006213784       0.838993931499985     
  -1.21000006236136       0.834064400602613     
  -1.20000006258488       0.829109797489217     
  -1.19000006280839       0.824129734913884     
  -1.18000006303191       0.819123815897873     
  -1.17000006325543       0.814091633399095     
  -1.16000006347895       0.809032769966782     
  -1.15000006370246       0.803946797383378     
  -1.14000006392598       0.798833276288673     
  -1.13000006414950       0.793691756104715     
  -1.12000006437302       0.788521771190448     
  -1.11000006459653       0.783322857097347     
  -1.10000006482005       0.778094506504673     
  -1.09000006504357       0.772836230257908     
  -1.08000006526709       0.767547518807206     
  -1.07000006549060       0.762227839604245     
  -1.06000006571412       0.756876634966072     
  -1.05000006593764       0.751493359779539     
  -1.04000006616116       0.746077434489459     
  -1.03000006638467       0.740628267145980     
  -1.02000006660819       0.735145248619473     
  -1.01000006683171       0.729627751934095     
  -1.00000006705523       0.724075131567554     
 -0.990000067278743       0.718486722719738     
 -0.980000067502260       0.712861840542772     
 -0.970000067725778       0.707199779335388     
 -0.960000067949295       0.701499811695630     
 -0.950000068172812       0.695761187632421     
 -0.940000068396330       0.689983133630924     
 -0.930000068619847       0.684164851671292     
 -0.920000068843365       0.678305518196552     
 -0.910000069066882       0.672404283025993     
 -0.900000069290400       0.666460268213460     
 -0.890000069513917       0.660472566843268     
 -0.880000069737434       0.654440241763037     
 -0.870000069960952       0.648362324247926     
 -0.860000070184469       0.642237812591855     
 -0.850000070407987       0.636065670621982     
 -0.840000070631504       0.629844826130148     
 -0.830000070855021       0.623574169216884     
 -0.820000071078539       0.617252550541833     
 -0.810000071302056       0.610878779473898     
 -0.800000071525574       0.604451622134918     
 -0.790000071749091       0.597969799329697     
 -0.780000071972609       0.591431984353787     
 -0.770000072196126       0.584836800671154     
 -0.760000072419643       0.578182819452578     
 -0.750000072643161       0.571468556964264     
 -0.740000072866678       0.564692471796579     
 -0.730000073090196       0.557852961921703     
 -0.720000073313713       0.550948361565307     
 -0.710000073537230       0.543976937882554     
 -0.700000073760748       0.536936887418949     
 -0.690000073984265       0.529826332344152     
 -0.680000074207783       0.522643316438113     
 -0.670000074431300       0.515385798605963     
 -0.660000074654818       0.508051660552116     
 -0.650000074878335       0.500638675401332     
 -0.640000075101852       0.493144528356058     
 -0.630000075325370       0.485566805056778     
 -0.620000075548887       0.477902974116889     
 -0.610000075772405       0.470150401223529     
 -0.600000075995922       0.462306311263176     
 -0.590000076219440       0.454367816068028     
 -0.580000076442957       0.446331883686622     
 -0.570000076666474       0.438195334956754     
 -0.560000076889992       0.429954842102728     
 -0.550000077113509       0.421606905252984     
 -0.540000077337027       0.413147854499980     
 -0.530000077560544       0.404573828742801     
 -0.520000077784061       0.395880774541556     
 -0.510000078007579       0.387064419014148     
 -0.500000078231096       0.378120268545637     
 -0.490000078454614       0.369043584343939     
 -0.480000078678131       0.359829369353944     
 -0.470000078901649       0.350472349226372     
 -0.460000079125166       0.340966952426796     
 -0.450000079348683       0.331307288596651     
 -0.440000079572201       0.321487124987867     
 -0.430000079795718       0.311499860764762     
 -0.420000080019236       0.301338498952987     
 -0.410000080242753       0.290995615756191     
 -0.400000080466270       0.280463326980270     
 -0.390000080689788       0.269733251224235     
 -0.380000080913305       0.258796469459948     
 -0.370000081136823       0.247643480596603     
 -0.360000081360340       0.236264152547620     
 -0.350000081583858       0.224647668261965     
 -0.340000081807375       0.212782466102359     
 -0.330000082030892       0.200656173869488     
 -0.320000082254410       0.188255535664924     
 -0.310000082477927       0.175566330668762     
 -0.300000082701445       0.162573282775321     
 -0.290000082924962       0.149259959836151     
 -0.280000083148479       0.135608661166094     
 -0.270000083371997       0.121600291530674     
 -0.260000083595514       0.107214219884747     
 -0.250000083819032       9.242812049896425E-002
 -0.240000084042549       7.721779388673178E-002
 -0.230000084266067       6.155696458032445E-002
 -0.220000084489584       4.541705204920009E-002
 -0.210000084713101       2.876675909935554E-002
 -0.200000084936619       1.157261450079915E-002
 -0.190000085160136      -6.203104135613671E-003
 -0.180000085383654      -2.460116165971850E-002
 -0.170000085607171      -4.366611486235362E-002
 -0.160000085830688      -6.344779472921377E-002
 -0.150000086054206      -8.399971310090310E-002
 -0.140000086277723      -0.105384118759380     
 -0.130000086501241      -0.127665494232742     
 -0.120000086724758      -0.150920154195387     
 -0.110000086948276      -0.175226778339813     
 -9.000008739531040E-002 -0.227403091357514     
 -8.000008761882782E-002 -0.255492571266290     
 -7.000008784234524E-002 -0.285082360567360     
 -6.000008806586266E-002 -0.316332185415777     
 -5.000008828938007E-002 -0.349417146998869     
 -4.000008851289749E-002 -0.384526292309139     
 -3.000008873641491E-002 -0.421895395701737     
 -2.000008895993233E-002 -0.461789794636831     
 -1.000008918344975E-002 -0.504518310933824     
 -8.940696716308594E-008 -0.550442149295382     
  9.999910369515419E-003 -0.599989608397848     
  1.999991014599800E-002 -0.653666927722056     
  2.999990992248058E-002 -0.712083448668636     
  3.999990969896317E-002 -0.775973018610701     
  4.999990947544575E-002 -0.846230820701674     
  5.999990925192833E-002 -0.923959614519113     
  6.999990902841091E-002  -1.01053362915898     
  7.999990880489349E-002  -1.10768760960864     
  8.999990858137608E-002  -1.21764336979729     
  9.999990835785866E-002  -1.34329368710959     
  0.109999908134341       -1.48847631341873     
  0.119999907910824       -1.65839421916494     
  0.129999907687306       -1.86028199555552     
  0.139999907463789       -2.10450484117115     
  0.149999907240272       -2.40645747739421     
  0.159999907016754       -2.79003607249714     
  0.169999906793237       -3.29444688469018     
  0.179999906569719       -3.98880641845282     
  0.189999906346202       -5.00738697784027     
  0.199999906122684       -6.65006892929143     
  0.209999905899167       -9.75148703094907     
  0.219999905675650       -17.8318827290684     
  0.229999905452132       -92.3287664681697     
  0.239999905228615        30.0094657189723     
  0.249999905005097        13.0721208866070     
  0.259999904781580        8.41708700215696     
  0.269999904558063        6.23646944450448     
  0.279999904334545        4.96971064334905     
  0.289999904111028        4.14056083033278     
  0.299999903887510        3.55470464827677     
  0.309999903663993        3.11802925675865     
  0.319999903440475        2.77941220562790     
  0.329999903216958        2.50868449853397     
  0.339999902993441        2.28690124096510     
  0.349999902769923        2.10155824131128     
  0.359999902546406        1.94407627265402     
  0.369999902322888        1.80836729620636     
  0.379999902099371        1.68999189630302     
  0.389999901875854        1.58564162285186     
  0.399999901652336        1.49279603302055     
  0.409999901428819        1.40949897163039     
  0.419999901205301        1.33421542036029     
  0.429999900981784        1.26572000129218     
  0.439999900758266        1.20302159236967     
  0.449999900534749        1.14531287959025     
  0.459999900311232        1.09192736867246     
  0.469999900087714        1.04231059245326     
  0.479999899864197       0.995998525800369     
  0.489999899640679       0.952597765401653     
  0.499999899417162       0.911774135878384     
  0.509999899193645       0.873241358661929     
  0.519999898970127       0.836752804020822     
  0.529999898746610       0.802094823903536     
  0.539999898523092       0.769081385081175     
  0.549999898299575       0.737549716203041     
  0.559999898076057       0.707356751903359     
  0.569999897852540       0.678376208792559     
  0.579999897629023       0.650496165990032     
  0.589999897405505       0.623617051438374     
  0.599999897181988       0.597649956759776     
  0.609999896958470       0.572515219641486     
  0.619999896734953       0.548141225517159     
  0.629999896511436       0.524463389836413     
  0.639999896287918       0.501423289980135     
  0.649999896064401       0.478967921674562     
  0.659999895840883       0.457049059492761     
  0.669999895617366       0.435622704846366     
  0.679999895393848       0.414648607718690     
  0.689999895170331       0.394089850868300     
  0.699999894946814       0.373912487126662     
  0.709999894723296       0.354085222013364     
  0.719999894499779       0.334579135131098     
  0.729999894276261       0.315367434896884     
  0.739999894052744       0.296425241948101     
  0.749999893829226       0.277729397395221     
  0.759999893605709       0.259258292569559     
  0.769999893382192       0.240991717449346     
  0.779999893158674       0.222910725374521     
  0.789999892935157       0.204997512013575     
  0.799999892711639       0.187235306728824     
  0.809999892488122       0.169608274903584     
  0.819999892264605       0.152101429873539     
  0.829999892041087       0.134700553294636     
  0.839999891817570       0.117392122989553     
  0.849999891594052       0.100163247407037     
  0.859999891370535       8.300160584935820E-002
  0.869999891147017       6.589540869411710E-002
  0.879999890923500       4.883332404542538E-002
  0.889999890699983       3.180431804470545E-002
  0.899999890476465       1.479807745494074E-002
  0.909999890252948      -2.195855161502137E-003
  0.919999890029430      -1.918719070766891E-002
  0.929999889805913      -3.618557473995768E-002
  0.939999889582396      -5.320053165396915E-002
  0.949999889358878      -7.024109995684473E-002
  0.959999889135361      -8.731632948209098E-002
  0.969999888911843      -0.104435065692604     
  0.979999888688326      -0.121606023884744     
  0.989999888464808      -0.138837812640437     
  0.999999888241291      -0.156138956305631     
   1.00999988801777      -0.173517916482066     
   1.01999988779426      -0.190983112787855     
   1.02999988757074      -0.208542942986821     
   1.03999988734722      -0.226205802540660     
   1.04999988712370      -0.243980103757071     
   1.05999988690019      -0.261874294642061     
   1.06999988667667      -0.279896877449590     
   1.07999988645315      -0.298056427173462     
   1.08999988622963      -0.316361609958177     
   1.09999988600612      -0.334821201570548     
   1.10999988578260      -0.353444105982467     
   1.11999988555908      -0.372239374196693     
   1.12999988533556      -0.391216223366421     
   1.13999988511205      -0.410384056311417     
   1.14999988488853      -0.429752481493713     
   1.15999988466501      -0.449331333626864     
   1.16999988444149      -0.469130694850006     
   1.17999988421798      -0.489160916769276     
   1.18999988399446      -0.509432643293930     
   1.19999988377094      -0.529956834468676     
   1.20999988354743      -0.550744791384984     
   1.21999988332391      -0.571808182318159     
   1.22999988310039      -0.593159070140801     
   1.23999988287687      -0.614809941285119     
   1.24999988265336      -0.636773736246495     
   1.25999988242984      -0.659063881876986     
   1.26999988220632      -0.681694325691393     
   1.27999988198280      -0.704679572198966     
   1.28999988175929      -0.728034721645572     
   1.29999988153577      -0.751775511282731     
   1.30999988131225      -0.775918359431361     
   1.31999988108873      -0.800480412597619     
   1.32999988086522      -0.825479595953506     
   1.33999988064170      -0.850934667452379     
   1.34999988041818      -0.876865276004048     
   1.35999988019466      -0.903292023963611     
   1.36999987997115      -0.930236534518951     
   1.37999987974763      -0.957721524423532     
   1.38999987952411      -0.985770882312897     
   1.39999987930059       -1.01440975932411     
   1.40999987907708       -1.04366459276282     
   1.41999987885356       -1.07356346199912     
   1.42999987863004       -1.10413574075024     
   1.43999987840652       -1.13541264234398     
   1.44999987818301       -1.16742714252414     
   1.45999987795949       -1.20021415894171     
   1.46999987773597       -1.23381070374354     
   1.47999987751245       -1.26825605027069     
   1.48999987728894       -1.30359191562938     
   1.49999987706542       -1.33986266078861     
   1.50999987684190       -1.37711551060754     
   1.51999987661839       -1.41540079560978     
   1.52999987639487       -1.45477221852192     
   1.53999987617135       -1.49528714842860     
   1.54999987594783       -1.53700694584693     
   1.55999987572432       -1.57999732282741     
   1.56999987550080       -1.62432874250363     
   1.57999987527728       -1.67007686308403     
   1.58999987505376       -1.71732303240321     
   1.59999987483025       -1.76615483974684     
   1.60999987460673       -1.81666673294874     
   1.61999987438321       -1.86896070986146     
   1.62999987415969       -1.92314709499836     
   1.63999987393618       -1.97934541379103     
   1.64999987371266       -2.03768537904997     
   1.65999987348914       -2.09830800695638     
   1.66999987326562       -2.16136688283484     
   1.67999987304211       -2.22702960042349     
   1.68999987281859       -2.29547940368123     
   1.69999987259507       -2.36691706443065     
   1.70999987237155       -2.44156303710701     
   1.71999987214804       -2.51965993872406     
   1.72999987192452       -2.60147541377572     
   1.73999987170100       -2.68730545455150     
   1.74999987147748       -2.77747826460289     
   1.75999987125397       -2.87235877154172     
   1.76999987103045       -2.97235391988951     
   1.77999987080693       -3.07791890657086     
   1.78999987058342       -3.18956455978589     
   1.79999987035990       -3.30786611683781     
   1.80999987013638       -3.43347371358169     
   1.81999986991286       -3.56712499767436     
   1.82999986968935       -3.70966037544768     
   1.83999986946583       -3.86204156266407     
   1.84999986924231       -4.02537430561889     
   1.85999986901879       -4.20093640421741     
   1.86999986879528       -4.39021120512668     
   1.87999986857176       -4.59493589482321     
   1.88999986834824       -4.81715415870421     
   1.89999986812472       -5.05927747236206     
   1.90999986790121       -5.32419129147165     
   1.91999986767769       -5.61536653391876     
   1.92999986745417       -5.93701513361080     
   1.93999986723065       -6.29430446818085     
   1.94999986700714       -6.69362527806046     
   1.95999986678362       -7.14302419534357     
   1.96999986656010       -7.65270766851559     
   1.97999986633658       -8.23588045821629     
   1.98999986611307       -8.90990257659602     
   1.99999986588955       -9.69807011707282     
