  5.000000000000000E-005  0.265802164641391     
  2.000000000000000E-004  0.265802164470074     
  4.500000000000000E-004  0.265802162538774     
  8.000000000000000E-004  0.265802151842982     
  1.250000000000000E-003  0.265802111787615     
  1.800000000000000E-003  0.265801994830206     
  2.450000000000000E-003  0.265801707539639     
  3.200000000000000E-003  0.265801086289209     
  4.050000000000000E-003  0.265799868396941     
  5.000000000000000E-003  0.265797660029764     
  6.050000000000001E-003  0.265793902555674     
  7.200000000000001E-003  0.265787839233192     
  8.450000000000001E-003  0.265778484164111     
  9.800000000000000E-003  0.265764595315810     
  1.125000000000000E-002  0.265744653169659     
  1.280000000000000E-002  0.265716846207605     
  1.445000000000000E-002  0.265679064048881     
  1.620000000000000E-002  0.265628898630903     
  1.805000000000000E-002  0.265563653425994     
  2.000000000000000E-002  0.265480360324730     
  2.205000000000000E-002  0.265375803515506     
  2.420000000000000E-002  0.265246549458386     
  2.645000000000000E-002  0.265088981892386     
  2.880000000000000E-002  0.264899340726110     
  3.125000000000001E-002  0.264673763635161     
  3.380000000000000E-002  0.264408329216305     
  3.645000000000000E-002  0.264099100616957     
  3.920000000000000E-002  0.263742168658228     
  4.205000000000000E-002  0.263333693589985     
  4.500000000000000E-002  0.262869944747965     
  4.805000000000000E-002  0.262347337518148     
  5.120000000000000E-002  0.261762467146276     
  5.445000000000001E-002  0.261112139055906     
  5.780000000000000E-002  0.260393395453570     
  6.125000000000001E-002  0.259603538102430     
  6.480000000000000E-002  0.258740147235354     
  6.845000000000001E-002  0.257801096654246     
  7.220000000000000E-002  0.256784565125203     
  7.605000000000001E-002  0.255689044229377     
  8.000000000000000E-002  0.254513342868306     
  8.405000000000001E-002  0.253256588651248     
  8.820000000000000E-002  0.251918226411804     
  9.244999999999999E-002  0.250498014113279     
  9.680000000000001E-002  0.248996016407881     
  0.101250000000000       0.247412596115117     
  0.105800000000000       0.245748403880680     
  0.110450000000000       0.244004366269483     
  0.115200000000000       0.242181672536262     
  0.120050000000000       0.240281760304805     
  0.125000000000000       0.238306300373156     
  0.130050000000000       0.236257180847450     
  0.135200000000000       0.234136490791817     
  0.140450000000000       0.231946503566393     
  0.145800000000000       0.229689660010069     
  0.151250000000000       0.227368551609522     
  0.156800000000000       0.224985903781319     
  0.162450000000000       0.222544559379689     
  0.168200000000000       0.220047462529036     
  0.174050000000000       0.217497642867376     
  0.180000000000000       0.214898200274829     
  0.186050000000000       0.212252290150003     
  0.192200000000000       0.209563109286591     
  0.198450000000000       0.206833882392804     
  0.204800000000000       0.204067849287269     
  0.211250000000000       0.201268252796804     
  0.217800000000000       0.198438327373955     
  0.224450000000000       0.195581288445362     
  0.231200000000000       0.192700322495886     
  0.238050000000000       0.189798577887970     
  0.245000000000000       0.186879156410834     
  0.252050000000000       0.183945105549842     
  0.259200000000000       0.180999411462622     
  0.266450000000000       0.178044992645264     
  0.273800000000000       0.175084694269071     
  0.281250000000000       0.172121283165968     
  0.288800000000000       0.169157443438661     
  0.296450000000000       0.166195772670018     
  0.304200000000000       0.163238778704907     
  0.312050000000000       0.160288876976774     
  0.320000000000000       0.157348388350617     
  0.328050000000000       0.154419537453565     
  0.336200000000000       0.151504451464117     
  0.344450000000000       0.148605159331024     
  0.352800000000000       0.145723591393010     
  0.361250000000000       0.142861579370808     
  0.369800000000000       0.140020856703501     
  0.378450000000000       0.137203059201773     
  0.387200000000000       0.134409725991414     
  0.396050000000000       0.131642300721272     
  0.405000000000000       0.128902133010718     
  0.414050000000000       0.126190480112635     
  0.423200000000000       0.123508508768887     
  0.432450000000000       0.120857297236240     
  0.441800000000000       0.118237837461728     
  0.451250000000000       0.115651037387517     
  0.460800000000000       0.113097723366426     
  0.470450000000000       0.110578642670364     
  0.480200000000000       0.108094466075037     
  0.490050000000000       0.105645790505350     
  0.500000000000000       0.103233141726954     
  0.510050000000000       0.100856977070393     
  0.520200000000000       9.851768817528395E-002
  0.530450000000000       9.621560374290339E-002
  0.540800000000000       9.395099228650597E-002
  0.551250000000000       9.172406486963541E-002
  0.561800000000000       8.953497782356862E-002
  0.572450000000000       8.738383543590786E-002
  0.583200000000000       8.527069260312320E-002
  0.594050000000000       8.319555744060178E-002
  0.605000000000000       8.115839384445295E-002
  0.616050000000000       7.915912399997904E-002
  0.627200000000000       7.719763083234749E-002
  0.638450000000000       7.527376039562533E-002
  0.649800000000000       7.338732419690830E-002
  0.661250000000000       7.153810145284473E-002
  0.672800000000000       6.972584127636161E-002
  0.684450000000000       6.795026479186300E-002
  0.696200000000000       6.621106717758049E-002
  0.708050000000000       6.450791963413294E-002
  0.720000000000000       6.284047127868655E-002
  0.732050000000000       6.120835096443925E-002
  0.744200000000000       5.961116902546179E-002
  0.756450000000000       5.804851894722693E-002
  0.768800000000000       5.651997896343003E-002
  0.781250000000000       5.502511357994053E-002
  0.793800000000000       5.356347502693193E-002
  0.806450000000000       5.213460464039016E-002
  0.819200000000000       5.073803417434533E-002
  0.832050000000000       4.937328704528857E-002
  0.845000000000000       4.803987951034977E-002
  0.858050000000000       4.673732178092380E-002
  0.871200000000000       4.546511907353548E-002
  0.884450000000000       4.422277259982427E-002
  0.897800000000000       4.300978049759216E-002
  0.911250000000000       4.182563870490286E-002
  0.924800000000000       4.066984177922939E-002
  0.938450000000000       3.954188366365116E-002
  0.952200000000000       3.844125840209633E-002
  0.966050000000000       3.736746080562217E-002
  0.980000000000000       3.631998707173009E-002
  0.994050000000000       3.529833535871296E-002
   1.00820000000000       3.430200631702920E-002
   1.02245000000000       3.333050357967307E-002
   1.03680000000000       3.238333421348050E-002
   1.05125000000000       3.146000913324820E-002
   1.06580000000000       3.056004348048977E-002
   1.08045000000000       2.968295696859582E-002
   1.09520000000000       2.882827419611517E-002
   1.11005000000000       2.799552492983687E-002
   1.12500000000000       2.718424435931738E-002
   1.14005000000000       2.639397332445825E-002
   1.15520000000000       2.562425851769445E-002
   1.17045000000000       2.487465266229172E-002
   1.18580000000000       2.414471466818510E-002
   1.20125000000000       2.343400976672483E-002
   1.21680000000000       2.274210962562992E-002
   1.23245000000000       2.206859244540271E-002
   1.24820000000000       2.141304303841482E-002
   1.26405000000000       2.077505289183973E-002
   1.28000000000000       2.015422021556915E-002
   1.29605000000000       1.955014997620461E-002
   1.31220000000000       1.896245391816037E-002
   1.32845000000000       1.839075057285425E-002
   1.34480000000000       1.783466525690142E-002
   1.36125000000000       1.729383006017568E-002
   1.37780000000000       1.676788382455757E-002
   1.39445000000000       1.625647211415471E-002
   1.41120000000000       1.575924717775318E-002
   1.42805000000000       1.527586790422003E-002
   1.44500000000000       1.480599977154295E-002
   1.46205000000000       1.434931479014206E-002
   1.47920000000000       1.390549144104236E-002
   1.49645000000000       1.347421460944220E-002
   1.51380000000000       1.305517551417607E-002
   1.53125000000000       1.264807163353643E-002
   1.54880000000000       1.225260662789712E-002
   1.56645000000000       1.186849025956038E-002
   1.58420000000000       1.149543831022953E-002
   1.60205000000000       1.113317249647960E-002
   1.62000000000000       1.078142038356567E-002
   1.63805000000000       1.043991529787514E-002
   1.65620000000000       1.010839623829313E-002
   1.67445000000000       9.786607786729073E-003
   1.69280000000000       9.474300018032789E-003
   1.71125000000000       9.171228409518117E-003
   1.72980000000000       8.877153750305289E-003
   1.74845000000000       8.591842050681309E-003
   1.76720000000000       8.315064451660692E-003
   1.78605000000000       8.046597134907796E-003
   1.80500000000000       7.786221233158308E-003
   1.82405000000000       7.533722741254578E-003
   1.84320000000000       7.288892427896987E-003
   1.86245000000000       7.051525748202059E-003
   1.88180000000000       6.821422757156359E-003
   1.90125000000000       6.598388024051938E-003
   1.92080000000000       6.382230547982204E-003
   1.94045000000000       6.172763674466231E-003
   1.96020000000000       5.969805013252449E-003
   1.98005000000000       5.773176357335985E-003
   2.00000000000000       5.582703603207839E-003
   2.02005000000000       5.398216672346967E-003
   2.04020000000000       5.219549433959692E-003
   2.06045000000000       5.046539628975721E-003
   2.08080000000000       4.879028795307883E-003
   2.10125000000000       4.716862194383387E-003
   2.12180000000000       4.559888738947249E-003
   2.14245000000000       4.407960922129250E-003
   2.16320000000000       4.260934747756184E-003
   2.18405000000000       4.118669661883567E-003
   2.20500000000000       3.981028485518956E-003
   2.22605000000000       3.847877348513218E-003
   2.24720000000000       3.719085624600549E-003
   2.26845000000000       3.594525867575138E-003
   2.28980000000000       3.474073748593931E-003
   2.31125000000000       3.357607994593781E-003
   2.33280000000000       3.245010327805220E-003
   2.35445000000000       3.136165406339708E-003
   2.37620000000000       3.030960765824320E-003
   2.39805000000000       2.929286762055616E-003
   2.42000000000000       2.831036514651109E-003
   2.44205000000000       2.736105851681325E-003
   2.46420000000000       2.644393255268607E-003
   2.48645000000000       2.555799808143133E-003
   2.50880000000000       2.470229141140812E-003
   2.53125000000000       2.387587381625811E-003
   2.55380000000000       2.307783102812266E-003
   2.57645000000000       2.230727273958899E-003
   2.59920000000000       2.156333211410122E-003
   2.62205000000000       2.084516530460045E-003
   2.64500000000000       2.015195098023059E-003
   2.66805000000000       1.948288986096558E-003
   2.69120000000000       1.883720426002988E-003
   2.71445000000000       1.821413763397506E-003
   2.73780000000000       1.761295414021258E-003
   2.76125000000000       1.703293820177365E-003
   2.78480000000000       1.647339407905402E-003
   2.80845000000000       1.593364544829501E-003
   2.83220000000000       1.541303498660440E-003
   2.85605000000000       1.491092396335658E-003
   2.88000000000000       1.442669183784828E-003
   2.90405000000000       1.395973586310495E-003
   2.92820000000000       1.350947069568731E-003
   2.95245000000000       1.307532801134825E-003
   2.97680000000000       1.265675612634298E-003
   3.00125000000000       1.225321962418258E-003
   3.02580000000000       1.186419898766278E-003
   3.05045000000000       1.148919023602146E-003
   3.07520000000000       1.112770456712819E-003
   3.10005000000000       1.077926800465923E-003
   3.12500000000000       1.044342105020191E-003
   3.15005000000000       1.011971834024850E-003
   3.17520000000000       9.807728308002250E-004
   3.20045000000000       9.507032849923602E-004
   3.22580000000000       9.217226996927064E-004
   3.25125000000000       8.937918590188332E-004
   3.27680000000000       8.668727961545497E-004
   3.30245000000000       8.409287618517114E-004
   3.32820000000000       8.159241934005412E-004
   3.35405000000000       7.918246840731280E-004
   3.38000000000000       7.685969530449310E-004
   3.40605000000000       7.462088157959013E-004
   3.43220000000000       7.246291549902750E-004
   3.45845000000000       7.038278918340968E-004
   3.48480000000000       6.837759579087499E-004
   3.51125000000000       6.644452674836598E-004
   3.53780000000000       6.458086903105564E-004
   3.56445000000000       6.278400249037364E-004
   3.59120000000000       6.105139723117103E-004
   3.61805000000000       5.938061103806791E-004
   3.64500000000000       5.776928685095051E-004
   3.67205000000000       5.621515028939039E-004
   3.69920000000000       5.471600722568026E-004
   3.72645000000000       5.326974140630325E-004
   3.75380000000000       5.187431212182458E-004
   3.78125000000000       5.052775192553316E-004
   3.80880000000000       4.922816440102729E-004
   3.83645000000000       4.797372197903882E-004
   3.86420000000000       4.676266380349570E-004
   3.89205000000000       4.559329364661191E-004
   3.92000000000000       4.446397787249423E-004
   3.94805000000000       4.337314344889376E-004
   3.97620000000000       4.231927600644725E-004
   4.00445000000000       4.130091794510848E-004
   4.03280000000000       4.031666658748101E-004
   4.06125000000000       3.936517237870807E-004
   4.08980000000000       3.844513713252007E-004
   4.11845000000000       3.755531232281784E-004
   4.14720000000000       3.669449741990349E-004
   4.17605000000000       3.586153827043193E-004
   4.20500000000000       3.505532552002810E-004
   4.23405000000000       3.427479307773207E-004
   4.26320000000000       3.351891662148332E-004
   4.29245000000000       3.278671214421158E-004
   4.32180000000000       3.207723453982347E-004
   4.35125000000000       3.138957622875749E-004
   4.38080000000000       3.072286582238570E-004
   4.41045000000000       3.007626682548503E-004
   4.44020000000000       2.944897637598975E-004
   4.47005000000000       2.884022402128150E-004
   4.50000000000000       2.824927053022286E-004
   4.53005000000000       2.767540674055713E-004
   4.56020000000000       2.711795244123016E-004
   4.59045000000000       2.657625528921792E-004
   4.62080000000000       2.604968976063216E-004
   4.65125000000000       2.553765613537706E-004
   4.68180000000000       2.503957951485725E-004
   4.71245000000000       2.455490887194323E-004
   4.74320000000000       2.408311613247283E-004
   4.77405000000000       2.362369528768338E-004
   4.80500000000000       2.317616153702518E-004
   4.83605000000000       2.274005046090100E-004
   4.86720000000000       2.231491722286538E-004
   4.89845000000000       2.190033580080630E-004
   4.92980000000000       2.149589824640419E-004
   4.96125000000000       2.110121397211340E-004
   4.99280000000000       2.071590906483900E-004
   5.02445000000000       2.033962562540959E-004
   5.05620000000000       1.997202113322993E-004
   5.08805000000000       1.961276783529753E-004
   5.12000000000000       1.926155215920544E-004
   5.15205000000000       1.891807414934887E-004
   5.18420000000000       1.858204692591903E-004
   5.21645000000000       1.825319616580168E-004
   5.24880000000000       1.793125960460329E-004
   5.28125000000000       1.761598655891650E-004
   5.31380000000000       1.730713746798118E-004
   5.34645000000000       1.700448345393069E-004
   5.37920000000000       1.670780589995702E-004
   5.41205000000000       1.641689604583996E-004
   5.44500000000000       1.613155460011284E-004
   5.47805000000000       1.585159136832659E-004
   5.51120000000000       1.557682489660150E-004
   5.54445000000000       1.530708212964527E-004
   5.57780000000000       1.504219808242668E-004
   5.61125000000000       1.478201552467251E-004
   5.64480000000000       1.452638467752121E-004
   5.67845000000000       1.427516292176745E-004
   5.71220000000000       1.402821451715885E-004
   5.74605000000000       1.378541033227321E-004
   5.78000000000000       1.354662758451530E-004
   5.81405000000000       1.331174958966730E-004
   5.84820000000000       1.308066552040965E-004
   5.88245000000000       1.285327017316873E-004
   5.91680000000000       1.262946374298024E-004
   5.95125000000000       1.240915160576339E-004
   5.98580000000000       1.219224410790587E-004
   6.02045000000000       1.197865636291540E-004
   6.05520000000000       1.176830805497131E-004
   6.09005000000000       1.156112324919856E-004
   6.12500000000000       1.135703020828105E-004
   6.16005000000000       1.115596121529228E-004
   6.19520000000000       1.095785240211589E-004
   6.23045000000000       1.076264358340073E-004
   6.26580000000000       1.057027809563404E-004
   6.30125000000000       1.038070264122726E-004
   6.33680000000000       1.019386713746462E-004
   6.37245000000000       1.000972457022575E-004
   6.40820000000000       9.828230852210185E-005
   6.44405000000000       9.649344685463968E-005
   6.48000000000000       9.473027427914227E-005
   6.51605000000000       9.299242963622945E-005
   6.55220000000000       9.127957576565704E-005
   6.58845000000000       8.959139827818818E-005
   6.62480000000000       8.792760436165947E-005
   6.66125000000000       8.628792162157506E-005
   6.69780000000000       8.467209695617317E-005
   6.73445000000000       8.307989546646466E-005
   6.77120000000000       8.151109940018886E-005
   6.80805000000000       7.996550712796591E-005
   6.84500000000000       7.844293215047982E-005
   6.88205000000000       7.694320213535999E-005
   6.91920000000000       7.546615798292855E-005
   6.95645000000000       7.401165292098000E-005
   6.99380000000000       7.257955162737195E-005
   7.03125000000000       7.116972938114863E-005
   7.06880000000000       6.978207123992108E-005
   7.10645000000000       6.841647124167238E-005
   7.14420000000000       6.707283162943334E-005
   7.18205000000000       6.575106209472104E-005
   7.22000000000000       6.445107904007319E-005
   7.25805000000000       6.317280485779175E-005
   7.29620000000000       6.191616722589499E-005
   7.33445000000000       6.068109842066738E-005
   7.37280000000000       5.946753464608490E-005
   7.41125000000000       5.827541537911651E-005
   7.44980000000000       5.710468273151248E-005
   7.48845000000000       5.595528082519285E-005
   7.52720000000000       5.482715518212444E-005
   7.56605000000000       5.372025212779796E-005
   7.60500000000000       5.263451820919363E-005
   7.64405000000000       5.156989962806779E-005
   7.68320000000000       5.052634169133707E-005
   7.72245000000000       4.950378827939250E-005
   7.76180000000000       4.850218133278794E-005
   7.80125000000000       4.752146035769123E-005
   7.84080000000000       4.656156194904337E-005
   7.88045000000000       4.562241933248057E-005
   7.92020000000000       4.470396192457482E-005
   7.96005000000000       4.380611491172637E-005
   8.00000000000000       4.292879885109402E-005
   8.04005000000000       4.207192929234216E-005
   8.08020000000000       4.123541642309103E-005
   8.12045000000000       4.041916473773721E-005
   8.16080000000000       3.962307272992183E-005
   8.20125000000000       3.884703260864653E-005
   8.24180000000000       3.809093003742658E-005
   8.28245000000000       3.735464389764687E-005
   8.32320000000000       3.663804607628718E-005
   8.36405000000000       3.594100127896072E-005
   8.40500000000000       3.526336686981990E-005
   8.44605000000000       3.460499273821860E-005
   8.48720000000000       3.396572119196417E-005
   8.52845000000000       3.334538687677080E-005
   8.56980000000000       3.274381672119242E-005
   8.61125000000000       3.216082990487035E-005
   8.65280000000000       3.159623785192744E-005
   8.69445000000000       3.104984424567858E-005
   8.73620000000000       3.052144506765497E-005
   8.77805000000000       3.001082865822235E-005
   8.82000000000000       2.951777579918158E-005
   8.86205000000000       2.904205981502095E-005
   8.90420000000000       2.858344669287582E-005
   8.94645000000000       2.814169521742071E-005
   8.98880000000000       2.771655711936161E-005
   9.03125000000000       2.730777723608524E-005
   9.07380000000000       2.691509368230038E-005
   9.11645000000000       2.653823803100419E-005
   9.15920000000000       2.617693550305278E-005
   9.20205000000000       2.583090516433684E-005
   9.24500000000000       2.549986012978511E-005
   9.28805000000000       2.518350777297451E-005
   9.33120000000000       2.488154994023661E-005
   9.37445000000000       2.459368316937161E-005
   9.41780000000000       2.431959891208146E-005
   9.46125000000000       2.405898376178772E-005
   9.50480000000000       2.381151968627870E-005
   9.54845000000000       2.357688426762872E-005
   9.59220000000000       2.335475094800143E-005
   9.63605000000000       2.314478928255870E-005
   9.68000000000000       2.294666519975230E-005
   9.72405000000000       2.276004126777753E-005
   9.76820000000000       2.258457696852068E-005
   9.81245000000000       2.241992897777934E-005
   9.85680000000000       2.226575145325427E-005
   9.90125000000000       2.212169632997973E-005
   9.94580000000000       2.198741362313683E-005
   9.99045000000000       2.186255173730611E-005
   10.0352000000000       2.174675778388035E-005
   10.0800500000000       2.163967790180799E-005
   10.1250000000000       2.154095758544194E-005
   10.1700500000000       2.145024201499757E-005
   10.2152000000000       2.136717639134034E-005
   10.2604500000000       2.129140627410431E-005
   10.3058000000000       2.122257792136484E-005
   10.3512500000000       2.116033863214239E-005
   10.3968000000000       2.110433708851778E-005
   10.4424500000000       2.105422369830245E-005
   10.4882000000000       2.100965093493334E-005
   10.5340500000000       2.097027367448101E-005
   10.5800000000000       2.093574952816146E-005
   10.6260500000000       2.090573916901928E-005
   10.6722000000000       2.087990665261552E-005
   10.7184500000000       2.085791972938900E-005
   10.7648000000000       2.083945014952349E-005
   10.8112500000000       2.082417395760094E-005
   10.8578000000000       2.081177177742921E-005
   10.9044500000000       2.080192908587852E-005
   10.9512000000000       2.079433647550477E-005
   10.9980500000000       2.078868990534888E-005
   11.0450000000000       2.078469094102253E-005
   11.0920500000000       2.078204698263697E-005
   11.1392000000000       2.078047148246220E-005
   11.1864500000000       2.077968415159503E-005
   11.2338000000000       2.077941115602444E-005
   11.2812500000000       2.077938530276047E-005
   11.3288000000000       2.077934621574906E-005
   11.3764500000000       2.077904050251655E-005
   11.4242000000000       2.077822191154377E-005
   11.4720500000000       2.077665148059182E-005
   11.5200000000000       2.077409767703431E-005
   11.5680500000000       2.077033652880811E-005
   11.6162000000000       2.076515174737059E-005
   11.6644500000000       2.075833484221912E-005
   11.7128000000000       2.074968522680631E-005
   11.7612500000000       2.073901031562908E-005
   11.8098000000000       2.072612561371256E-005
   11.8584500000000       2.071085479654622E-005
   11.9072000000000       2.069302978319199E-005
   11.9560500000000       2.067249079834577E-005
   12.0050000000000       2.064908642790408E-005
   12.0540500000000       2.062267366353954E-005
   12.1032000000000       2.059311793878305E-005
   12.1524500000000       2.056029315550267E-005
   12.2018000000000       2.052408169983533E-005
   12.2512500000000       2.048437445023588E-005
   12.3008000000000       2.044107077431301E-005
   12.3504500000000       2.039407851661679E-005
   12.4002000000000       2.034331397643419E-005
   12.4500500000000       2.028870187503751E-005
   12.5000000000000       2.023017531244120E-005
   12.5500500000000       2.016767571383360E-005
   12.6002000000000       2.010115276551705E-005
   12.6504500000000       2.003056434074502E-005
   12.7008000000000       1.995587641523411E-005
   12.7512500000000       1.987706297384984E-005
   12.8018000000000       1.979410590630115E-005
   12.8524500000000       1.970699489423078E-005
   12.9032000000000       1.961572728720329E-005
   12.9540500000000       1.952030797008897E-005
   13.0050000000000       1.942074921945647E-005
   13.0560500000000       1.931707055169429E-005
   13.1072000000000       1.920929856152886E-005
   13.1584500000000       1.909746675299306E-005
   13.2098000000000       1.898161536195708E-005
   13.2612500000000       1.886179117072118E-005
   13.3128000000000       1.873804731550299E-005
   13.3644500000000       1.861044308609783E-005
   13.4162000000000       1.847904371887754E-005
   13.4680500000000       1.834392018318365E-005
   13.5200000000000       1.820514896244685E-005
   13.5720500000000       1.806281183125424E-005
   13.6242000000000       1.791699562897486E-005
   13.6764500000000       1.776779203088719E-005
   13.7288000000000       1.761529731786338E-005
   13.7812500000000       1.745961214488778E-005
   13.8338000000000       1.730084130918685E-005
   13.8864500000000       1.713909351830356E-005
   13.9392000000000       1.697448115922651E-005
   13.9920500000000       1.680712006946194E-005
   14.0450000000000       1.663712931015970E-005
   14.0980500000000       1.646463094240325E-005
   14.1512000000000       1.628974980566467E-005
   14.2044500000000       1.611261329942382E-005
   14.2578000000000       1.593335116534256E-005
   14.3112500000000       1.575209527115984E-005
   14.3648000000000       1.556897939475332E-005
   14.4184500000000       1.538413900775693E-005
   14.4722000000000       1.519771105995549E-005
   14.5260500000000       1.500983376245824E-005
   14.5800000000000       1.482064637192693E-005
   14.6340500000000       1.463028897369378E-005
   14.6882000000000       1.443890226487943E-005
   14.7424500000000       1.424662733739979E-005
   14.7968000000000       1.405360546014034E-005
   14.8512500000000       1.385997786251814E-005
   14.9058000000000       1.366588551865444E-005
   14.9604500000000       1.347146893482254E-005
   15.0152000000000       1.327686794055927E-005
   15.0700500000000       1.308222148382887E-005
   15.1250000000000       1.288766743251513E-005
   15.1800500000000       1.269334238096498E-005
   15.2352000000000       1.249938146230534E-005
   15.2904500000000       1.230591816725468E-005
   15.3458000000000       1.211308416865231E-005
   15.4012500000000       1.192100915292649E-005
   15.4568000000000       1.172982065861250E-005
   15.5124500000000       1.153964392219820E-005
   15.5682000000000       1.135060173113045E-005
   15.6240500000000       1.116281428409360E-005
   15.6800000000000       1.097639905789372E-005
   15.7360500000000       1.079147068017150E-005
   15.7922000000000       1.060814080816597E-005
   15.8484500000000       1.042651801325123E-005
   15.9048000000000       1.024670767130198E-005
   15.9612500000000       1.006881185966479E-005
   16.0178000000000       9.892929260513217E-006
   16.0744500000000       9.719155071363783E-006
   16.1312000000000       9.547580922475429E-006
   16.1880500000000       9.378294800854725E-006
   16.2450000000000       9.211380980422845E-006
   16.3020500000000       9.046919959732058E-006
   16.3592000000000       8.884988405122307E-006
   16.4164500000000       8.725659101427308E-006
   16.4738000000000       8.569000910452207E-006
   16.5312500000000       8.415078735946047E-006
   16.5888000000000       8.263953496345788E-006
   16.6464500000000       8.115682104681277E-006
   16.7042000000000       7.970317454419895E-006
   16.7620500000000       7.827908410695805E-006
   16.8200000000000       7.688499807367855E-006
   16.8780500000000       7.552132448185311E-006
   16.9362000000000       7.418843113560225E-006
   16.9944500000000       7.288664570892500E-006
   17.0528000000000       7.161625590723641E-006
   17.1112500000000       7.037750965999123E-006
   17.1698000000000       6.917061536049207E-006
   17.2284500000000       6.799574213622872E-006
   17.2872000000000       6.685302015196903E-006
   17.3460500000000       6.574254094393606E-006
   17.4050000000000       6.466435778951229E-006
   17.4640500000000       6.361848611136089E-006
   17.5232000000000       6.260490392429041E-006
   17.5824500000000       6.162355233263472E-006
   17.6418000000000       6.067433606649075E-006
   17.7012500000000       5.975712407402245E-006
   17.7608000000000       5.887175015206747E-006
   17.8204500000000       5.801801363169989E-006
   17.8802000000000       5.719568009654452E-006
   17.9400500000000       5.640448215715743E-006
   18.0000000000000       5.564412026703991E-006
   18.0600500000000       5.491426358361640E-006
   18.1202000000000       5.421455087806226E-006
   18.1804500000000       5.354459147954849E-006
   18.2408000000000       5.290396626056459E-006
   18.3012500000000       5.229222864444605E-006
   18.3618000000000       5.170890564010211E-006
   18.4224500000000       5.115349889672771E-006
   18.4832000000000       5.062548577350334E-006
   18.5440500000000       5.012432042705850E-006
   18.6050000000000       4.964943491170271E-006
   18.6660500000000       4.920024030186099E-006
   18.7272000000000       4.877612781228891E-006
   18.7884500000000       4.837646994215739E-006
   18.8498000000000       4.800062160859042E-006
   18.9112500000000       4.764792129685613E-006
   18.9728000000000       4.731769220001070E-006
   19.0344500000000       4.700924337353030E-006
   19.0962000000000       4.672187088050617E-006
   19.1580500000000       4.645485894960721E-006
   19.2200000000000       4.620748112804662E-006
   19.2820500000000       4.597900144120981E-006
   19.3442000000000       4.576867554784148E-006
   19.4064500000000       4.557575189356733E-006
   19.4688000000000       4.539947285664425E-006
   19.5312500000000       4.523907589426557E-006
   19.5938000000000       4.509379467887431E-006
   19.6564500000000       4.496286023114582E-006
   19.7192000000000       4.484550204908455E-006
   19.7820500000000       4.474094922990446E-006
   19.8450000000000       4.464843158302756E-006
   19.9080500000000       4.456718073198029E-006
   19.9712000000000       4.449643120019164E-006
   20.0344500000000       4.443542148402368E-006
   20.0978000000000       4.438339510026701E-006
   20.1612500000000       4.433960161587258E-006
   20.2248000000000       4.430329765270358E-006
   20.2884500000000       4.427374786120097E-006
   20.3522000000000       4.425022586407312E-006
   20.4160500000000       4.423201517000930E-006
   20.4800000000000       4.421841003743321E-006
   20.5440500000000       4.420871630550494E-006
   20.6082000000000       4.420225218237928E-006
   20.6724500000000       4.419834898405917E-006
   20.7368000000000       4.419635182995041E-006
   20.8012500000000       4.419562030177904E-006
   20.8658000000000       4.419552905532420E-006
   20.9304500000000       4.419546838718702E-006
   20.9952000000000       4.419484477324875E-006
   21.0600500000000       4.419308135772404E-006
   21.1250000000000       4.418961841556879E-006
   21.1900500000000       4.418391377936093E-006
   21.2552000000000       4.417544323898071E-006
   21.3204500000000       4.416370090853938E-006
   21.3858000000000       4.414819957054839E-006
   21.4512500000000       4.412847099177775E-006
   21.5168000000000       4.410406621135898E-006
   21.5824500000000       4.407455580335284E-006
   21.6482000000000       4.403953010656547E-006
   21.7140500000000       4.399859943660100E-006
   21.7800000000000       4.395139425628081E-006
   21.8460500000000       4.389756532940936E-006
   21.9122000000000       4.383678383512724E-006
   21.9784500000000       4.376874145561871E-006
   22.0448000000000       4.369315042995758E-006
   22.1112500000000       4.360974357686676E-006
   22.1778000000000       4.351827428472621E-006
   22.2444500000000       4.341851647327033E-006
   22.3112000000000       4.331026452253361E-006
   22.3780500000000       4.319333318514307E-006
   22.4450000000000       4.306755746474877E-006
   22.5120500000000       4.293279248002158E-006
   22.5792000000000       4.278891330478096E-006
   22.6464500000000       4.263581478258782E-006
   22.7138000000000       4.247341132856963E-006
   22.7812500000000       4.230163671070652E-006
   22.8488000000000       4.212044381390889E-006
   22.9164500000000       4.192980439132743E-006
   22.9842000000000       4.172970879678939E-006
   23.0520500000000       4.152016570779793E-006
   23.1200000000000       4.130120182355146E-006
   23.1880500000000       4.107286155075052E-006
   23.2562000000000       4.083520666497975E-006
   23.3244500000000       4.058831594599965E-006
   23.3928000000000       4.033228479805029E-006
   23.4612500000000       4.006722483795855E-006
   23.5298000000000       3.979326346825740E-006
   23.5984500000000       3.951054342643534E-006
   23.6672000000000       3.921922231142627E-006
   23.7360500000000       3.891947208178870E-006
   23.8050000000000       3.861147853612135E-006
   23.8740500000000       3.829544076516811E-006
   23.9432000000000       3.797157058005318E-006
   24.0124500000000       3.764009191997708E-006
   24.0818000000000       3.730124024603487E-006
   24.1512500000000       3.695526191838105E-006
   24.2208000000000       3.660241356562288E-006
   24.2904500000000       3.624296144866257E-006
   24.3602000000000       3.587718081843327E-006
   24.4300500000000       3.550535527307996E-006
   24.5000000000000       3.512777611403006E-006
   24.5700500000000       3.474474171205610E-006
   24.6402000000000       3.435655687999972E-006
   24.7104500000000       3.396353225992854E-006
   24.7808000000000       3.356598372750152E-006
   24.8512500000000       3.316423181798367E-006
   24.9218000000000       3.275860116724871E-006
   24.9924500000000       3.234941996888008E-006
   25.0632000000000       3.193701944848026E-006
   25.1340500000000       3.152173334242114E-006
   25.2050000000000       3.110389738825159E-006
   25.2760500000000       3.068384882398689E-006
   25.3472000000000       3.026192588684307E-006
   25.4184500000000       2.983846732196316E-006
   25.4898000000000       2.941381188503733E-006
   25.5612500000000       2.898829784658830E-006
   25.6328000000000       2.856226248570959E-006
   25.7044500000000       2.813604157325678E-006
   25.7762000000000       2.770996884726706E-006
   25.8480500000000       2.728437547561136E-006
   25.9200000000000       2.685958951365031E-006
   25.9920500000000       2.643593535744948E-006
   26.0642000000000       2.601373319754963E-006
   26.1364500000000       2.559329848050851E-006
   26.2088000000000       2.517494137266318E-006
   26.2812500000000       2.475896623888030E-006
   26.3538000000000       2.434567113407393E-006
   26.4264500000000       2.393534731248703E-006
   26.4992000000000       2.352827875917729E-006
   26.5720500000000       2.312474175591994E-006
   26.6450000000000       2.272500447486614E-006
   26.7180500000000       2.232932661383469E-006
   26.7912000000000       2.193795906657581E-006
   26.8644500000000       2.155114363133759E-006
   26.9378000000000       2.116911275495958E-006
   27.0112500000000       2.079208930971799E-006
   27.0848000000000       2.042028640292237E-006
   27.1584500000000       2.005390721204758E-006
   27.2322000000000       1.969314485428253E-006
   27.3060500000000       1.933818228272433E-006
   27.3800000000000       1.898919220366668E-006
   27.4540500000000       1.864633702219898E-006
   27.5282000000000       1.830976880279334E-006
   27.6024500000000       1.797962924876551E-006
   27.6768000000000       1.765604969061751E-006
   27.7512500000000       1.733915109103368E-006
   27.8258000000000       1.702904405709305E-006
   27.9004500000000       1.672582887524143E-006
   27.9752000000000       1.642959555125945E-006
   28.0500500000000       1.614042387354520E-006
   28.1250000000000       1.585838349027480E-006
   28.2000500000000       1.558353399988555E-006
   28.2752000000000       1.531592505599200E-006
   28.3504500000000       1.505559648784516E-006
   28.4258000000000       1.480257842911836E-006
   28.5012500000000       1.455689146334649E-006
   28.5768000000000       1.431854678268785E-006
   28.6524500000000       1.408754636000875E-006
   28.7282000000000       1.386388313651121E-006
   28.8040500000000       1.364754121602196E-006
   28.8800000000000       1.343849607204906E-006
   28.9560500000000       1.323671475705890E-006
   29.0322000000000       1.304215612119020E-006
   29.1084500000000       1.285477102763721E-006
   29.1848000000000       1.267450257580460E-006
   29.2612500000000       1.250128632612757E-006
   29.3378000000000       1.233505052766759E-006
   29.4144500000000       1.217571634570813E-006
   29.4912000000000       1.202319809379127E-006
   29.5680500000000       1.187740345742760E-006
   29.6450000000000       1.173823371947158E-006
   29.7220500000000       1.160558397883538E-006
   29.7992000000000       1.147934336309664E-006
   29.8764500000000       1.135939524277152E-006
   29.9538000000000       1.124561743615082E-006
   30.0312500000000       1.113788242357305E-006
   30.1088000000000       1.103605754726456E-006
   30.1864500000000       1.094000522672278E-006
   30.2642000000000       1.084958316965867E-006
   30.3420500000000       1.076464458182880E-006
   30.4200000000000       1.068503839019019E-006
   30.4980500000000       1.061060946494496E-006
   30.5762000000000       1.054119885601779E-006
   30.6544500000000       1.047664403730497E-006
   30.7328000000000       1.041677916813200E-006
   30.8112500000000       1.036143535748657E-006
   30.8898000000000       1.031044094934597E-006
   30.9684500000000       1.026362180800433E-006
   31.0472000000000       1.022080162005334E-006
   31.1260500000000       1.018180219580778E-006
   31.2050000000000       1.014644378016794E-006
   31.2840500000000       1.011454536237189E-006
   31.3632000000000       1.008592499407435E-006
   31.4424500000000       1.006040010020914E-006
   31.5218000000000       1.003778779151698E-006
   31.6012500000000       1.001790517429768E-006
   31.6808000000000       1.000056965350105E-006
   31.7604500000000       9.985599224715536E-007
   31.8402000000000       9.972812765046690E-007
   31.9200500000000       9.962030310672887E-007
   32.0000000000000       9.953073325519313E-007
   32.0800500000000       9.945764966046156E-007
   32.1602000000000       9.939930333824343E-007
   32.2404500000000       9.935396717009048E-007
   32.3208000000000       9.931993824596752E-007
   32.4012500000000       9.929554012355624E-007
   32.4818000000000       9.927912493767899E-007
   32.5624500000000       9.926907542645580E-007
   32.6432000000000       9.926380687974579E-007
   32.7240500000000       9.926176895991290E-007
   32.8050000000000       9.926144740601828E-007
   32.8860500000000       9.926136567139920E-007
   32.9672000000000       9.926008645022577E-007
   33.0484500000000       9.925621308748411E-007
   33.1298000000000       9.924839087793735E-007
   33.2112500000000       9.923530834288208E-007
   33.2928000000000       9.921569830706467E-007
   33.3744500000000       9.918833901445545E-007
   33.4562000000000       9.915205511079606E-007
   33.5380500000000       9.910571857618677E-007
   33.6200000000000       9.904824959661163E-007
   33.7020500000000       9.897861735774782E-007
   33.7842000000000       9.889584081657077E-007
   33.8664500000000       9.879898940079457E-007
   33.9488000000000       9.868718368610807E-007
   34.0312500000000       9.855959595683750E-007
   34.1138000000000       9.841545078881353E-007
   34.1964500000000       9.825402552676721E-007
   34.2792000000000       9.807465065070353E-007
   34.3620500000000       9.787671013672394E-007
   34.4450000000000       9.765964161800866E-007
   34.5280500000000       9.742293653469680E-007
   34.6112000000000       9.716614007282409E-007
   34.6944500000000       9.688885109770951E-007
   34.7778000000000       9.659072187084838E-007
   34.8612500000000       9.627145768353884E-007
   34.9448000000000       9.593081639613921E-007
   35.0284500000000       9.556860773862752E-007
   35.1122000000000       9.518469261116103E-007
   35.1960500000000       9.477898212928437E-007
   35.2800000000000       9.435143664138224E-007
   35.3640500000000       9.390206460735406E-007
   35.4482000000000       9.343092139402209E-007
   35.5324500000000       9.293810797617041E-007
   35.6168000000000       9.242376962093068E-007
   35.7012500000000       9.188809445559443E-007
   35.7858000000000       9.133131202432310E-007
   35.8704500000000       9.075369181710258E-007
   35.9552000000000       9.015554174318652E-007
   36.0400500000000       8.953720665449971E-007
   36.1250000000000       8.889906685793925E-007
   36.2100500000000       8.824153669428902E-007
   36.2952000000000       8.756506314488988E-007
   36.3804500000000       8.687012449382081E-007
   36.4658000000000       8.615722900118250E-007
   36.5512500000000       8.542691365964750E-007
   36.6368000000000       8.467974292880598E-007
   36.7224500000000       8.391630746396039E-007
   36.8082000000000       8.313722293373793E-007
   36.8940500000000       8.234312869892513E-007
   36.9800000000000       8.153468656901808E-007
   37.0660500000000       8.071257943109700E-007
   37.1522000000000       7.987750986204745E-007
   37.2384500000000       7.903019857979920E-007
   37.3248000000000       7.817138282240066E-007
   37.4112500000000       7.730181455500862E-007
   37.4978000000000       7.642225854920248E-007
   37.5844500000000       7.553349042899171E-007
   37.6712000000000       7.463629454473875E-007
   37.7580500000000       7.373146180267298E-007
   37.8450000000000       7.281978750550699E-007
   37.9320500000000       7.190206912088826E-007
   38.0192000000000       7.097910406650421E-007
   38.1064500000000       7.005168759510738E-007
   38.1938000000000       6.912061071839837E-007
   38.2812500000000       6.818665824193104E-007
   38.3688000000000       6.725060701096019E-007
   38.4564500000000       6.631322430616926E-007
   38.5442000000000       6.537526648364711E-007
   38.6320500000000       6.443747783690945E-007
   38.7200000000000       6.350058970316930E-007
   38.8080500000000       6.256531973058976E-007
   38.8962000000000       6.163237142309264E-007
   38.9844500000000       6.070243381284257E-007
   39.0728000000000       5.977618138253149E-007
   39.1612500000000       5.885427404872523E-007
   39.2498000000000       5.793735736170369E-007
   39.3384500000000       5.702606277191435E-007
   39.4272000000000       5.612100797969255E-007
   39.5160500000000       5.522279724057277E-007
   39.6050000000000       5.433202176496899E-007
   39.6940500000000       5.344925995687255E-007
   39.7832000000000       5.257507761369240E-007
   39.8724500000000       5.171002805948177E-007
   39.9618000000000       5.085465208942708E-007
   40.0512500000000       5.000947786992782E-007
   40.1408000000000       4.917502066659196E-007
   40.2304500000000       4.835178245010674E-007
   40.3202000000000       4.754025134667828E-007
   40.4100500000000       4.674090094969330E-007
   40.5000000000000       4.595418949815411E-007
   40.5900500000000       4.518055888858008E-007
   40.6802000000000       4.442043369246029E-007
   40.7704500000000       4.367422000717269E-007
   40.8608000000000       4.294230431800550E-007
   40.9512500000000       4.222505238238305E-007
   41.0418000000000       4.152280808078501E-007
   41.1324500000000       4.083589234538110E-007
   41.2232000000000       4.016460210531925E-007
   41.3140500000000       3.950920937079161E-007
   41.4050000000000       3.886996037816282E-007
   41.4960500000000       3.824707486832502E-007
   41.5872000000000       3.764074558154640E-007
   41.6784500000000       3.705113781338198E-007
   41.7698000000000       3.647838922038460E-007
   41.8612500000000       3.592260978124706E-007
   41.9528000000000       3.538388186896668E-007
   42.0444500000000       3.486226051729879E-007
   42.1362000000000       3.435777373717031E-007
   42.2280500000000       3.387042301072896E-007
   42.3200000000000       3.340018379649479E-007
   42.4120500000000       3.294700620659619E-007
   42.5042000000000       3.251081566735259E-007
   42.5964500000000       3.209151366867502E-007
   42.6888000000000       3.168897850236441E-007
   42.7812500000000       3.130306600596100E-007
   42.8738000000000       3.093361033434938E-007
   42.9664500000000       3.058042464809674E-007
   43.0592000000000       3.024330183509782E-007
   43.1520500000000       2.992201518781101E-007
   43.2450000000000       2.961631910269880E-007
   43.3380500000000       2.932594975191272E-007
   43.4312000000000       2.905062581604057E-007
   43.5244500000000       2.879004916689354E-007
   43.6178000000000       2.854390562800901E-007
   43.7112500000000       2.831186570739774E-007
   43.8048000000000       2.809358541355778E-007
   43.8984500000000       2.788870702707946E-007
   43.9922000000000       2.769685998327276E-007
   44.0860500000000       2.751766174924342E-007
   44.1800000000000       2.735071875092920E-007
   44.2740500000000       2.719562733344283E-007
   44.3682000000000       2.705197474361931E-007
   44.4624500000000       2.691934007370556E-007
   44.5568000000000       2.679729530496999E-007
   44.6512500000000       2.668540620698323E-007
   44.7458000000000       2.658323329796097E-007
   44.8404500000000       2.649033280510693E-007
   44.9352000000000       2.640625753613790E-007
   45.0300500000000       2.633055775080884E-007
   45.1250000000000       2.626278201578458E-007
   45.2200500000000       2.620247802620490E-007
   45.3152000000000       2.614919332732946E-007
   45.4104500000000       2.610247613610284E-007
   45.5058000000000       2.606187598508392E-007
   45.6012500000000       2.602694444409082E-007
   45.6968000000000       2.599723575302804E-007
   45.7924500000000       2.597230749912249E-007
   45.8882000000000       2.595172119423950E-007
   45.9840500000000       2.593504291881210E-007
   46.0800000000000       2.592184386029928E-007
   46.1760500000000       2.591170089050188E-007
   46.2722000000000       2.590419710402081E-007
   46.3684500000000       2.589892229565294E-007
   46.4648000000000       2.589547342113363E-007
   46.5612500000000       2.589345506343044E-007
   46.6578000000000       2.589247982687226E-007
   46.7544500000000       2.589216868686961E-007
   46.8512000000000       2.589215137849266E-007
   46.9480500000000       2.589206666292476E-007
   47.0450000000000       2.589156262722270E-007
   47.1420500000000       2.589029694521905E-007
   47.2392000000000       2.588793708846460E-007
   47.3364500000000       2.588416057602849E-007
   47.4338000000000       2.587865514103171E-007
   47.5312500000000       2.587111897489613E-007
   47.6288000000000       2.586126087722462E-007
   47.7264500000000       2.584880043898785E-007
   47.8242000000000       2.583346825901778E-007
   47.9220500000000       2.581500608833665E-007
   48.0200000000000       2.579316701334378E-007
   48.1180500000000       2.576771565010461E-007
   48.2162000000000       2.573842829423079E-007
   48.3144500000000       2.570509310406699E-007
   48.4128000000000       2.566751022836655E-007
   48.5112500000000       2.562549198947828E-007
   48.6098000000000       2.557886297216427E-007
   48.7084500000000       2.552746016792895E-007
   48.8072000000000       2.547113308049020E-007
   48.9060500000000       2.540974383125061E-007
   49.0050000000000       2.534316721480856E-007
   49.1040500000000       2.527129083218504E-007
   49.2032000000000       2.519401512413033E-007
   49.3024500000000       2.511125345994181E-007
   49.4018000000000       2.502293217632179E-007
   49.5012500000000       2.492899064954202E-007
   49.6008000000000       2.482938131764811E-007
   49.7004500000000       2.472406978037966E-007
   49.8002000000000       2.461303481027244E-007
   49.9000500000000       2.449626840261843E-007
   50.0000000000000       2.437377576436361E-007
   50.1000500000000       2.424557531965910E-007
   50.2002000000000       2.411169866545215E-007
   50.3004500000000       2.397219041605503E-007
   50.4008000000000       2.382710810322486E-007
   50.5012500000000       2.367652194301684E-007
   50.6018000000000       2.352051458598403E-007
   50.7024500000000       2.335918079521271E-007
   50.8032000000000       2.319262707994874E-007
   50.9040500000000       2.302097124595726E-007
   51.0050000000000       2.284434186816675E-007
   51.1060500000000       2.266287772445530E-007
   51.2072000000000       2.247672715172122E-007
   51.3084500000000       2.228604732423811E-007
   51.4098000000000       2.209100356531657E-007
   51.5112500000000       2.189176854794361E-007
   51.6128000000000       2.168852160089330E-007
   51.7144500000000       2.148144788716166E-007
   51.8162000000000       2.127073768787291E-007
   51.9180500000000       2.105658566398105E-007
   52.0200000000000       2.083919019013614E-007
   52.1220500000000       2.061875266079483E-007
   52.2242000000000       2.039547691290444E-007
   52.3264500000000       2.016956870964925E-007
   52.4288000000000       1.994123531301462E-007
   52.5312500000000       1.971068513961782E-007
   52.6338000000000       1.947812752756128E-007
   52.7364500000000       1.924377254769460E-007
   52.8392000000000       1.900783090369451E-007
   52.9420500000000       1.877051387100259E-007
   53.0450000000000       1.853203330792752E-007
   53.1480500000000       1.829260161123614E-007
   53.2512000000000       1.805243171615345E-007
   53.3544500000000       1.781173715187379E-007
   53.4578000000000       1.757073196384518E-007
   53.5612500000000       1.732963068601379E-007
   53.6648000000000       1.708864819649492E-007
   53.7684500000000       1.684799956214178E-007
   53.8722000000000       1.660789974433641E-007
   53.9760500000000       1.636856326037162E-007
   54.0800000000000       1.613020371715734E-007
   54.1840500000000       1.589303332272252E-007
   54.2882000000000       1.565726227004127E-007
   54.3924500000000       1.542309810420583E-007
   54.4968000000000       1.519074501743489E-007
   54.6012500000000       1.496040314408198E-007
   54.7058000000000       1.473226785009274E-007
   54.8104500000000       1.450652896139992E-007
   54.9152000000000       1.428337012554515E-007
   55.0200500000000       1.406296807893170E-007
   55.1250000000000       1.384549210281527E-007
   55.2300500000000       1.363110341268126E-007
   55.3352000000000       1.341995471415558E-007
   55.4404500000000       1.321218978111993E-007
   55.5458000000000       1.300794315040044E-007
   55.6512500000000       1.280733987751859E-007
   55.7568000000000       1.261049535350445E-007
   55.8624500000000       1.241751530489665E-007
   55.9682000000000       1.222849577153795E-007
   56.0740500000000       1.204352323980196E-007
   56.1800000000000       1.186267480357550E-007
   56.2860500000000       1.168601843626327E-007
   56.3922000000000       1.151361326834355E-007
   56.4984500000000       1.134550991488403E-007
   56.6048000000000       1.118175085856876E-007
   56.7112500000000       1.102237083827617E-007
   56.8178000000000       1.086739724875940E-007
   56.9244500000000       1.071685059028660E-007
   57.0312000000000       1.057074489607679E-007
   57.1380500000000       1.042908817083799E-007
   57.2450000000000       1.029188282375415E-007
   57.3520500000000       1.015912603485880E-007
   57.4592000000000       1.003081013251084E-007
   57.5664500000000       9.906922837643606E-008
   57.6738000000000       9.787447557974005E-008
   57.7812500000000       9.672363548984819E-008
   57.8888000000000       9.561646052702599E-008
   57.9964500000000       9.455266408719964E-008
   58.1042000000000       9.353192126360099E-008
   58.2120500000000       9.255386873574523E-008
   58.3200000000000       9.161810471391973E-008
   58.4280500000000       9.072418799549453E-008
   58.5362000000000       8.987163718776614E-008
   58.6444500000000       8.905992893160075E-008
   58.7528000000000       8.828849656916660E-008
   58.8612500000000       8.755672842308826E-008
   58.9698000000000       8.686396607560098E-008
   59.0784500000000       8.620950353588341E-008
   59.1872000000000       8.559258640739031E-008
   59.2960500000000       8.501241094416301E-008
   59.4050000000000       8.446812471696319E-008
   59.5140500000000       8.395882694633983E-008
   59.6232000000000       8.348356989040795E-008
   59.7324500000000       8.304136023262743E-008
   59.8418000000000       8.263116169082707E-008
   59.9512500000000       8.225189768173991E-008
   60.0608000000000       8.190245448513878E-008
   60.1704500000000       8.158168535166155E-008
   60.2802000000000       8.128841444410284E-008
   60.3900500000000       8.102144144483958E-008
   60.5000000000000       8.077954555263389E-008
   60.6100500000000       8.056149064517015E-008
   60.7202000000000       8.036602938688020E-008
   60.8304500000000       8.019190728125736E-008
   60.9408000000000       8.003786644561472E-008
   61.0512500000000       7.990264910828770E-008
   61.1618000000000       7.978499982908005E-008
   61.2724500000000       7.968366805277682E-008
   61.3832000000000       7.959740955243433E-008
   61.4940500000000       7.952498709551392E-008
   61.6050000000000       7.946517122103813E-008
   61.7160500000000       7.941673990652376E-008
   61.8272000000000       7.937847879002646E-008
   61.9384500000000       7.934917972685085E-008
   62.0498000000000       7.932764056750585E-008
   62.1612500000000       7.931266376992596E-008
   62.2728000000000       7.930305612191546E-008
   62.3844500000000       7.929762757541425E-008
   62.4962000000000       7.929519107996441E-008
   62.6080500000000       7.929456274924362E-008
   62.7200000000000       7.929456208310981E-008
   62.8320500000000       7.929401341089104E-008
   62.9442000000000       7.929174694609742E-008
   63.0564500000000       7.928660122891174E-008
   63.1688000000000       7.927742556868012E-008
   63.2812500000000       7.926308270844729E-008
   63.3938000000000       7.924245243318140E-008
   63.5064500000000       7.921443528902117E-008
   63.6192000000000       7.917795613598955E-008
   63.7320500000000       7.913196919950849E-008
   63.8450000000000       7.907546201169069E-008
   63.9580500000000       7.900746001876513E-008
   64.0712000000000       7.892703135503609E-008
   64.1844500000000       7.883329128377525E-008
   64.2978000000000       7.872540619402457E-008
   64.4112500000000       7.860259793046609E-008
   64.5248000000000       7.846414795675827E-008
   64.6384500000000       7.830940024211586E-008
   64.7522000000000       7.813776470300127E-008
   64.8660500000000       7.794871975663753E-008
   64.9800000000000       7.774181481901010E-008
   65.0940500000000       7.751667152611219E-008
   65.2082000000000       7.727298556581275E-008
   65.3224500000000       7.701052645581186E-008
   65.4368000000000       7.672913787670765E-008
   65.5512500000000       7.642873672830675E-008
   65.6658000000000       7.610931174184543E-008
   65.7804500000000       7.577092137056596E-008
   65.8952000000000       7.541369129171471E-008
   66.0100500000000       7.503781146445121E-008
   66.1250000000000       7.464353252162326E-008
   66.2400500000000       7.423116221705328E-008
   66.3552000000000       7.380106159526889E-008
   66.4704500000000       7.335364077265538E-008
   66.5858000000000       7.288935482963055E-008
   66.7012500000000       7.240869953628604E-008
   66.8168000000000       7.191220668945064E-008
   66.9324500000000       7.140043983833166E-008
   67.0482000000000       7.087398962157820E-008
   67.1640500000000       7.033346960394482E-008
   67.2800000000000       6.977951200193289E-008
   67.3960500000000       6.921276402005461E-008
   67.5122000000000       6.863388463118625E-008
   67.6284500000000       6.804354124589906E-008
   67.7448000000000       6.744240765854670E-008
   67.8612500000000       6.683116127170763E-008
   67.9778000000000       6.621048126431717E-008
   68.0944500000000       6.558104659326602E-008
   68.2112000000000       6.494353393948771E-008
   68.3280500000000       6.429861637569090E-008
   68.4450000000000       6.364696164551376E-008
   68.5620500000000       6.298923116432320E-008
   68.6792000000000       6.232607874245844E-008
   68.7964500000000       6.165815041869749E-008
   68.9138000000000       6.098608357207880E-008
   69.0312500000000       6.031050681087891E-008
   69.1488000000000       5.963203980607901E-008
   69.2664500000000       5.895129290278689E-008
   69.3842000000000       5.826886650961427E-008
   69.5020500000000       5.758535082112104E-008
   69.6200000000000       5.690132470759224E-008
   69.7380500000000       5.621735482685963E-008
   69.8562000000000       5.553399451407870E-008
   69.9744500000000       5.485178256048329E-008
   70.0928000000000       5.417124232520720E-008
   70.2112500000000       5.349288023648313E-008
   70.3298000000000       5.281718540306457E-008
   70.4484500000000       5.214462878155857E-008
   70.5672000000000       5.147566262131420E-008
   70.6860500000000       5.081072002033338E-008
   70.8050000000000       5.015021503629313E-008
   70.9240500000000       4.949454229796757E-008
   71.0432000000000       4.884407711625016E-008
   71.1624500000000       4.819917565068721E-008
   71.2818000000000       4.756017552010050E-008
   71.4012500000000       4.692739624667652E-008
   71.5208000000000       4.630114081027870E-008
   71.6404500000000       4.568169681418155E-008
   71.7602000000000       4.506933865000562E-008
   71.8800500000000       4.446432949611889E-008
   72.0000000000000       4.386692331603825E-008
   72.1200500000000       4.327736669029747E-008
   72.2402000000000       4.269590064831519E-008
   72.3604500000000       4.212276177861796E-008
   72.4808000000000       4.155818333906325E-008
   72.6012500000000       4.100239542337292E-008
   72.7218000000000       4.045562573828931E-008
   72.8424500000000       3.991809943704183E-008
   72.9632000000000       3.939003928588036E-008
   73.0840500000000       3.887166549754184E-008
   73.2050000000000       3.836319567573909E-008
   73.3260500000000       3.786484431556048E-008
   73.4472000000000       3.737682247040297E-008
   73.5684500000000       3.689933725237182E-008
   73.6898000000000       3.643259066654636E-008
   73.8112500000000       3.597677883382389E-008
   73.9328000000000       3.553209054762974E-008
   74.0544500000000       3.509870649676117E-008
   74.1762000000000       3.467679754454167E-008
   74.2980500000000       3.426652384064255E-008
   74.4200000000000       3.386803376637104E-008
   74.5420500000000       3.348146310200306E-008
   74.6642000000000       3.310693436064938E-008
   74.7864500000000       3.274455628865525E-008
   74.9088000000000       3.239442303293316E-008
   75.0312500000000       3.205661430749629E-008
   75.1538000000000       3.173119406119085E-008
   75.2764500000000       3.141820997809575E-008
   75.3992000000000       3.111769270036646E-008
   75.5220500000000       3.082965432943396E-008
   75.6450000000000       3.055408787089320E-008
   75.7680500000000       3.029096601325776E-008
   75.8912000000000       3.004024040631492E-008
   76.0144500000000       2.980184110601414E-008
   76.1378000000000       2.957567646344472E-008
   76.2612500000000       2.936163251421320E-008
   76.3848000000000       2.915957325599905E-008
   76.5084500000000       2.896934037099896E-008
   76.6322000000000       2.879075294837108E-008
   76.7560500000000       2.862360753974613E-008
   76.8800000000000       2.846767799269401E-008
   77.0040500000000       2.832271511765683E-008
   77.1282000000000       2.818844674346010E-008
   77.2524500000000       2.806457827242426E-008
   77.3768000000000       2.795079262485345E-008
   77.5012500000000       2.784675157130323E-008
   77.6258000000000       2.775209650973665E-008
   77.7504500000000       2.766644979779187E-008
   77.8752000000000       2.758941608504983E-008
   78.0000500000000       2.752058420041337E-008
   78.1250000000000       2.745952848437483E-008
   78.2500500000000       2.740581056537295E-008
   78.3752000000000       2.735898085859390E-008
   78.5004500000000       2.731858006477239E-008
   78.6258000000000       2.728414105757082E-008
   78.7512500000000       2.725518999380228E-008
   78.8768000000000       2.723124831183199E-008
   79.0024500000000       2.721183423037843E-008
   79.1282000000000       2.719646446935897E-008
   79.2540500000000       2.718465591522445E-008
   79.3800000000000       2.717592750833830E-008
   79.5060500000000       2.716980190831109E-008
   79.6322000000000       2.716580732586849E-008
   79.7584500000000       2.716347907716354E-008
   79.8848000000000       2.716236147115580E-008
   80.0112500000000       2.716200964147930E-008
   80.1378000000000       2.716199160035515E-008
   80.2644500000000       2.716189012597070E-008
   80.3912000000000       2.716130481639212E-008
   80.5180500000000       2.715985469858850E-008
   80.6450000000000       2.715717989376643E-008
   80.7720500000000       2.715294405986057E-008
   80.8992000000000       2.714683566829024E-008
   81.0264500000000       2.713857000236075E-008
   81.1538000000000       2.712788987890846E-008
   81.2812500000000       2.711456664750145E-008
   81.4088000000000       2.709840007941722E-008
   81.5364500000000       2.707921870070962E-008
   81.6642000000000       2.705687884851926E-008
   81.7920500000000       2.703126389391741E-008
   81.9200000000000       2.700228302066066E-008
   82.0480500000000       2.696986911576715E-008
   82.1762000000000       2.693397710418211E-008
   82.3044500000000       2.689458122873134E-008
   82.4328000000000       2.685167260763066E-008
   82.5612500000000       2.680525601483907E-008
   82.6898000000000       2.675534682694547E-008
   82.8184500000000       2.670196785903300E-008
   82.9472000000000       2.664514670014384E-008
   83.0760500000000       2.658491227158777E-008
   83.2050000000000       2.652129266200731E-008
   83.3340500000000       2.645431268488707E-008
   83.4632000000000       2.638399265730840E-008
   83.5924500000000       2.631034645705910E-008
   83.7218000000000       2.623338046792156E-008
   83.8512500000000       2.615309319109471E-008
   83.9808000000000       2.606947413497096E-008
   84.1104500000000       2.598250370411392E-008
   84.2402000000000       2.589215275516921E-008
   84.3700500000000       2.579838292993131E-008
   84.5000000000000       2.570114648881017E-008
   84.6300500000000       2.560038714349844E-008
   84.7602000000000       2.549604116719451E-008
   84.8904500000000       2.538803856033667E-008
   85.0208000000000       2.527630460491537E-008
   85.1512500000000       2.516076219594154E-008
   85.2818000000000       2.504133406189268E-008
   85.4124500000000       2.491794487413657E-008
   85.5432000000000       2.479052385595537E-008
   85.6740500000000       2.465900711401403E-008
   85.8050000000000       2.452333958125053E-008
   85.9360500000000       2.438347729283308E-008
   86.0672000000000       2.423938905149470E-008
   86.1984500000000       2.409105792633426E-008
   86.3298000000000       2.393848286263989E-008
   86.4612500000000       2.378168018069005E-008
   86.5928000000000       2.362068490802116E-008
   86.7244500000000       2.345555222271756E-008
   86.8562000000000       2.328635861914563E-008
   86.9880500000000       2.311320301817688E-008
   87.1200000000000       2.293620748883285E-008
   87.2520500000000       2.275551730379632E-008
   87.3842000000000       2.257130060634438E-008
   87.5164500000000       2.238374774421459E-008
   87.6488000000000       2.219306927120357E-008
   87.7812500000000       2.199949417081015E-008
   87.9138000000000       2.180326763578933E-008
   88.0464500000000       2.160464840361698E-008
   88.1792000000000       2.140390614746579E-008
   88.3120500000000       2.120131936678149E-008
   88.4450000000000       2.099717322234795E-008
   88.5780500000000       2.079175726033000E-008
   88.7112000000000       2.058536385796117E-008
   88.8444500000000       2.037828639167572E-008
   88.9778000000000       2.017081768279638E-008
   89.1112500000000       1.996324849873332E-008
   89.2448000000000       1.975586588764955E-008
   89.3784500000000       1.954895140210411E-008
   89.5122000000000       1.934277998882905E-008
   89.6460500000000       1.913761843441719E-008
   89.7800000000000       1.893372442163255E-008
   89.9140500000000       1.873134580776536E-008
   90.0482000000000       1.853072040258752E-008
   90.1824500000000       1.833207630141942E-008
   90.3168000000000       1.813563199615231E-008
   90.4512500000000       1.794159720791555E-008
   90.5858000000000       1.775017344218810E-008
   90.7204500000000       1.756155432186546E-008
   90.8552000000000       1.737592542072619E-008
   90.9900500000000       1.719346420792078E-008
   91.1250000000000       1.701433877121517E-008
   91.2600500000000       1.683870692881229E-008
   91.3952000000000       1.666671484157334E-008
   91.5304500000000       1.649849551421667E-008
   91.6658000000000       1.633416768509477E-008
   91.8012500000000       1.617383493801583E-008
   91.9368000000000       1.601758525815455E-008
   92.0724500000000       1.586549081000754E-008
   92.2082000000000       1.571760793739330E-008
   92.3440500000000       1.557397794060833E-008
   92.4800000000000       1.543462752051639E-008
   92.6160500000000       1.529956938917110E-008
   92.7522000000000       1.516880288043865E-008
   92.8884500000000       1.504231472715389E-008
   93.0248000000000       1.492007939418727E-008
   93.1612500000000       1.480205980008975E-008
   93.2978000000000       1.468820787220437E-008
   93.4344500000000       1.457846554586695E-008
   93.5712000000000       1.447276543053988E-008
   93.7080500000000       1.437103253065786E-008
   93.8450000000000       1.427318568891778E-008
   93.9820500000000       1.417913930712444E-008
   94.1192000000000       1.408880517805855E-008
   94.2564500000000       1.400209415081122E-008
   94.3938000000000       1.391891757407393E-008
   94.5312500000000       1.383918862840616E-008
   94.6688000000000       1.376282293685804E-008
   94.8064500000000       1.368973906457072E-008
   94.9442000000000       1.361985879633210E-008
   95.0820500000000       1.355310691453226E-008
   95.2200000000000       1.348941108814117E-008
   95.3580500000000       1.342870153964171E-008
   95.4962000000000       1.337091093400744E-008
   95.6344500000000       1.331597393461337E-008
   95.7728000000000       1.326382781385860E-008
   95.9112500000000       1.321441123192102E-008
   96.0498000000000       1.316766490289112E-008
   96.1884500000000       1.312353103966046E-008
   96.3272000000000       1.308195296534365E-008
   96.4660500000000       1.304287439163332E-008
   96.6050000000000       1.300623880817753E-008
   96.7440500000000       1.297198876093475E-008
   96.8832000000000       1.294006429786165E-008
   97.0224500000000       1.291040291340195E-008
   97.1618000000000       1.288293843826338E-008
   97.3012500000000       1.285760070635078E-008
   97.4408000000000       1.283431538823265E-008
   97.5804500000000       1.281300426869691E-008
   97.7202000000000       1.279358541328435E-008
   97.8600500000000       1.277597411197817E-008
   98.0000000000000       1.276008332329326E-008
   98.1400500000000       1.274582445143224E-008
   98.2802000000000       1.273310806793049E-008
   98.4204500000000       1.272184430023415E-008
   98.5608000000000       1.271194333130055E-008
   98.7012500000000       1.270331573266503E-008
   98.8418000000000       1.269587224239643E-008
   98.9824500000000       1.268952443123084E-008
   99.1232000000000       1.268418425848239E-008
   99.2640500000000       1.267976440511021E-008
   99.4050000000000       1.267617821820721E-008
   99.5460500000000       1.267333954446670E-008
   99.6872000000000       1.267116261916001E-008
   99.8284500000000       1.266956184409196E-008
   99.9698000000000       1.266845162106733E-008
   100.111250000000       1.266774507513446E-008
   100.252800000000       1.266735422111864E-008
   100.394450000000       1.266718840930992E-008
   100.536200000000       1.266715382586270E-008
   100.678050000000       1.266715232706161E-008
   100.820000000000       1.266708071767653E-008
   100.962050000000       1.266683008482872E-008
   101.104200000000       1.266628513185708E-008
   101.246450000000       1.266532390076236E-008
   101.388800000000       1.266381804976291E-008
   101.531250000000       1.266163235369433E-008
   101.673800000000       1.265862542565444E-008
   101.816450000000       1.265464982802555E-008
   101.959200000000       1.264955273860835E-008
   102.102050000000       1.264317645022217E-008
   102.245000000000       1.263535864826082E-008
   102.388050000000       1.262593385398247E-008
   102.531200000000       1.261473336899854E-008
   102.674450000000       1.260158732918626E-008
   102.817800000000       1.258632509326674E-008
   102.961250000000       1.256877746325102E-008
   103.104800000000       1.254877779466312E-008
   103.248450000000       1.252616405045259E-008
   103.392200000000       1.250078035530677E-008
   103.536050000000       1.247247893854109E-008
   103.680000000000       1.244112146636667E-008
   103.824050000000       1.240658037415798E-008
   103.968200000000       1.236873992116472E-008
   104.112450000000       1.232749702317903E-008
   104.256800000000       1.228276202969170E-008
   104.401250000000       1.223445916798127E-008
   104.545800000000       1.218252759782601E-008
   104.690450000000       1.212692218865996E-008
   104.835200000000       1.206761451877369E-008
   104.980050000000       1.200459437411538E-008
   105.125000000000       1.193787046993577E-008
   105.270050000000       1.186747239367847E-008
   105.415200000000       1.179345071600224E-008
   105.560450000000       1.171587810100405E-008
   105.705800000000       1.163484875110754E-008
   105.851250000000       1.155047796297382E-008
   105.996800000000       1.146290118381188E-008
   106.142450000000       1.137227184644374E-008
   106.288200000000       1.127875959294755E-008
   106.434050000000       1.118254833176735E-008
   106.580000000000       1.108383396175583E-008
   106.726050000000       1.098282248479521E-008
   106.872200000000       1.087972872904075E-008
   107.018450000000       1.077477485011968E-008
   107.164800000000       1.066818938744163E-008
   107.311250000000       1.056020654255363E-008
   107.457800000000       1.045106523545059E-008
   107.604450000000       1.034100766128532E-008
   107.751200000000       1.023027801361209E-008
   107.898050000000       1.011912026394057E-008
   108.045000000000       1.000777577475631E-008
   108.192050000000       9.896480968052401E-009
   108.339200000000       9.785464327727311E-009
   108.486450000000       9.674943957094229E-009
   108.633800000000       9.565125469457314E-009
   108.781250000000       9.456200322777164E-009
   108.928800000000       9.348344875981240E-009
   109.076450000000       9.241719889363509E-009
   109.224200000000       9.136470580095590E-009
   109.372050000000       9.032727232849425E-009
   109.520000000000       8.930605810419934E-009
   109.668050000000       8.830208064747325E-009
   109.816200000000       8.731622425095509E-009
   109.964450000000       8.634923776007497E-009
   110.112800000000       8.540173235260795E-009
   110.261250000000       8.447417598755891E-009
   110.409800000000       8.356688507848986E-009
   110.558450000000       8.268002171796240E-009
   110.707200000000       8.181358923664561E-009
   110.856050000000       8.096743109309301E-009
   111.005000000000       8.014124031063830E-009
   111.154050000000       7.933457224496010E-009
   111.303200000000       7.854686123742738E-009
   111.452450000000       7.777744337467141E-009
   111.601800000000       7.702558035838081E-009
   111.751250000000       7.629048726087717E-009
   111.900800000000       7.557135028868345E-009
   112.050450000000       7.486735120743049E-009
   112.200200000000       7.417768232986788E-009
   112.350050000000       7.350155650787116E-009
   112.500000000000       7.283821490400300E-009
   112.650050000000       7.218693420796285E-009
   112.800200000000       7.154702441614091E-009
   112.950450000000       7.091783382762173E-009
   113.100800000000       7.029875015440723E-009
   113.251250000000       6.968920496230879E-009
   113.401800000000       6.908867977717392E-009
   113.552450000000       6.849671219111286E-009
   113.703200000000       6.791290474428280E-009
   113.854050000000       6.733693602711810E-009
   114.005000000000       6.676856456611091E-009
   114.156050000000       6.620763604026081E-009
   114.307200000000       6.565408161574027E-009
   114.458450000000       6.510791628056012E-009
   114.609800000000       6.456923051789687E-009
   114.761250000000       6.403817753852792E-009
   114.912800000000       6.351496217860131E-009
   115.064450000000       6.299982646673641E-009
   115.216200000000       6.249303463601308E-009
   115.368050000000       6.199486701774504E-009
   115.520000000000       6.150561060458415E-009
   115.672050000000       6.102556127096648E-009
   115.824200000000       6.055501877710867E-009
   115.976450000000       6.009429842634972E-009
   116.128800000000       5.964373217537400E-009
   116.281250000000       5.920367807110694E-009
   116.433800000000       5.877452136093808E-009
   116.586450000000       5.835667782339016E-009
   116.739200000000       5.795058877211545E-009
   116.892050000000       5.755671661500372E-009
   117.045000000000       5.717553097639438E-009
   117.198050000000       5.680749648462324E-009
   117.351200000000       5.645305778401166E-009
   117.504450000000       5.611262732241329E-009
   117.657800000000       5.578657091831474E-009
   117.811250000000       5.547520276483198E-009
   117.964800000000       5.517877765814916E-009
   118.118450000000       5.489749488329920E-009
   118.272200000000       5.463149599371775E-009
   118.426050000000       5.438087313791584E-009
   118.580000000000       5.414567016970295E-009
   118.734050000000       5.392588875441362E-009
   118.888200000000       5.372148781379593E-009
   119.042450000000       5.353238463623455E-009
   119.196800000000       5.335844599496653E-009
   119.351250000000       5.319948925830431E-009
   119.505800000000       5.305527073229399E-009
   119.660450000000       5.292547844426565E-009
   119.815200000000       5.280972770194126E-009
   119.970050000000       5.270755609743105E-009
   120.125000000000       5.261841962145297E-009
   120.280050000000       5.254169710422474E-009
   120.435200000000       5.247668966035235E-009
   120.590450000000       5.242262790527974E-009
   120.745800000000       5.237867473084634E-009
   120.901250000000       5.234393085640221E-009
   121.056800000000       5.231743760436558E-009
   121.212450000000       5.229818078600346E-009
   121.368200000000       5.228508792587405E-009
   121.524050000000       5.227703436805342E-009
   121.680000000000       5.227284161080092E-009
   121.836050000000       5.227128230256284E-009
   121.992200000000       5.227108579308748E-009
   122.148450000000       5.227095034587848E-009
   122.304800000000       5.226955646087106E-009
   122.461250000000       5.226558186244290E-009
   122.617800000000       5.225772536920914E-009
   122.774450000000       5.224472354736776E-009
   122.931200000000       5.222537569071761E-009
   123.088050000000       5.219855714333477E-009
   123.245000000000       5.216323761825237E-009
   123.402050000000       5.211849340991392E-009
   123.559200000000       5.206351350039995E-009
   123.716450000000       5.199760511054308E-009
   123.873800000000       5.192019703059714E-009
   124.031250000000       5.183083851001413E-009
   124.188800000000       5.172920092277877E-009
   124.346450000000       5.161507721229697E-009
   124.504200000000       5.148838078117279E-009
   124.662050000000       5.134914604632002E-009
   124.820000000000       5.119752288784696E-009
   124.978050000000       5.103377220816441E-009
   125.136200000000       5.085825816042444E-009
   125.294450000000       5.067143205028657E-009
   125.452800000000       5.047381734790690E-009
   125.611250000000       5.026598859370068E-009
   125.769800000000       5.004854974899331E-009
   125.928450000000       4.982210921600227E-009
   126.087200000000       4.958725985382273E-009
   126.246050000000       4.934456121485908E-009
   126.405000000000       4.909452178125662E-009
   126.564050000000       4.883759896490147E-009
   126.723200000000       4.857418967052496E-009
   126.882450000000       4.830464028771075E-009
   127.041800000000       4.802925224201005E-009
   127.201250000000       4.774829420739479E-009
   127.360800000000       4.746201265337646E-009
   127.520450000000       4.717064627790535E-009
   127.680200000000       4.687443211359721E-009
   127.840050000000       4.657361218907141E-009
   128.000000000000       4.626843297383942E-009
   128.160050000000       4.595914482319330E-009
   128.320200000000       4.564599698220206E-009
   128.480450000000       4.532923036926206E-009
   128.640800000000       4.500907258009335E-009
   128.801250000000       4.468573011617849E-009
   128.961800000000       4.435938949498563E-009
   129.122450000000       4.403021780507999E-009
   129.283200000000       4.369836825723894E-009
   129.444050000000       4.336398573556721E-009
   129.605000000000       4.302721956506161E-009
   129.766050000000       4.268823072806072E-009
   129.927200000000       4.234720352158661E-009
   130.088450000000       4.200435055334850E-009
   130.249800000000       4.165991496218879E-009
   130.411250000000       4.131416597719095E-009
   130.572800000000       4.096739281145290E-009
   130.734450000000       4.061989244963371E-009
   130.896200000000       4.027195577016585E-009
   131.058050000000       3.992385366746731E-009
   131.220000000000       3.957582095370782E-009
   131.382050000000       3.922804914235911E-009
   131.544200000000       3.888067867663381E-009
   131.706450000000       3.853379726415085E-009
   131.868800000000       3.818744709338517E-009
   132.031250000000       3.784163260522888E-009
   132.193800000000       3.749633048499845E-009
   132.356450000000       3.715150631578013E-009
   132.519200000000       3.680712734599467E-009
   132.682050000000       3.646317581207370E-009
   132.845000000000       3.611965726513233E-009
   133.008050000000       3.577660612208433E-009
   133.171200000000       3.543408566564210E-009
   133.334450000000       3.509218748920517E-009
   133.497800000000       3.475102761107962E-009
   133.661250000000       3.441073592735933E-009
   133.824800000000       3.407145787726051E-009
   133.988450000000       3.373334611644907E-009
   134.152200000000       3.339656440282113E-009
   134.316050000000       3.306129092717214E-009
   134.480000000000       3.272772941542712E-009
   134.644050000000       3.239611912064788E-009
   134.808200000000       3.206674981104385E-009
   134.972450000000       3.173997509264836E-009
   135.136800000000       3.141622018087986E-009
   135.301250000000       3.109599355788362E-009
   135.465800000000       3.077988197652815E-009
   135.630450000000       3.046854823995915E-009
   135.795200000000       3.016271510336566E-009
   135.960050000000       2.986314640018861E-009
   136.125000000000       2.957062039676828E-009
   136.290050000000       2.928590536743769E-009
   136.455200000000       2.900973072872404E-009
   136.620450000000       2.874276538999965E-009
   136.785800000000       2.848559665924455E-009
   136.951250000000       2.823871969592773E-009
   137.116800000000       2.800252807411141E-009
   137.282450000000       2.777731877845468E-009
   137.448200000000       2.756329553488257E-009
   137.614050000000       2.736057547192416E-009
   137.780000000000       2.716920188827743E-009
   137.946050000000       2.698915202437036E-009
   138.112200000000       2.682034094814156E-009
   138.278450000000       2.666263321238205E-009
   138.444800000000       2.651583674850855E-009
   138.611250000000       2.637970897279018E-009
   138.777800000000       2.625395123523333E-009
   138.944450000000       2.613820992980465E-009
   139.111200000000       2.603207593931955E-009
   139.278050000000       2.593508519055376E-009
   139.445000000000       2.584672864625048E-009
   139.612050000000       2.576645841134706E-009
   139.779200000000       2.569369883520523E-009
   139.946450000000       2.562786538540252E-009
   140.113800000000       2.556837186418193E-009
   140.281250000000       2.551465094757788E-009
   140.448800000000       2.546616029164284E-009
   140.616450000000       2.542239641023514E-009
   140.784200000000       2.538289689546502E-009
   140.952050000000       2.534724596880977E-009
   141.120000000000       2.531507392600219E-009
   141.288050000000       2.528605269613848E-009
   141.456200000000       2.525989306612075E-009
   141.624450000000       2.523633968465333E-009
   141.792800000000       2.521516329068163E-009
   141.961250000000       2.519615738272307E-009
   142.129800000000       2.517913377797498E-009
   142.298450000000       2.516391706119947E-009
   142.467200000000       2.515034736028099E-009
   142.636050000000       2.513827479511122E-009
   142.805000000000       2.512756336336963E-009
   142.974050000000       2.511809038541202E-009
   143.143200000000       2.510974761449347E-009
   143.312450000000       2.510244123676841E-009
   143.481800000000       2.509609187129058E-009
   143.651250000000       2.509063234956699E-009
   143.820800000000       2.508600660533489E-009
   143.990450000000       2.508216412344666E-009
   144.160200000000       2.507905716431225E-009
   144.330050000000       2.507663687811856E-009
   144.500000000000       2.507484553326833E-009
   144.670050000000       2.507361374082251E-009
   144.840200000000       2.507285712383123E-009
   145.010450000000       2.507247631733378E-009
   145.180800000000       2.507235086213200E-009
   145.351250000000       2.507234420079385E-009
   145.521800000000       2.507230312254194E-009
   145.692450000000       2.507205776325350E-009
   145.863200000000       2.507142438101795E-009
   146.034050000000       2.507020313569086E-009
   146.205000000000       2.506817642355941E-009
   146.376050000000       2.506510665689632E-009
   146.547200000000       2.506073404351383E-009
   146.718450000000       2.505476714986798E-009
   146.889800000000       2.504687901527802E-009
   147.061250000000       2.503670493148036E-009
   147.232800000000       2.502383911195949E-009
   147.404450000000       2.500782969594439E-009
   147.576200000000       2.498818651996970E-009
   147.748050000000       2.496438167298720E-009
   147.920000000000       2.493586004348458E-009
   148.092050000000       2.490204431548904E-009
   148.264200000000       2.486235162191264E-009
   148.436450000000       2.481619743033292E-009
   148.608800000000       2.476300831055767E-009
   148.781250000000       2.470222693062851E-009
   148.953800000000       2.463331760793608E-009
   149.126450000000       2.455576186832786E-009
   149.299200000000       2.446906288700035E-009
   149.472050000000       2.437273882716084E-009
   149.645000000000       2.426631950935842E-009
   149.818050000000       2.414934974215299E-009
   149.991200000000       2.402138821189226E-009
   150.164450000000       2.388201914005350E-009
   150.337800000000       2.373086116502776E-009
   150.511250000000       2.356758621591126E-009
   150.684800000000       2.339193838629683E-009
   150.858450000000       2.320375613873438E-009
   151.032200000000       2.300299228874536E-009
   151.206050000000       2.278973065816814E-009
   151.380000000000       2.256419828761125E-009
   151.554050000000       2.232676821201096E-009
   151.728200000000       2.207795501973919E-009
   151.902450000000       2.181840152992720E-009
   152.076800000000       2.154885825333963E-009
   152.251250000000       2.127015896746798E-009
   152.425800000000       2.098319074050892E-009
   152.600450000000       2.068887006156928E-009
   152.775200000000       2.038811730553647E-009
   152.950050000000       2.008184285529069E-009
   153.125000000000       1.977093322391710E-009
   153.300050000000       1.945625105470583E-009
   153.475200000000       1.913863345581746E-009
   153.650450000000       1.881890254740171E-009
   153.825800000000       1.849786934737807E-009
   154.001250000000       1.817634043277394E-009
   154.176800000000       1.785512293572822E-009
   154.352450000000       1.753501788215317E-009
   154.528200000000       1.721681464061930E-009
   154.704050000000       1.690127537923303E-009
   154.880000000000       1.658911341628766E-009
   155.056050000000       1.628097490158353E-009
   155.232200000000       1.597741383640994E-009
   155.408450000000       1.567887430997672E-009
   155.584800000000       1.538567606651497E-009
   155.761250000000       1.509801006438494E-009
   155.937800000000       1.481593903118750E-009
   156.114450000000       1.453940856599445E-009
   156.291200000000       1.426826656825142E-009
   156.468050000000       1.400228599734987E-009
   156.645000000000       1.374119429353726E-009
   156.822050000000       1.348469835793509E-009
   156.999200000000       1.323251286322602E-009
   157.176450000000       1.298438134789137E-009
   157.353800000000       1.274009342466798E-009
   157.531250000000       1.249949144188633E-009
   157.708800000000       1.226247325902818E-009
   157.886450000000       1.202898614049985E-009
   158.064200000000       1.179901620851354E-009
   158.242050000000       1.157257345507645E-009
   158.420000000000       1.134967120286490E-009
   158.598050000000       1.113031222743643E-009
   158.776200000000       1.091447487944208E-009
   158.954450000000       1.070210364773061E-009
   159.132800000000       1.049310416334492E-009
   159.311250000000       1.028735097108324E-009
   159.489800000000       1.008469086016817E-009
   159.668450000000       9.884958407369027E-010
   159.847200000000       9.687991520124228E-010
   160.026050000000       9.493645314329058E-010
   160.205000000000       9.301807102346515E-010
   160.384050000000       9.112409160572099E-010
   160.563200000000       8.925433170325903E-010
   160.742450000000       8.740909662741103E-010
   160.921800000000       8.558915243206400E-010
   161.101250000000       8.379558713578206E-010
   161.280800000000       8.202967749504353E-010
   161.460450000000       8.029270581744186E-010
   161.640200000000       7.858580453046216E-010
   161.820050000000       7.690974523910654E-010
   162.000000000000       7.526491097031851E-010
   162.180050000000       7.365112963952924E-010
   162.360200000000       7.206776286849959E-010
   162.540450000000       7.051372818978052E-010
   162.720800000000       6.898761562013078E-010
   162.901250000000       6.748784309174027E-010
   163.081800000000       6.601285074125940E-010
   163.262450000000       6.456127854548299E-010
   163.443200000000       6.313211065034352E-010
   163.624050000000       6.172483080213453E-010
   163.805000000000       6.033950006312239E-010
   163.986050000000       5.897677901600673E-010
   164.167200000000       5.763792221280539E-010
   164.348450000000       5.632467270366703E-010
   164.529800000000       5.503912881010820E-010
   164.711250000000       5.378359424490498E-010
   164.892800000000       5.256038937417884E-010
   165.074450000000       5.137172354174879E-010
   165.256200000000       5.021952298456256E-010
   165.438050000000       4.910536977043023E-010
   165.620000000000       4.803047404244865E-010
   165.802050000000       4.699565736565603E-010
   165.984200000000       4.600144709598908E-010
   166.166450000000       4.504815964700981E-010
   166.348800000000       4.413598375663241E-010
   166.531250000000       4.326512481611644E-010
   166.713800000000       4.243586038121805E-010
   166.896450000000       4.164860123445635E-010
   167.079200000000       4.090391914068903E-010
   167.262050000000       4.020250243819135E-010
   167.445000000000       3.954506166969907E-010
   167.628050000000       3.893226852014209E-010
   167.811200000000       3.836461148765125E-010
   167.994450000000       3.784224045233486E-010
   168.177800000000       3.736491116512752E-010
   168.361250000000       3.693188532771785E-010
   168.544800000000       3.654189173474265E-010
   168.728450000000       3.619315402936252E-010
   168.912200000000       3.588346841887358E-010
   169.096050000000       3.561026473697382E-010
   169.280000000000       3.537076187498656E-010
   169.464050000000       3.516207880416289E-010
   169.648200000000       3.498134559798416E-010
   169.832450000000       3.482580890334930E-010
   170.016800000000       3.469289300284117E-010
   170.201250000000       3.458025532587783E-010
   170.385800000000       3.448576979536710E-010
   170.570450000000       3.440752682770665E-010
   170.755200000000       3.434377227051755E-010
   170.940050000000       3.429289074929898E-010
   171.125000000000       3.425333905404671E-010
   171.310050000000       3.422360728144724E-010
   171.495200000000       3.420219663041735E-010
   171.680450000000       3.418763050433427E-010
   171.865800000000       3.417845451103574E-010
   172.051250000000       3.417326976951074E-010
   172.236800000000       3.417082172774144E-010
   172.422450000000       3.416998906047297E-010
   172.608200000000       3.416988914040076E-010
   172.794050000000       3.416985028259489E-010
   172.980000000000       3.416942284673041E-010
   173.166050000000       3.416837368597214E-010
   173.352200000000       3.416663618693860E-010
   173.538450000000       3.416424920743566E-010
   173.724800000000       3.416132932088090E-010
   173.911250000000       3.415800975403727E-010
   174.097800000000       3.415441818255260E-010
   174.284450000000       3.415063787315376E-010
   174.471200000000       3.414672988810707E-010
   174.658050000000       3.414269977852769E-010
   174.845000000000       3.413851978883997E-010
   175.032050000000       3.413412330566246E-010
   175.219200000000       3.412944371561366E-010
   175.406450000000       3.412437554750625E-010
   175.593800000000       3.411879667680751E-010
   175.781250000000       3.411256832563936E-010
   175.968800000000       3.410555726723885E-010
   176.156450000000       3.409758031480692E-010
   176.344200000000       3.408844873042938E-010
   176.532050000000       3.407791271392568E-010
   176.720000000000       3.406566140284895E-010
   176.908050000000       3.405129511691030E-010
   177.096200000000       3.403426429571255E-010
   177.284450000000       3.401386394763506E-010
   177.472800000000       3.398916703645227E-010
   177.661250000000       3.395896897018247E-010
   177.849800000000       3.392175984551216E-010
   178.038450000000       3.387567448775997E-010
   178.227200000000       3.381844804195566E-010
   178.416050000000       3.374746593287625E-010
   178.605000000000       3.365977496727623E-010
   178.794050000000       3.355213884503883E-010
   178.983200000000       3.342116583482380E-010
   179.172450000000       3.326342534748505E-010
   179.361800000000       3.307558671394872E-010
   179.551250000000       3.285458571866684E-010
   179.740800000000       3.259769121299882E-010
   179.930450000000       3.230262168862907E-010
   180.120200000000       3.196757858425769E-010
   180.310050000000       3.159120742779464E-010
   180.500000000000       3.117258118301436E-010
   180.690050000000       3.071109477836842E-010
   180.880200000000       3.020637073802845E-010
   181.070450000000       2.965818701738954E-010
   181.260800000000       2.906645479860970E-010
   181.451250000000       2.843115742834357E-010
   181.641800000000       2.775238927554824E-010
   181.832450000000       2.703046675378573E-010
   182.023200000000       2.626602269018008E-010
   182.214050000000       2.546014510329542E-010
   182.405000000000       2.461455483881991E-010
   182.596050000000       2.373173324521360E-010
   182.787200000000       2.281498878708987E-010
   182.978450000000       2.186858472086328E-010
   183.169800000000       2.089766693025297E-010
   183.361250000000       1.990816955732555E-010
   183.552800000000       1.890669287796243E-010
   183.744450000000       1.790023129721874E-010
   183.936200000000       1.689594575360331E-010
   184.128050000000       1.590088061220740E-010
   184.320000000000       1.492174162009974E-010
   184.512050000000       1.396466275949138E-010
   184.704200000000       1.303510632766347E-010
   184.896450000000       1.213776301689506E-010
   185.088800000000       1.127657411892358E-010
   185.281250000000       1.045481479167165E-010
   185.473800000000       9.675138468168143E-011
   185.666450000000       8.939754492232055E-011
   185.859200000000       8.250555794120373E-011
   186.052050000000       7.609129992758312E-011
   186.245000000000       7.016898173617392E-011
   186.438050000000       6.475053826449084E-011
   186.631200000000       5.984535089709198E-011
   186.824450000000       5.545919279370537E-011
   187.017800000000       5.159278559929703E-011
   187.211250000000       4.824057819874383E-011
   187.404800000000       4.538902587114535E-011
   187.598450000000       4.301631273406770E-011
   187.792200000000       4.109168560972876E-011
   187.986050000000       3.957612015881296E-011
   188.180000000000       3.842365314810081E-011
   188.374050000000       3.758343636306449E-011
   188.568200000000       3.700206807621953E-011
   188.762450000000       3.662592451547653E-011
   188.956800000000       3.640432399976135E-011
   189.151250000000       3.629097022894712E-011
   189.345800000000       3.624589517414734E-011
   189.540450000000       3.623618072268187E-011
   189.735200000000       3.623618072268187E-011
   189.930050000000       3.622713240503117E-011
   190.125000000000       3.619654576070275E-011
   190.320050000000       3.613703780658284E-011
   190.515200000000       3.604533338474880E-011
   190.710450000000       3.592148800635186E-011
   190.905800000000       3.576783313974374E-011
   191.101250000000       3.558858763241801E-011
   191.296800000000       3.538919157719533E-011
   191.492450000000       3.517630631222346E-011
   191.688200000000       3.495737033176738E-011
   191.884050000000       3.474043275275562E-011
   192.080000000000       3.453359820326796E-011
   192.276050000000       3.434497131138414E-011
   192.472200000000       3.418154648215932E-011
   192.668450000000       3.404893034186784E-011
   192.864800000000       3.395000947037374E-011
   193.061250000000       3.388489488997948E-011
   193.257800000000       3.384981184240132E-011
   193.454450000000       3.383726632222306E-011
   193.651200000000       3.383626712150090E-011
   193.848050000000       3.383321400818318E-011
   194.045000000000       3.381245283762269E-011
   194.242050000000       3.375799639826482E-011
   194.439200000000       3.365463463467222E-011
   194.636450000000       3.348898935939815E-011
   194.833800000000       3.325062447601113E-011
   195.031250000000       3.293204597909494E-011
   195.228800000000       3.252909053230724E-011
   195.426450000000       3.203998177880862E-011
   195.624200000000       3.146505278550649E-011
   195.822050000000       3.080558030887914E-011
   196.020000000000       3.006284110540491E-011
   196.218050000000       2.923755682004980E-011
   196.416200000000       2.832933887475519E-011
   196.614450000000       2.733657744613538E-011
   196.812800000000       2.625594186511648E-011
   197.011250000000       2.508371288456601E-011
   197.209800000000       2.381583819044408E-011
   197.408450000000       2.244893160252559E-011
   197.607200000000       2.098143880857606E-011
   197.806050000000       1.941463656507381E-011
   198.005000000000       1.775374292023457E-011
   198.204050000000       1.600830579207013E-011
   198.403200000000       1.419292461335431E-011
   198.602450000000       1.232686175356434E-011
   198.801800000000       1.043365394082230E-011
   199.001250000000       8.539779994265473E-012
   199.200800000000       6.673162022963197E-012
   199.400450000000       4.861555602531098E-012
   199.600200000000       3.131106485199098E-012
   199.800050000000       1.504518731820781E-012
   200.000000000000       0.000000000000000E+000
