  2.061153622439000E-007  5.691300603948597E-015
  2.081868560730650E-007  5.806272581705584E-015
  2.102791687613270E-007  5.923567078890145E-015
  2.123925095416982E-007  6.043228968173037E-015
  2.145270897500181E-007  6.165311901907496E-015
  2.166831228460860E-007  6.289858803248468E-015
  2.188608244350085E-007  6.416921405476506E-015
  2.210604122887591E-007  6.546552165366432E-015
  2.232821063679562E-007  6.678800934681872E-015
  2.255261288438591E-007  6.813721590702704E-015
  2.277927041205855E-007  6.951367072580712E-015
  2.300820588575518E-007  7.091792733998853E-015
  2.323944219921395E-007  7.235056393352824E-015
  2.347300247625892E-007  7.381214963804670E-015
  2.370891007311241E-007  7.530326138149007E-015
  2.394718858073070E-007  7.682451852423643E-015
  2.418786182716312E-007  7.837647963365888E-015
  2.443095387993488E-007  7.995976298568988E-015
  2.467648904845383E-007  8.157508302878942E-015
  2.492449188644143E-007  8.322298829671494E-015
  2.517498719438816E-007  8.490417594737199E-015
  2.542800002203354E-007  8.661935296771165E-015
  2.568355567087120E-007  8.836920049818639E-015
  2.594167969667899E-007  9.015433708203174E-015
  2.620239791207458E-007  9.197560610335533E-015
  2.646573638909678E-007  9.383360909718480E-015
  2.673172146181275E-007  9.572913758472460E-015
  2.700037972895140E-007  9.766299428009822E-015
  2.727173805656335E-007  9.963595634013240E-015
  2.754582358070747E-007  1.016487375063343E-014
  2.782266371016460E-007  1.037021725790771E-014
  2.810228612917836E-007  1.057970705960648E-014
  2.838471880022370E-007  1.079343644913138E-014
  2.866998996680307E-007  1.101147737872787E-014
  2.895812815627086E-007  1.123392550051409E-014
  2.924916218268613E-007  1.146086256103350E-014
  2.954312114969406E-007  1.169239057322304E-014
  2.984003445343630E-007  1.192859373886207E-014
  3.013993178549066E-007  1.216956899206864E-014
  3.044284313584026E-007  1.241541071936214E-014
  3.074879879587257E-007  1.266621459192667E-014
  3.105782936140856E-007  1.292208938409446E-014
  3.136996573576229E-007  1.318313355537096E-014
  3.168523913283132E-007  1.344945484233210E-014
  3.200368108021809E-007  1.372115050018585E-014
  3.232532342238271E-007  1.399833511948679E-014
  3.265019832382742E-007  1.428112086947030E-014
  3.297833827231311E-007  1.456961335981092E-014
  3.330977608210807E-007  1.486393590449703E-014
  3.364454489726948E-007  1.516420946780377E-014
  3.398267819495783E-007  1.547054434872891E-014
  3.432420978878466E-007  1.578307298295009E-014
  3.466917383219398E-007  1.610191306009219E-014
  3.501760482187759E-007  1.642718801871364E-014
  3.536953760122483E-007  1.675903976519317E-014
  3.572500736380690E-007  1.709759113066700E-014
  3.608404965689629E-007  1.744298777810952E-014
  3.644670038502152E-007  1.779535612474196E-014
  3.681299581355759E-007  1.815484995444716E-014
  3.718297257235262E-007  1.852159941389641E-014
  3.755666765939080E-007  1.889576231381533E-014
  3.793411844449224E-007  1.927749000763843E-014
  3.831536267305001E-007  1.966690097487097E-014
  3.870043846980465E-007  2.006421174066590E-014
  3.908938434265675E-007  2.046953183213323E-014
  3.948223918651771E-007  2.088304295089752E-014
  3.987904228719929E-007  2.130491158672572E-014
  4.027983332534224E-007  2.173529756187187E-014
  4.068465238038437E-007  2.217438986034238E-014
  4.109353993456852E-007  2.262233490849810E-014
  4.150653687699086E-007  2.307933554622784E-014
  4.192368450768980E-007  2.354557012307526E-014
  4.234502454177603E-007  2.402121941101829E-014
  4.277059911360407E-007  2.450647586572733E-014
  4.320045078098576E-007  2.500154388422784E-014
  4.363462252944604E-007  2.550659342572530E-014
  4.407315777652157E-007  2.602187160625248E-014
  4.451610037610251E-007  2.654755385084218E-014
  4.496349462281793E-007  2.708383673664418E-014
  4.541538525646534E-007  2.763096704000014E-014
  4.587181746648468E-007  2.818915687844464E-014
  4.633283689647730E-007  2.875862124061640E-014
  4.679848964877040E-007  2.933957801697302E-014
  4.726882228902725E-007  2.993227715718692E-014
  4.774388185090382E-007  3.053695264408696E-014
  4.822371584075218E-007  3.115382204345240E-014
  4.870837224237117E-007  3.178318460210698E-014
  4.919789952180485E-007  3.242524496495637E-014
  4.969234663218909E-007  3.308028992479345E-014
  5.019176301864698E-007  3.374855038093476E-014
  5.069619862323334E-007  3.443031048129484E-014
  5.120570388992901E-007  3.512584828320916E-014
  5.172032976968522E-007  3.583542538839926E-014
  5.224012772551882E-007  3.655935792174783E-014
  5.276514973765856E-007  3.729788449673756E-014
  5.329544830874317E-007  3.805136008298382E-014
  5.383107646907167E-007  3.882005166176243E-014
  5.437208778190647E-007  3.960426090101525E-014
  5.491853634882967E-007  4.040431450925893E-014
  5.547047681515337E-007  4.122053325202417E-014
  5.602796437538412E-007  4.205325287833080E-014
  5.659105477874254E-007  4.290279256386577E-014
  5.715980433473820E-007  4.376947578194719E-014
  5.773426991880067E-007  4.465368399878693E-014
  5.831450897796707E-007  4.555575022768986E-014
  5.890057953662685E-007  4.647604443965448E-014
  5.949254020232427E-007  4.741491996520862E-014
  6.009045017161921E-007  4.837276773744147E-014
  6.069436923600686E-007  4.934998416136352E-014
  6.130435778789690E-007  5.034692694683928E-014
  6.192047682665288E-007  5.136400295689006E-014
  6.254278796469210E-007  5.240162470013357E-014
  6.317135343364694E-007  5.346018794445101E-014
  6.380623609058812E-007  5.454013889623562E-014
  6.444749942431040E-007  5.564195271478565E-014
  6.509520756168154E-007  5.676599742851001E-014
  6.574942527405504E-007  5.791273726316633E-014
  6.641021798374731E-007  5.908266593732097E-014
  6.707765177057999E-007  6.027621478500530E-014
  6.775179337848795E-007  6.149389057587782E-014
  6.843271022219378E-007  6.273613714154953E-014
  6.912047039394927E-007  6.400349806216803E-014
  6.981514267034474E-007  6.529647749113954E-014
  7.051679651918673E-007  6.661551534099882E-014
  7.122550210644483E-007  6.796122393049087E-014
  7.194133030326836E-007  6.933412871773017E-014
  7.266435269307352E-007  7.073478637404407E-014
  7.339464157870182E-007  7.216373707223045E-014
  7.413226998965040E-007  7.362152828051048E-014
  7.487731168937503E-007  7.510881259644484E-014
  7.562984118266657E-007  7.662610466071598E-014
  7.638993372310146E-007  7.817404909830385E-014
  7.715766532056714E-007  7.975329963800580E-014
  7.793311274886315E-007  8.136436961582575E-014
  7.871635355337853E-007  8.300805430648897E-014
  7.950746605884642E-007  8.468495941327233E-014
  8.030652937717663E-007  8.639574924736885E-014
  8.111362341536690E-007  8.814104633535531E-014
  8.192882888349362E-007  8.992158362514506E-014
  8.275222730278293E-007  9.173810436665088E-014
  8.358390101376295E-007  9.359136222415131E-014
  8.442393318449782E-007  9.548201758885238E-014
  8.527240781890465E-007  9.741089589472587E-014
  8.612940976515395E-007  9.937870330861815E-014
  8.699502472415452E-007  1.013862869992526E-013
  8.786933925812359E-007  1.034344267406085E-013
  8.875244079924318E-007  1.055239394818031E-013
  8.964441765840330E-007  1.076556266460389E-013
  9.054535903403319E-007  1.098304079540367E-013
  9.145535502102119E-007  1.120491621779139E-013
  9.237449661972436E-007  1.143126716413781E-013
  9.330287574506850E-007  1.166219742787764E-013
  9.424058523573979E-007  1.189778763794895E-013
  9.518771886346875E-007  1.213814150042643E-013
  9.614437134240741E-007  1.238334759151920E-013
  9.711063833860089E-007  1.263351235567515E-013
  9.808661647955404E-007  1.288872697085541E-013
  9.907240336389425E-007  1.314908943378577E-013
  1.000680975711315E-006  1.341472166491717E-013
  1.010737986715162E-006  1.368571330089277E-013
  1.020896072359964E-006  1.396218934783165E-013
  1.031156248462753E-006  1.424424222050489E-013
  1.041519541049687E-006  1.453200007568035E-013
  1.051986986458663E-006  1.482556396194714E-013
  1.062559631442943E-006  1.512505951744641E-013
  1.073238533275836E-006  1.543060830831634E-013
  1.084024759856425E-006  1.574232770151905E-013
  1.094919389816357E-006  1.606034255677977E-013
  1.105923512627707E-006  1.638478539161124E-013
  1.117038228711926E-006  1.671577266884115E-013
  1.128264649549883E-006  1.705345236709459E-013
  1.139603897793020E-006  1.739796253875757E-013
  1.151057107375609E-006  1.774942497109381E-013
  1.162625423628153E-006  1.810798738534754E-013
  1.174310003391917E-006  1.847379345820405E-013
  1.186112015134616E-006  1.884698884281200E-013
  1.198032639067258E-006  1.922772737272545E-013
  1.210073067262170E-006  1.961614638394120E-013
  1.222234503772207E-006  2.001241622902392E-013
  1.234518164751152E-006  2.041670342212038E-013
  1.246925278575342E-006  2.082914527842469E-013
  1.259457085966497E-006  2.124991887971690E-013
  1.272114840115799E-006  2.167919744907333E-013
  1.284899806809213E-006  2.211714381588064E-013
  1.297813264554060E-006  2.256394229575593E-013
  1.310856504706878E-006  2.301976039443760E-013
  1.324030831602551E-006  2.348478734745388E-013
  1.337337562684746E-006  2.395920850372571E-013
  1.350778028637662E-006  2.444321832049201E-013
  1.364353573519093E-006  2.493700735957420E-013
  1.378065554894842E-006  2.544076878223409E-013
  1.391915343974472E-006  2.595470504124274E-013
  1.405904325748432E-006  2.647902137853081E-013
  1.420033899126559E-006  2.701393931754801E-013
  1.434305477077963E-006  2.755964967701999E-013
  1.448720486772334E-006  2.811640014130698E-013
  1.463280369722653E-006  2.868439415668600E-013
  1.477986581929349E-006  2.926385157628574E-013
  1.492840594025897E-006  2.985502283547836E-013
  1.507843891425886E-006  3.045813418667707E-013
  1.522997974471558E-006  3.107343583923958E-013
  1.538304358583846E-006  3.170117449276033E-013
  1.553764574413918E-006  3.234157911762177E-013
  1.569380167996239E-006  3.299492414832295E-013
  1.585152700903180E-006  3.366145946217494E-013
  1.601083750401178E-006  3.434148118246693E-013
  1.617174909608456E-006  3.503521785825708E-013
  1.633427787654345E-006  3.574295865634471E-013
  1.649844009840194E-006  3.646501130584988E-013
  1.666425217801901E-006  3.720164417210970E-013
  1.683173069674081E-006  3.795315849123524E-013
  1.700089240255878E-006  3.871987441237043E-013
  1.717175421178446E-006  3.950205739282874E-013
  1.734433321074116E-006  4.030003578811780E-013
  1.751864665747259E-006  4.111415752055148E-013
  1.769471198346869E-006  4.194471536628111E-013
  1.787254679540878E-006  4.279206632679697E-013
  1.805216887692224E-006  4.365651175385056E-013
  1.823359619036693E-006  4.453846368522655E-013
  1.841684687862537E-006  4.543817160041030E-013
  1.860193926691909E-006  4.635608805473735E-013
  1.878889186464117E-006  4.729254853516050E-013
  1.897772336720718E-006  4.824793962398508E-013
  1.916845265792473E-006  4.922260637001103E-013
  1.936109880988184E-006  5.021694548684923E-013
  1.955568108785423E-006  5.123140658211378E-013
  1.975221895023187E-006  5.226635050930873E-013
  1.995073205096477E-006  5.332219066408099E-013
  2.015124024152843E-006  5.439936215906055E-013
  2.035376357290900E-006  5.549832228703053E-013
  2.055832229760839E-006  5.661945380258191E-013
  2.076493687166953E-006  5.776324203414757E-013
  2.097362795672201E-006  5.893013013548593E-013
  2.118441642204824E-006  6.012060014547362E-013
  2.139732334667041E-006  6.133509125028084E-013
  2.161237002145842E-006  6.257416469467744E-013
  2.182957795125894E-006  6.383823969580291E-013
  2.204896885704596E-006  6.512787494407858E-013
  2.227056467809289E-006  6.644355285278432E-013
  2.249438757416649E-006  6.778577919524006E-013
  2.272045992774289E-006  6.915515171150571E-013
  2.294880434624585E-006  7.055217406262094E-013
  2.317944366430750E-006  7.197742534855192E-013
  2.341240094605185E-006  7.343147547318070E-013
  2.364769948740120E-006  7.491486742653096E-013
  2.388536281840578E-006  7.642825617512905E-013
  2.412541470559673E-006  7.797221834581838E-013
  2.436787915436282E-006  7.954735594076380E-013
  2.461278041135098E-006  8.115429686187230E-013
  2.486014296689100E-006  8.279373106721217E-013
  2.510999155744455E-006  8.446625088893388E-013
  2.536235116807892E-006  8.617260032687911E-013
  2.561724703496545E-006  8.791338943311253E-013
  2.587470464790326E-006  8.968934521447423E-013
  2.613474975286819E-006  9.150120486877465E-013
  2.639740835458743E-006  9.334964247674875E-013
  2.666270671914005E-006  9.523545174168311E-013
  2.693067137658357E-006  9.715932638722225E-013
  2.720132912360706E-006  9.912208107874004E-013
  2.747470702621075E-006  1.011244670661420E-012
  2.775083242241273E-006  1.031673209874285E-012
  2.802973292498272E-006  1.052514533806935E-012
  2.831143642420341E-006  1.073776858809169E-012
  2.859597109065945E-006  1.095467749240511E-012
  2.888336537805461E-006  1.117597555450577E-012
  2.917364802605713E-006  1.140174851170834E-012
  2.946684806317371E-006  1.163207938267491E-012
  2.976299480965240E-006  1.186706787237143E-012
  3.006211788041463E-006  1.210679551697222E-012
  3.036424718801675E-006  1.235136851690706E-012
  3.066941294564129E-006  1.260087877108513E-012
  3.097764567011833E-006  1.285543531060504E-012
  3.128897618497717E-006  1.311513673402481E-012
  3.160343562352875E-006  1.338008297397074E-012
  3.192105543197895E-006  1.365037531140615E-012
  3.224186737257333E-006  1.392612856112166E-012
  3.256590352677327E-006  1.420745915920955E-012
  3.289319629846424E-006  1.449446059396563E-012
  3.322377841719614E-006  1.478727693776343E-012
  3.355768294145633E-006  1.508599648385834E-012
  3.389494326197550E-006  1.539074599240255E-012
  3.423559310506675E-006  1.570166237470971E-012
  3.457966653599826E-006  1.601886351159544E-012
  3.492719796239985E-006  1.634246463912414E-012
  3.527822213770378E-006  1.667259947839088E-012
  3.563277416462010E-006  1.700940361668008E-012
  3.599088949864695E-006  1.735301452774782E-012
  3.635260395161617E-006  1.770357159229288E-012
  3.671795369527450E-006  1.806120745962574E-012
  3.708697526490075E-006  1.842606525629600E-012
  3.745970556295941E-006  1.879829445005971E-012
  3.783618186279089E-006  1.917804658578090E-012
  3.821644181233890E-006  1.956547089099983E-012
  3.860052343791530E-006  1.996072306616349E-012
  3.898846514800269E-006  2.036395203367059E-012
  3.938030573709538E-006  2.077533112337973E-012
  3.977608438957880E-006  2.119502711229933E-012
  4.017584068364803E-006  2.162320002566689E-012
  4.057961459526561E-006  2.206001203783170E-012
  4.098744650215917E-006  2.250564579230460E-012
  4.139937718785926E-006  2.296029568900421E-012
  4.181544784577773E-006  2.342411269947858E-012
  4.223570008332711E-006  2.389732396835383E-012
  4.266017592608136E-006  2.438006669348674E-012
  4.308891782197847E-006  2.487258280843570E-012
  4.352196864556534E-006  2.537504246671838E-012
  4.395937170228519E-006  2.588765588597454E-012
  4.440117073280820E-006  2.641062671049866E-012
  4.484740991740559E-006  2.694415180472242E-012
  4.529813388036769E-006  2.748844027867701E-012
  4.575338769446639E-006  2.804375242031599E-012
  4.621321688546249E-006  2.861026493724341E-012
  4.667766743665828E-006  2.918824454228641E-012
  4.714678579349592E-006  2.977788337441021E-012
  4.762061886820203E-006  3.037943513061653E-012
  4.809921404447894E-006  3.099313728893387E-012
  4.858261918224311E-006  3.161923057155934E-012
  4.907088262241116E-006  3.225797900000862E-012
  4.956405319173398E-006  3.290963019081827E-012
  5.006218020767949E-006  3.357443511330493E-012
  5.056531348336439E-006  3.425269893254777E-012
  5.107350333253554E-006  3.494463934597006E-012
  5.158680057460133E-006  3.565056907292864E-012
  5.210525653971372E-006  3.637076410157700E-012
  5.262892307390128E-006  3.710548343829536E-012
  5.315785254425382E-006  3.785507281487433E-012
  5.369209784415913E-006  3.861978880784233E-012
  5.423171239859242E-006  3.939996490716249E-012
  5.477675016945882E-006  4.019589705865416E-012
  5.532726566098960E-006  4.100791705996056E-012
  5.588331392519269E-006  4.183631862504681E-012
  5.644495056735788E-006  4.268146372340696E-012
  5.701223175161743E-006  4.354369791665228E-012
  5.758521420656249E-006  4.442332818683060E-012
  5.816395523091605E-006  4.532073088337786E-012
  5.874851269926282E-006  4.623627673365548E-012
  5.933894506783677E-006  4.717029760360010E-012
  5.993531138036679E-006  4.812319607948314E-012
  6.053767127398112E-006  4.909534711182652E-012
  6.114608498517106E-006  5.008713076444039E-012
  6.176061335581476E-006  5.109898841987845E-012
  6.238131783926139E-006  5.213122108696445E-012
  6.300826050647656E-006  5.318436011164826E-012
  6.364150405224943E-006  5.425876250269005E-012
  6.428111180146228E-006  5.535488141873796E-012
  6.492714771542306E-006  5.647313033883900E-012
  6.557967639826152E-006  5.761397455464949E-012
  6.623876310338971E-006  5.877783934826716E-012
  6.690447374002740E-006  5.996520240449945E-012
  6.757687487979300E-006  6.117659504246067E-012
  6.825603376336083E-006  6.241243818291241E-012
  6.894201830718521E-006  6.367322931503635E-012
  6.963489711029219E-006  6.495952048730442E-012
  7.033473946113947E-006  6.627179973393375E-012
  7.104161534454534E-006  6.761060980335356E-012
  7.175559544868721E-006  6.897645259715884E-012
  7.247675117217048E-006  7.036986103146762E-012
  7.320515463116846E-006  7.179147307605655E-012
  7.394087866663405E-006  7.324171480334365E-012
  7.468399685158392E-006  7.472131361807968E-012
  7.543458349845581E-006  7.623075964152392E-012
  7.619271366653990E-006  7.777077360271728E-012
  7.695846316948479E-006  7.934181109067866E-012
  7.773190858287890E-006  8.094466050182210E-012
  7.851312725190810E-006  8.257981820493134E-012
  7.930219729909032E-006  8.424801552447026E-012
  8.009919763208783E-006  8.594994317818568E-012
  8.090420795159810E-006  8.768622440498833E-012
  8.171730875932394E-006  8.945761982009343E-012
  8.253858136602368E-006  9.126479705483678E-012
  8.336810789964242E-006  9.310845874854438E-012
  8.420597131352476E-006  9.498939574889195E-012
  8.505225539471033E-006  9.690830468469910E-012
  8.590704477231249E-006  9.886597087234620E-012
  8.677042492598133E-006  1.008631905382937E-011
  8.764248219445169E-006  1.029007709373835E-011
  8.852330378417714E-006  1.049795035824796E-011
  8.941297777805069E-006  1.071002177401394E-011
  9.031159314421309E-006  1.092637812227883E-011
  9.121923974494983E-006  1.114710738959930E-011
  9.213600834567735E-006  1.137229329432019E-011
  9.306199062401971E-006  1.160202619044627E-011
  9.399727917897638E-006  1.183640321777289E-011
  9.494196754018227E-006  1.207551453042195E-011
  9.589615017726075E-006  1.231945709598272E-011
  9.685992250927068E-006  1.256832359780826E-011
  9.783338091424841E-006  1.282221926959334E-011
  9.881662273884565E-006  1.308124798693743E-011
  9.980974630806424E-006  1.334550364657759E-011
  1.008128509350887E-005  1.361509859142990E-011
  1.018260369312177E-005  1.389014098342017E-011
  1.028494056158950E-005  1.417074626989497E-011
  1.038830593268422E-005  1.445700821564005E-011
  1.049271014302915E-005  1.474906274225256E-011
  1.059816363313233E-005  1.504701246990577E-011
  1.070467694843066E-005  1.535097908007230E-011
  1.081226074034443E-005  1.566109783034658E-011
  1.092092576734248E-005  1.597747008388739E-011
  1.103068289601807E-005  1.630023447211238E-011
  1.114154310217553E-005  1.662952557643633E-011
  1.125351747192785E-005  1.696546167163365E-011
  1.136661720280533E-005  1.730818085454601E-011
  1.148085360487530E-005  1.765783539384542E-011
  1.159623810187317E-005  1.801454897105427E-011
  1.171278223234479E-005  1.837847160840848E-011
  1.183049765080033E-005  1.874974300290401E-011
  1.194939612887973E-005  1.912851098253327E-011
  1.206948955652988E-005  1.951493796258713E-011
  1.219078994319362E-005  1.990916972684666E-011
  1.231330941901071E-005  2.031136034915211E-011
  1.243706023603083E-005  2.072167874756691E-011
  1.256205476943880E-005  2.114027699404680E-011
  1.268830551879213E-005  2.156734136725135E-011
  1.281582510927096E-005  2.200303494301603E-011
  1.294462629294061E-005  2.244752949165361E-011
  1.307472195002678E-005  2.290099912840957E-011
  1.320612509020358E-005  2.336362690730633E-011
  1.333884885389455E-005  2.383561161277296E-011
  1.347290651358665E-005  2.431711504057691E-011
  1.360831147515758E-005  2.480835438186732E-011
  1.374507727921631E-005  2.530950976250192E-011
  1.388321760245723E-005  2.582079061940984E-011
  1.402274625902779E-005  2.634240932600198E-011
  1.416367720190991E-005  2.687456081630427E-011
  1.430602452431532E-005  2.741745628935446E-011
  1.444980246109490E-005  2.797133732132567E-011
  1.459502539016212E-005  2.853638681494213E-011
  1.474170783393093E-005  2.911285934097789E-011
  1.488986446076792E-005  2.970097827828203E-011
  1.503951008645925E-005  3.030097703920480E-011
  1.519065967569219E-005  3.091310632255567E-011
  1.534332834355163E-005  3.153757785923040E-011
  1.549753135703158E-005  3.217469146889511E-011
  1.565328413656187E-005  3.282465129169728E-011
  1.581060225755028E-005  3.348777894594780E-011
  1.596950145193998E-005  3.416425639750415E-011
  1.612999760978284E-005  3.485441277220616E-011
  1.629210678082839E-005  3.555850913708198E-011
  1.645584517612882E-005  3.627683938083242E-011
  1.662122916966012E-005  3.700968677089956E-011
  1.678827529995945E-005  3.775735325342326E-011
  1.695700027177905E-005  3.852008543351750E-011
  1.712742095775671E-005  3.929826762309583E-011
  1.729955440010305E-005  4.009213956053254E-011
  1.747341781230574E-005  4.090204960262429E-011
  1.764902858085089E-005  4.172833590596332E-011
  1.782640426696169E-005  4.257129557448514E-011
  1.800556260835458E-005  4.343127560260790E-011
  1.818652152101299E-005  4.430865865241096E-011
  1.836929910097899E-005  4.520375542068483E-011
  1.855391362616288E-005  4.611694290330392E-011
  1.874038355817104E-005  4.704855644989426E-011
  1.892872754415205E-005  4.799899874237237E-011
  1.911896441866147E-005  4.896863076909644E-011
  1.931111320554528E-005  4.995786601678877E-011
  1.950519311984229E-005  5.096707592113885E-011
  1.970122356970567E-005  5.199666895993653E-011
  1.989922415834376E-005  5.304707538354521E-011
  2.009921468598042E-005  5.411871526576234E-011
  2.030121515183509E-005  5.521199816330958E-011
  2.050524575612267E-005  5.632735550997070E-011
  2.071132690207363E-005  5.746524108557592E-011
  2.091947919797429E-005  5.862611495710141E-011
  2.112972345922771E-005  5.981044354674904E-011
  2.134208071043522E-005  6.101868299988833E-011
  2.155657218749889E-005  6.225134597377021E-011
  2.177321933974518E-005  6.350891862223556E-011
  2.199204383206985E-005  6.479187678239386E-011
  2.221306754710450E-005  6.610077081178322E-011
  2.243631258740481E-005  6.743609037575234E-011
  2.266180127766085E-005  6.879840049134476E-011
  2.288955616692955E-005  7.018820495642508E-011
  2.311960003088964E-005  7.160610114382637E-011
  2.335195587411921E-005  7.305262502475638E-011
  2.358664693239622E-005  7.452842508072363E-011
  2.382369667502208E-005  7.603398269922334E-011
  2.406312880716859E-005  7.756996252454216E-011
  2.430496727224849E-005  7.913698527133206E-011
  2.454923625430982E-005  8.073568022481087E-011
  2.479596018045435E-005  8.236663132891967E-011
  2.504516372328029E-005  8.403050256842382E-011
  2.529687180334960E-005  8.572807622823960E-011
  2.555110959168004E-005  8.745992680339853E-011
  2.580790251226231E-005  8.922678293428872E-011
  2.606727624460247E-005  9.102930967659189E-011
  2.632925672628988E-005  9.286821806101935E-011
  2.659387015559105E-005  9.474426611735946E-011
  2.686114299406941E-005  9.665822244107254E-011
  2.713110196923153E-005  9.861082864791850E-011
  2.740377407719991E-005  1.006029499415299E-010
  2.767918658541256E-005  1.026352357190406E-010
  2.795736703534981E-005  1.047086491980229E-010
  2.823834324528849E-005  1.068238604277472E-010
  2.852214331308372E-005  1.089818951737309E-010
  2.880879561897880E-005  1.111835227974326E-010
  2.909832882844318E-005  1.134295226298038E-010
  2.939077189503909E-005  1.157209976519851E-010
  2.968615406331690E-005  1.180586733756268E-010
  2.998450487173959E-005  1.204436403837888E-010
  3.028585415563662E-005  1.228767665069739E-010
  3.059023205018751E-005  1.253590109288869E-010
  3.089766899343537E-005  1.278914263104851E-010
  3.120819572933071E-005  1.304749993820704E-010
  3.152184331080590E-005  1.331107302674873E-010
  3.183864310288046E-005  1.357997550178148E-010
  3.215862678579760E-005  1.385431028162471E-010
  3.248182635819227E-005  1.413418991059357E-010
  3.280827414029103E-005  1.441972021499594E-010
  3.313800277714414E-005  1.471101676087157E-010
  3.347104524189006E-005  1.500820089471559E-010
  3.380743483905280E-005  1.531138304992139E-010
  3.414720520787241E-005  1.562068779912652E-010
  3.449039032566889E-005  1.593624994120533E-010
  3.483702451124003E-005  1.625818912821748E-010
  3.518714242829325E-005  1.658662661409199E-010
  3.554077908891202E-005  1.692169389234491E-010
  3.589796985705708E-005  1.726353292932922E-010
  3.625875045210293E-005  1.761228333991134E-010
  3.662315695240971E-005  1.796807354926585E-010
  3.699122579893114E-005  1.833105566419780E-010
  3.736299379885858E-005  1.870136626696273E-010
  3.773849812930184E-005  1.907916152866214E-010
  3.811777634100688E-005  1.946458196287655E-010
  3.850086636211095E-005  1.985778789213940E-010
  3.888780650193538E-005  2.025894188246725E-010
  3.927863545481662E-005  2.066819517376673E-010
  3.967339230397565E-005  2.108572379617413E-010
  4.007211652542635E-005  2.151168797030106E-010
  4.047484799192313E-005  2.194625927468742E-010
  4.088162697694826E-005  2.238960240789759E-010
  4.129249415873922E-005  2.284191215073292E-010
  4.170749062435658E-005  2.330333937897549E-010
  4.212665787379273E-005  2.377409316412415E-010
  4.255003782412192E-005  2.425436674376722E-010
  4.297767281369201E-005  2.474434656214735E-010
  4.340960560635832E-005  2.524420253438694E-010
  4.384587939576005E-005  2.575417377169289E-010
  4.428653780963972E-005  2.627445480675867E-010
  4.473162491420592E-005  2.680522344133999E-010
  4.518118521854002E-005  2.734673748720170E-010
  4.563526367904709E-005  2.789917067346862E-010
  4.609390570395158E-005  2.846277738325921E-010
  4.655715715783817E-005  2.903776637645322E-010
  4.702506436623831E-005  2.962436900747010E-010
  4.749767412026275E-005  3.022281981981400E-010
  4.797503368128075E-005  3.083335658051613E-010
  4.845719078564621E-005  3.145623038090303E-010
  4.894419364947136E-005  3.209168569103496E-010
  4.943609097344842E-005  3.273998047844145E-010
  4.993293194771970E-005  3.340137628055019E-010
  5.043476625679667E-005  3.407612797396611E-010
  5.094164408452843E-005  3.476451451857185E-010
  5.145361611912016E-005  3.546679802138512E-010
  5.197073355820196E-005  3.618327538170293E-010
  5.249304811394866E-005  3.691421625153049E-010
  5.302061201825112E-005  3.765993599879648E-010
  5.355347802793938E-005  3.842071214431701E-010
  5.409169943005849E-005  3.919685779609094E-010
  5.463533004719717E-005  3.998867973408453E-010
  5.518442424287016E-005  4.079649967374982E-010
  5.573903692695461E-005  4.162063298859268E-010
  5.629922356118111E-005  4.246145358774354E-010
  5.686504016467991E-005  4.331922085155024E-010
  5.743654331958286E-005  4.419433970216078E-010
  5.801379017668172E-005  4.508712189731123E-010
  5.859683846114323E-005  4.599793858089145E-010
  5.918574647828172E-005  4.692716608897753E-010
  5.978057311938966E-005  4.787515246506934E-010
  6.038137786762685E-005  4.884229533172099E-010
  6.098822080396878E-005  4.982896401663039E-010
  6.160116261321479E-005  5.083560090894674E-010
  6.222026459005659E-005  5.186255212467100E-010
  6.284558864520780E-005  5.291023695614838E-010
  6.347719731159503E-005  5.397903443213535E-010
  6.411515375061126E-005  5.506949064185087E-010
  6.475952175843203E-005  5.618197374868727E-010
  6.541036577239508E-005  5.731692670785108E-010
  6.606775087744418E-005  5.847479855049301E-010
  6.673174281263768E-005  5.965606807429893E-010
  6.740240797772241E-005  6.086122075809990E-010
  6.807981343977377E-005  6.209070110933332E-010
  6.876402693990248E-005  6.334500746994706E-010
  6.945511690002872E-005  6.462464507569201E-010
  7.015315242972443E-005  6.593017457713109E-010
  7.085820333312427E-005  6.726201857208335E-010
  7.157034011590611E-005  6.862080056613288E-010
  7.228963399234170E-005  7.000705485893377E-010
  7.301615689241808E-005  7.142124889359443E-010
  7.374998146903070E-005  7.286407951384071E-010
  7.449118110524875E-005  7.433600436906313E-010
  7.523982992165351E-005  7.583773749609273E-010
  7.599600278375051E-005  7.736972621444822E-010
  7.675977530945610E-005  7.893272707211128E-010
  7.753122387665932E-005  8.052727874797106E-010
  7.831042563085978E-005  8.215408032704179E-010
  7.909745849288223E-005  8.381368656670444E-010
  7.989240116666873E-005  8.550681433907955E-010
  8.069533314714912E-005  8.723419071295020E-010
  8.150633472819056E-005  8.899642251656657E-010
  8.232548701062700E-005  9.079428182625132E-010
  8.315287191036930E-005  9.262841989909502E-010
  8.398857216659692E-005  9.449962903376969E-010
  8.483267135003191E-005  9.640863288321588E-010
  8.568525387129605E-005  9.835624520015122E-010
  8.654640498935192E-005  1.003431836197397E-009
  8.741621082002897E-005  1.023702293271890E-009
  8.829475834463511E-005  1.044382556884440E-009
  8.918213541865493E-005  1.065480392267390E-009
  9.007843078053531E-005  1.087004217115363E-009
  9.098373406055935E-005  1.108963392302719E-009
  9.189813578980947E-005  1.131366303166172E-009
  9.282172740922061E-005  1.154221169076230E-009
  9.375460127872437E-005  1.177537437803961E-009
  9.469685068648510E-005  1.201325533302191E-009
  9.564856985822878E-005  1.225594049857027E-009
  9.660985396666569E-005  1.250353115269089E-009
  9.758079914100775E-005  1.275611285096783E-009
  9.856150247658151E-005  1.301380095142908E-009
  9.955206204453779E-005  1.327669517613650E-009
  1.005525769016588E-004  1.354489659613501E-009
  1.015631471002642E-004  1.381853096252939E-009
  1.025838736982157E-004  1.409767900484468E-009
  1.036148587690240E-004  1.438247536865918E-009
  1.046562054120551E-004  1.467302119375055E-009
  1.057080177628413E-004  1.496943676892047E-009
  1.067704010034941E-004  1.527183808586980E-009
  1.078434613732228E-004  1.558034872103950E-009
  1.089273061789587E-004  1.589508792949035E-009
  1.100220438060855E-004  1.621619478041875E-009
  1.111277837292783E-004  1.654377985084341E-009
  1.122446365234509E-004  1.687798576379481E-009
  1.133727138748133E-004  1.721895717702955E-009
  1.145121285920407E-004  1.756679747806262E-009
  1.156629946175544E-004  1.792166103048770E-009
  1.168254270389161E-004  1.828370441851639E-009
  1.179995421003365E-004  1.865305505566699E-009
  1.191854572143001E-004  1.902988619800622E-009
  1.203832909733068E-004  1.941431652810889E-009
  1.215931631617306E-004  1.980651080180448E-009
  1.228151947677985E-004  2.020662970066550E-009
  1.240495079956894E-004  2.061482969694053E-009
  1.252962262777549E-004  2.103127586533588E-009
  1.265554742868621E-004  2.145612905417273E-009
  1.278273779488612E-004  2.188957190529465E-009
  1.291120644551783E-004  2.233177650720546E-009
  1.304096622755347E-004  2.278290409402426E-009
  1.317203011707938E-004  2.324315120866168E-009
  1.330441122059372E-004  2.371269051175603E-009
  1.343812277631716E-004  2.419172378471336E-009
  1.357317815551671E-004  2.468043545510276E-009
  1.370959086384284E-004  2.517899889386827E-009
  1.384737454268004E-004  2.568765097357906E-009
  1.398654297051103E-004  2.620657733718341E-009
  1.412711006429456E-004  2.673599356397670E-009
  1.426908988085715E-004  2.727609751910902E-009
  1.441249661829877E-004  2.782711053067769E-009
  1.455734461741268E-004  2.838925002461176E-009
  1.470364836311949E-004  2.896274341064774E-009
  1.485142248591569E-004  2.954783533895197E-009
  1.500068176333671E-004  3.014473141347148E-009
  1.515144112143468E-004  3.075369684104952E-009
  1.530371563627103E-004  3.137495771025500E-009
  1.545752053542415E-004  3.200876467924230E-009
  1.561287119951212E-004  3.265539354813330E-009
  1.576978316373081E-004  3.331508046756648E-009
  1.592827211940740E-004  3.398809388954488E-009
  1.608835391556954E-004  3.467470598556966E-009
  1.625004456053024E-004  3.537519268691662E-009
  1.641336022348874E-004  3.608981890465078E-009
  1.657831723614744E-004  3.681886798905892E-009
  1.674493209434506E-004  3.756267207980980E-009
  1.691322145970627E-004  3.832147787166839E-009
  1.708320216130786E-004  3.909562584598206E-009
  1.725489119736162E-004  3.988540061741054E-009
  1.742830573691424E-004  4.069113636881503E-009
  1.760346312156419E-004  4.151317199347439E-009
  1.778038086719590E-004  4.235180487010243E-009
  1.795907666573136E-004  4.320736726895792E-009
  1.813956838689935E-004  4.408022716971156E-009
  1.832187408002238E-004  4.497069513974817E-009
  1.850601197582169E-004  4.587916445544829E-009
  1.869200048824031E-004  4.680598658847706E-009
  1.887985821628447E-004  4.775151776455348E-009
  1.906960394588353E-004  4.871618291400424E-009
  1.926125665176857E-004  4.970031677453570E-009
  1.945483549936988E-004  5.070433903505820E-009
  1.965035984673355E-004  5.172861045471542E-009
  1.984784924645725E-004  5.277361057620419E-009
  2.004732344764552E-004  5.383967856488425E-009
  2.024880239788472E-004  5.492732235986890E-009
  2.045230624523776E-004  5.603694159459139E-009
  2.065785534025897E-004  5.716894116630183E-009
  2.086547023802914E-004  5.832384826309833E-009
  2.107517170021107E-004  5.950206344182959E-009
  2.128698069712572E-004  6.070407676287310E-009
  2.150091840984929E-004  6.193038514432614E-009
  2.171700623233133E-004  6.318145834106073E-009
  2.193526577353418E-004  6.445780669849267E-009
  2.215571885959383E-004  6.575996485972832E-009
  2.237838753600260E-004  6.708838844121286E-009
  2.260329406981369E-004  6.844367804416655E-009
  2.283046095186790E-004  6.982632061214568E-009
  2.305991089904274E-004  7.123691483138315E-009
  2.329166685652415E-004  7.267597963356692E-009
  2.352575200010099E-004  7.414414725569069E-009
  2.376218973848271E-004  7.564195199090548E-009
  2.400100371564016E-004  7.717002474689026E-009
  2.424221781317008E-004  7.872893326022349E-009
  2.448585615268323E-004  8.031936140720740E-009
  2.473194309821660E-004  8.194196646399863E-009
  2.498050325866981E-004  8.359725031511226E-009
  2.523156149026604E-004  8.528606994394111E-009
  2.548514289903768E-004  8.700896293908819E-009
  2.574127284333690E-004  8.876665899659489E-009
  2.599997693637159E-004  9.055986079782562E-009
  2.626128104876664E-004  9.238928068042163E-009
  2.652521131115104E-004  9.425564074242399E-009
  2.679179411677097E-004  9.615978655832148E-009
  2.706105612412915E-004  9.810230953103788E-009
  2.733302425965069E-004  1.000840758632358E-008
  2.760772572037580E-004  1.021059642393143E-008
  2.788518797667946E-004  1.041686341511098E-008
  2.816543877501851E-004  1.062729861753255E-008
  2.844850614070635E-004  1.084198166818438E-008
  2.873441838071543E-004  1.106100895758039E-008
  2.902320408650801E-004  1.128445461843166E-008
  2.931489213689532E-004  1.151241748439980E-008
  2.960951170092547E-004  1.174497790219801E-008
  2.990709224080040E-004  1.198224526217274E-008
  3.020766351482207E-004  1.222429839290923E-008
  3.051125558036835E-004  1.247124943474199E-008
  3.081789879689881E-004  1.272318373571623E-008
  3.112762382899062E-004  1.298020814102451E-008
  3.144046164940510E-004  1.324242279868003E-008
  3.175644354218500E-004  1.350994158538971E-008
  3.207560110578290E-004  1.378285928173899E-008
  3.239796625622114E-004  1.406129271517982E-008
  3.272357123028340E-004  1.434534781212100E-008
  3.305244858873842E-004  1.463514453914302E-008
  3.338463121959611E-004  1.493079609749100E-008
  3.372015234139638E-004  1.523241722676167E-008
  3.405904550653101E-004  1.554013276112859E-008
  3.440134460459893E-004  1.585406069493624E-008
  3.474708386579519E-004  1.617434217599914E-008
  3.509629786433403E-004  1.650108138144804E-008
  3.544902152190631E-004  1.683442732893550E-008
  3.580529011117173E-004  1.717450931195844E-008
  3.616513925928612E-004  1.752144957496085E-008
  3.652860495146414E-004  1.787540290914374E-008
  3.689572353457793E-004  1.823651744783175E-008
  3.726653172079170E-004  1.860491660273685E-008
  3.764106659123311E-004  1.898076125796667E-008
  3.801936559970129E-004  1.936419655067921E-008
  3.840146657641236E-004  1.975537411359398E-008
  3.878740773178239E-004  2.015445220959336E-008
  3.917722766024855E-004  2.056160502715956E-008
  3.957096534412853E-004  2.097697242171042E-008
  3.996866015751884E-004  2.140072377701321E-008
  4.037035187023224E-004  2.183305871907511E-008
  4.077608065177472E-004  2.227411440109231E-008
  4.118588707536257E-004  2.272407658639540E-008
  4.159981212197964E-004  2.318314309036504E-008
  4.201789718447553E-004  2.365145764929322E-008
  4.244018407170490E-004  2.412924198325117E-008
  4.286671501270838E-004  2.461668275856813E-008
  4.329753266093551E-004  2.511397880646755E-008
  4.373268009851013E-004  2.562130268442953E-008
  4.417220084053862E-004  2.613889723138055E-008
  4.461613883946145E-004  2.666695023421746E-008
  4.506453848944847E-004  2.720564211334099E-008
  4.551744463083835E-004  2.775523455269007E-008
  4.597490255462263E-004  2.831594351989538E-008
  4.643695800697493E-004  2.888795800955049E-008
  4.690365719382552E-004  2.947154956121592E-008
  4.737504678548200E-004  3.006690307413069E-008
  4.785117392129637E-004  3.067429677948350E-008
  4.833208621437898E-004  3.129397229793694E-008
  4.881783175635990E-004  3.192614388914534E-008
  4.930845912219812E-004  3.257110047033239E-008
  4.980401737503908E-004  3.322907320051835E-008
  5.030455607112102E-004  3.390033775855378E-008
  5.081012526473069E-004  3.458517369321273E-008
  5.132077551320874E-004  3.528385398263904E-008
  5.183655788200556E-004  3.599662374363445E-008
  5.235752394978785E-004  3.672380536077207E-008
  5.288372581359655E-004  3.746567268276701E-008
  5.341521609405652E-004  3.822253529670599E-008
  5.395204794063872E-004  3.899468563040857E-008
  5.449427503697519E-004  3.978243086685107E-008
  5.504195160622739E-004  4.058608240102679E-008
  5.559513241650865E-004  4.140598861694832E-008
  5.615387278636101E-004  4.224244803189661E-008
  5.671822859028704E-004  4.309579613835243E-008
  5.728825626433746E-004  4.396638412287412E-008
  5.786401281175469E-004  4.485457919352611E-008
  5.844555580867326E-004  4.576070897820790E-008
  5.903294340987749E-004  4.668513915930820E-008
  5.962623435461700E-004  4.762824046716757E-008
  6.022548797248065E-004  4.859038873463709E-008
  6.083076418932963E-004  4.957198777761143E-008
  6.144212353329002E-004  5.057340120302354E-008
  6.205962714080567E-004  5.159504354027597E-008
  6.268333676275193E-004  5.263733510688034E-008
  6.331331477061076E-004  5.370067878480657E-008
  6.394962416270792E-004  5.478550630696553E-008
  6.459232857051288E-004  5.589227890200429E-008
  6.524149226500201E-004  5.702134611742677E-008
  6.589718016308573E-004  5.817329928346191E-008
  6.655945783410026E-004  5.934845223565055E-008
  6.722839150636460E-004  6.054736214291184E-008
  6.790404807380342E-004  6.177049792820842E-008
  6.858649510263652E-004  6.301835912722907E-008
  6.927580083813549E-004  6.429140348898467E-008
  6.997203421144829E-004  6.559019271294069E-008
  7.067526484649246E-004  6.691519814105775E-008
  7.138556306691753E-004  6.826697146578653E-008
  7.210299990313746E-004  6.964604725212906E-008
  7.282764709943374E-004  7.105299234896824E-008
  7.355957712112987E-004  7.248838149338302E-008
  7.429886316183797E-004  7.395274694416571E-008
  7.504557915077816E-004  7.544670406621451E-008
  7.579979976017164E-004  7.697082591340816E-008
  7.656160041270783E-004  7.852574447490465E-008
  7.733105728908685E-004  8.011207483417389E-008
  7.810824733563754E-004  8.173041462001579E-008
  7.889324827201221E-004  8.338152540881435E-008
  7.968613859895868E-004  8.506591872481325E-008
  8.048699760617038E-004  8.678432221705898E-008
  8.129590538021542E-004  8.853752666107612E-008
  8.211294281254529E-004  9.032612220100865E-008
  8.293819160758410E-004  9.215081298845307E-008
  8.377173429089906E-004  9.401239314424466E-008
  8.461365421745311E-004  9.591156043430760E-008
  8.546403557994053E-004  9.784913013642850E-008
  8.632296341720621E-004  9.982582032505241E-008
  8.719052362274964E-004  1.018424405613583E-007
  8.806680295331436E-004  1.038998116563290E-007
  8.895188903756367E-004  1.059987105893741E-007
  8.984587038484355E-004  1.081400634282241E-007
  9.074883639403372E-004  1.103246143664402E-007
  9.166087736248758E-004  1.125533132423153E-007
  9.258208449506200E-004  1.148270108009758E-007
  9.351254991323793E-004  1.171466824236110E-007
  9.445236666433257E-004  1.195131751059032E-007
  9.540162873080421E-004  1.219275184786533E-007
  9.636043103965054E-004  1.243906132138748E-007
  9.732886947190147E-004  1.269034296910100E-007
  9.830704087220726E-004  1.294670676045628E-007
  9.929504305852307E-004  1.320824382300560E-007
  1.002929748318909E-003  1.347507284164029E-007
  1.013009359863196E-003  1.374729654891292E-007
  1.023190273187647E-003  1.402500722176381E-007
  1.033473506392079E-003  1.430832210125204E-007
  1.043860087808380E-003  1.459737204080899E-007
  1.054351056103348E-003  1.489225374334881E-007
  1.064947460382556E-003  1.519309532104296E-007
  1.075650360295261E-003  1.550001457117577E-007
  1.086460826140374E-003  1.581313699466563E-007
  1.097379938973488E-003  1.613257757166936E-007
  1.108408790714985E-003  1.645848360874771E-007
  1.119548484259231E-003  1.679096740272834E-007
  1.130800133584864E-003  1.713017379907528E-007
  1.142164863866191E-003  1.747622468835214E-007
  1.153643811585712E-003  1.782926869556477E-007
  1.165238124647765E-003  1.818944391766184E-007
  1.176948962493318E-003  1.855689667963398E-007
  1.188777496215914E-003  1.893177533207281E-007
  1.200724908678782E-003  1.931422385937770E-007
  1.212792394633126E-003  1.970439463287173E-007
  1.224981160837598E-003  2.010245507124959E-007
  1.237292426178973E-003  2.050854892393880E-007
  1.249727421794048E-003  2.092285453394821E-007
  1.262287391192744E-003  2.134551991670675E-007
  1.274973590382470E-003  2.177673466357583E-007
  1.287787287993715E-003  2.221664460754617E-007
  1.300729765406920E-003  2.266545082018267E-007
  1.313802316880610E-003  2.312331033499791E-007
  1.327006249680827E-003  2.359043614121801E-007
  1.340342884211854E-003  2.406699691131296E-007
  1.353813554148259E-003  2.455319076036003E-007
  1.367419606568260E-003  2.504919119621757E-007
  1.381162402088439E-003  2.555521525115253E-007
  1.395043314999798E-003  2.607146232058395E-007
  1.409063733405198E-003  2.659814146900829E-007
  1.423225059358161E-003  2.713544370247410E-007
  1.437528709003086E-003  2.768362568751573E-007
  1.451976112716855E-003  2.824287030235079E-007
  1.466568715251880E-003  2.881342649994356E-007
  1.481307975880575E-003  2.939548982582316E-007
  1.496195368541286E-003  2.998931558116619E-007
  1.511232381985684E-003  3.059513393931469E-007
  1.526420519927645E-003  3.121319265331989E-007
  1.541761301193620E-003  3.184375018407741E-007
  1.557256259874520E-003  3.248703209502615E-007
  1.572906945479126E-003  3.314333294660936E-007
  1.588714923089039E-003  3.381286305457861E-007
  1.604681773515195E-003  3.449593909601734E-007
  1.620809093455942E-003  3.519282279977231E-007
  1.637098495656713E-003  3.590374946054674E-007
  1.653551609071303E-003  3.662904765075761E-007
  1.670170079024764E-003  3.736900535724364E-007
  1.686955567377941E-003  3.812391451038794E-007
  1.703909752693657E-003  3.889407102656279E-007
  1.721034330404571E-003  3.967979020819480E-007
  1.738331012982726E-003  4.048137630347785E-007
  1.755801530110794E-003  4.129915319018340E-007
  1.773447628855045E-003  4.213344921915240E-007
  1.791271073840059E-003  4.298461293011702E-007
  1.809273647425189E-003  4.385296625518010E-007
  1.827457149882794E-003  4.473883543258822E-007
  1.845823399578274E-003  4.564263057374779E-007
  1.864374233151902E-003  4.656465589481401E-007
  1.883111505702496E-003  4.750531581223868E-007
  1.902037090972925E-003  4.846500438526588E-007
  1.921152881537488E-003  4.944405629838585E-007
  1.940460788991171E-003  5.044289205673456E-007
  1.959962744140808E-003  5.146192174240967E-007
  1.979660697198168E-003  5.250151172759121E-007
  1.999556617974969E-003  5.356208281787648E-007
  2.019652496079871E-003  5.464412818319341E-007
  2.039950341117431E-003  5.574801445243510E-007
  2.060452182889067E-003  5.687419688669514E-007
  2.081160071596040E-003  5.802315398152185E-007
  2.102076078044479E-003  5.919530309730132E-007
  2.123202293852459E-003  6.039111823364698E-007
  2.144540831659165E-003  6.161107994055751E-007
  2.166093825336160E-003  6.285570984698588E-007
  2.187863430200773E-003  6.412548501980431E-007
  2.209851823231631E-003  6.542088894878127E-007
  2.232061203286362E-003  6.674248157208684E-007
  2.254493791321479E-003  6.809076048344773E-007
  2.277151830614479E-003  6.946628291253231E-007
  2.300037586988174E-003  7.086957835584157E-007
  2.323153349037271E-003  7.230125482660129E-007
  2.346501428357240E-003  7.376182139993088E-007
  2.370084159775469E-003  7.525191989564183E-007
  2.393903901584753E-003  7.677211076228675E-007
  2.417963035779121E-003  7.832299832959042E-007
  2.442263968292043E-003  7.990521350598341E-007
  2.466809129237021E-003  8.151943271226230E-007
  2.491600973150604E-003  8.316623107303209E-007
  2.516641979237843E-003  8.484628402074582E-007
  2.541934651620214E-003  8.656027638169996E-007
  2.567481519586034E-003  8.830890247795202E-007
  2.593285137843387E-003  9.009286623018532E-007
  2.619348086775602E-003  9.191288126152841E-007
  2.645672972699293E-003  9.376963292065456E-007
  2.672262428124988E-003  9.566389225081425E-007
  2.699119112020388E-003  9.759640261218885E-007
  2.726245710076264E-003  9.956799480680254E-007
  2.753644934975027E-003  1.015793948700175E-006
  2.781319526661998E-003  1.036314555529116E-006
  2.809272252619410E-003  1.057248846690064E-006
  2.837505908143152E-003  1.078607145494182E-006
  2.866023316622305E-003  1.100396362344028E-006
  2.894827329821480E-003  1.122625882238090E-006
  2.923920828166001E-003  1.145304022449988E-006
  2.953306721029949E-003  1.168440820328274E-006
  2.982987947027096E-003  1.192045244248795E-006
  3.012967474304777E-003  1.216125571191969E-006
  3.043248300840704E-003  1.240693043533401E-006
  3.073833454742763E-003  1.265756605610751E-006
  3.104725994551833E-003  1.291326969172284E-006
  3.135929009547639E-003  1.317412924550700E-006
  3.167445620057682E-003  1.344026707206977E-006
  3.199278977769278E-003  1.371177800899719E-006
  3.231432266044725E-003  1.398877495763327E-006
  3.263908700239646E-003  1.427136816897678E-006
  3.296711528024524E-003  1.455966940583314E-006
  3.329844029709473E-003  1.485379195909804E-006
  3.363309518572272E-003  1.515385925158715E-006
  3.397111341189696E-003  1.545999212418464E-006
  3.431252877772174E-003  1.577230440973923E-006
  3.465737542501817E-003  1.609092888519977E-006
  3.500568783873834E-003  1.641598706148813E-006
  3.535750085041388E-003  1.674760208182635E-006
  3.571284964163915E-003  1.708592528589129E-006
  3.607176974758939E-003  1.743108797967924E-006
  3.643429706057430E-003  1.778321430944856E-006
  3.680046783362728E-003  1.814245698736056E-006
  3.717031868413078E-003  1.850895735925864E-006
  3.754388659747807E-003  1.888286323502834E-006
  3.792120893077178E-003  1.926431990458513E-006
  3.830232341655968E-003  1.965348837387574E-006
  3.868726816660794E-003  2.005051349530336E-006
  3.907608167571236E-003  2.045556518379155E-006
  3.946880282554787E-003  2.086878785270943E-006
  3.986547088855670E-003  2.129037920934710E-006
  4.026612553187573E-003  2.172046471578335E-006
  4.067080682130316E-003  2.215923738571738E-006
  4.107955522530517E-003  2.260689302148663E-006
  4.149241161906279E-003  2.306358255433785E-006
  4.190941728855944E-003  2.352948756766626E-006
  4.233061393470959E-003  2.400483067115832E-006
  4.275604367752883E-003  2.448976030629064E-006
  4.318574906034598E-003  2.498446561131441E-006
  4.361977305405740E-003  2.548919697355460E-006
  4.405815906142417E-003  2.600412009874520E-006
  4.450095092141232E-003  2.652943237090781E-006
  4.494819291357688E-003  2.706537354317000E-006
  4.539992976248974E-003  2.761211701294083E-006
  4.585620664221224E-003  2.816991851727673E-006
  4.631706918081261E-003  2.873897708114216E-006
  4.678256346492874E-003  2.931954495086673E-006
  4.725273604437696E-003  2.991182710347551E-006
  4.772763393680704E-003  3.051608230814839E-006
  4.820730463240395E-003  3.113256274980374E-006
  4.869179609863700E-003  3.176147248202354E-006
  4.918115678505653E-003  3.240310116665728E-006
  4.967543562813901E-003  3.305769050907228E-006
  5.017468205618064E-003  3.372549592927698E-006
  5.067894599424026E-003  3.440678685904803E-006
  5.118827786913189E-003  3.510185763740612E-006
  5.170272861446748E-003  3.581096419873408E-006
  5.222234967575027E-003  3.653438725460634E-006
  5.274719301551940E-003  3.727243286577621E-006
  5.327731111854623E-003  3.802537898207354E-006
  5.381275699708282E-003  3.879352898823592E-006
  5.435358419616323E-003  3.957721228778359E-006
  5.489984679895806E-003  4.037671906680558E-006
  5.545159943218281E-003  4.119237643023352E-006
  5.600889727156061E-003  4.202450494465461E-006
  5.657179604733979E-003  4.287346295884154E-006
  5.714035204986703E-003  4.373955794345167E-006
  5.771462213521638E-003  4.462314638679616E-006
  5.829466373087492E-003  4.552458974251718E-006
  5.888053484148560E-003  4.644423175902076E-006
  5.947229405464770E-003  4.738247789870219E-006
  6.007000054677568E-003  4.833965910094941E-006
  6.067371408901684E-003  4.931619130814705E-006
  6.128349505322849E-003  5.031243843233589E-006
  6.189940441801521E-003  5.132881581660255E-006
  6.252150377482675E-003  5.236570949624523E-006
  6.314985533411720E-003  5.342356951745753E-006
  6.378452193156611E-003  5.450280503351139E-006
  6.442556703436212E-003  5.560385450089969E-006
  6.507305474754973E-003  5.672709077589648E-006
  6.572704982043981E-003  5.787305947736981E-006
  6.638761765308467E-003  5.904214543167558E-006
  6.705482430281803E-003  6.023485953791315E-006
  6.772873649086087E-003  6.145171999526374E-006
  6.840942160899361E-003  6.269310541713127E-006
  6.909694772629528E-003  6.395957125154427E-006
  6.979138359595057E-003  6.525163148005117E-006
  7.049279866212513E-003  6.656978233068029E-006
  7.120126306691010E-003  6.791457669923460E-006
  7.191684765733635E-003  6.928655012999206E-006
  7.263962399245923E-003  7.068619503057804E-006
  7.336966435051459E-003  7.211413705374894E-006
  7.410704173614658E-003  7.357098537940763E-006
  7.485182988770826E-003  7.505717844462172E-006
  7.560410328463545E-003  7.657344304647587E-006
  7.636393715489472E-003  7.812033566403333E-006
  7.713140748250632E-003  7.969842010270780E-006
  7.790659101514255E-003  8.130839826833709E-006
  7.868956527180266E-003  8.295092962793397E-006
  7.948040855056482E-003  8.462665640642232E-006
  8.027919993641592E-003  8.633622955866335E-006
  8.108601930916023E-003  8.808033553047987E-006
  8.190094735140737E-003  8.985969702147689E-006
  8.272406555664065E-003  9.167493908161230E-006
  8.355545623736655E-003  9.352688429555991E-006
  8.439520253334597E-003  9.541623114188850E-006
  8.524338841990829E-003  9.734374211339167E-006
  8.610009871634900E-003  9.931021770716874E-006
  8.696541909441165E-003  1.013164143751571E-005
  8.783943608685518E-003  1.033630987729953E-005
  8.872223709610716E-003  1.054511873433172E-005
  8.961391040300420E-003  1.075814135050222E-005
  9.051454517562004E-003  1.097546609835133E-005
  9.142423147818249E-003  1.119718258572833E-005
  9.234306028007988E-003  1.142337597755205E-005
  9.327112346495808E-003  1.165414402734135E-005
  9.420851383990897E-003  1.188957150624682E-005
  9.515532514475121E-003  1.212975296886990E-005
  9.611165206140429E-003  1.237478717558995E-005
  9.707759022335682E-003  1.262476550786760E-005
  9.805323622522994E-003  1.287980402135068E-005
  9.903868763243690E-003  1.313998215537981E-005
  1.000340429909396E-002  1.340543065098710E-005
  1.010394018371034E-002  1.367623458706024E-005
  1.020548647076507E-002  1.395250999421777E-005
  1.030805331497147E-002  1.423436853409932E-005
  1.041165097309945E-002  1.452191132303322E-005
  1.051628980500114E-002  1.481526508930747E-005
  1.062198027464693E-002  1.511455227402336E-005
  1.072873295117187E-002  1.541987249321749E-005
  1.083655850993256E-002  1.573138209584617E-005
  1.094546773357475E-002  1.604916543810180E-005
  1.105547151311154E-002  1.637337628327191E-005
  1.116658084901257E-002  1.670413312561245E-005
  1.127880685230402E-002  1.704156859694600E-005
  1.139216074567974E-002  1.738582979835553E-005
  1.150665386462352E-002  1.773704051581004E-005
  1.162229765854267E-002  1.809533891832750E-005
  1.173910369191296E-002  1.846087789493401E-005
  1.185708364543506E-002  1.883381249756187E-005
  1.197624931720263E-002  1.921427403734745E-005
  1.209661262388217E-002  1.960241505904010E-005
  1.221818560190464E-002  1.999840984839693E-005
  1.234098040866916E-002  2.040238914907507E-005
  1.246500932375873E-002  2.081453822785581E-005
  1.259028475016822E-002  2.123500517398097E-005
  1.271681921554466E-002  2.166397340138694E-005
  1.284462537344004E-002  2.210160880411425E-005
  1.297371600457665E-002  2.254807951948292E-005
  1.310410401812519E-002  2.300357629264140E-005
  1.323580245299567E-002  2.346827212552096E-005
  1.336882447914131E-002  2.394234233902223E-005
  1.350318339887560E-002  2.442599212832344E-005
  1.363889264820246E-002  2.491942269199438E-005
  1.377596579815993E-002  2.542281718702958E-005
  1.391441655617722E-002  2.593638215682022E-005
  1.405425876744551E-002  2.646031999534299E-005
  1.419550641630247E-002  2.699483585923093E-005
  1.433817362763069E-002  2.754014478972449E-005
  1.448227466827019E-002  2.809647904819755E-005
  1.462782394844512E-002  2.866405268774157E-005
  1.477483602320478E-002  2.924308984825547E-005
  1.492332559387917E-002  2.983381773217698E-005
  1.507330750954910E-002  3.043647390921462E-005
  1.522479676853111E-002  3.105130653182782E-005
  1.537780851987735E-002  3.167856720886492E-005
  1.553235806489046E-002  3.231849627967885E-005
  1.568846085865373E-002  3.297134473811454E-005
  1.584613251157663E-002  3.363739682063974E-005
  1.600538879095584E-002  3.431689585784047E-005
  1.616624562255202E-002  3.501011850041166E-005
  1.632871909218236E-002  3.571734523347969E-005
  1.649282544732924E-002  3.643884520510645E-005
  1.665858109876491E-002  3.717493704404643E-005
  1.682600262219266E-002  3.792589785228616E-005
  1.699510675990435E-002  3.869202387183334E-005
  1.716591042245466E-002  3.947361539065748E-005
  1.733843069035219E-002  4.027100798246683E-005
  1.751268481576749E-002  4.108447927447761E-005
  1.768869022425833E-002  4.191440497707086E-005
  1.786646451651221E-002  4.276108711713282E-005
  1.804602547010652E-002  4.362489533404260E-005
  1.822739104128624E-002  4.450614057250961E-005
  1.841057936675963E-002  4.540518604952179E-005
  1.859560876551190E-002  4.632238389034577E-005
  1.878249774063711E-002  4.725810724808211E-005
  1.897126498118852E-002  4.821273444588579E-005
  1.916192936404749E-002  4.918663263507132E-005
  1.935450995581120E-002  5.018022336093380E-005
  1.954902601469929E-002  5.119386791599922E-005
  1.974549699247977E-002  5.222799891102781E-005
  1.994394253641412E-002  5.328303834785178E-005
  2.014438249122213E-002  5.435934682809117E-005
  2.034683690106630E-002  5.545742469825030E-005
  2.055132601155633E-002  5.657766075522891E-005
  2.075787027177368E-002  5.772053415356572E-005
  2.096649033631649E-002  5.888647937543819E-005
  2.117720706736506E-002  6.007598844697206E-005
  2.139004153676810E-002  6.128950834628087E-005
  2.160501502814991E-002  6.252756165951517E-005
  2.182214903903878E-002  6.379059089737781E-005
  2.204146528301673E-002  6.507918501275490E-005
  2.226298569189094E-002  6.639376483677944E-005
  2.248673241788688E-002  6.773489848999542E-005
  2.271272783586362E-002  6.910312646998845E-005
  2.294099454555128E-002  7.049899672947463E-005
  2.317155537381105E-002  7.192306475684235E-005
  2.340443337691791E-002  7.337591177989873E-005
  2.363965184286621E-002  7.485809066221482E-005
  2.387723429369857E-002  7.637019829590104E-005
  2.411720448785807E-002  7.791283980545298E-005
  2.435958642256409E-002  7.948664712524371E-005
  2.460440433621209E-002  8.109224239019547E-005
  2.485168271079745E-002  8.273025623969190E-005
  2.510144627436369E-002  8.440138421295574E-005
  2.535372000347531E-002  8.610623735607349E-005
  2.560852912571544E-002  8.784551057499705E-005
  2.586589912220866E-002  8.961994651732064E-005
  2.612585573016910E-002  9.143018345477014E-005
  2.638842494547416E-002  9.327702192215022E-005
  2.665363302526420E-002  9.516108055097425E-005
  2.692150649056821E-002  9.708329669772069E-005
  2.719207212895593E-002  9.904430923201265E-005
  2.746535699721668E-002  1.010448827617196E-004
  2.774138842406503E-002  1.030859106661714E-004
  2.802019401287368E-002  1.051681802249593E-004
  2.830180164443387E-002  1.072924893494058E-004
  2.858623947974340E-002  1.094596466961635E-004
  2.887353596282286E-002  1.116705925547004E-004
  2.916371982355996E-002  1.139261996928560E-004
  2.945682008058260E-002  1.162274341247486E-004
  2.975286604416073E-002  1.185750712149284E-004
  3.005188731913742E-002  1.209701014158102E-004
  3.035391380788934E-002  1.234135704072621E-004
  3.065897571331706E-002  1.259063313815931E-004
  3.096710354186534E-002  1.284494569250016E-004
  3.127832810657381E-002  1.310439091511520E-004
  3.159268053015830E-002  1.336908314917957E-004
  3.191019224812314E-002  1.363911721603085E-004
  3.223089501190469E-002  1.391460192991561E-004
  3.255482089204662E-002  1.419565188129286E-004
  3.288200228140684E-002  1.448237896793961E-004
  3.321247189839698E-002  1.477488798706661E-004
  3.354626279025410E-002  1.507331982847047E-004
  3.388340833634556E-002  1.537776949903609E-004
  3.422394225150692E-002  1.568836821919967E-004
  3.456789858941348E-002  1.600524026442076E-004
  3.491531174598565E-002  1.632850276483716E-004
  3.526621646282862E-002  1.665830109502528E-004
  3.562064783070648E-002  1.699476484486109E-004
  3.597864129305139E-002  1.733801188835526E-004
  3.634023264950790E-002  1.768820677785538E-004
  3.670545805951299E-002  1.804546203298549E-004
  3.707435404591201E-002  1.840993260024867E-004
  3.744695749861103E-002  1.878176187998999E-004
  3.782330567826581E-002  1.916109983645783E-004
  3.820343622000794E-002  1.954809850357017E-004
  3.858738713720837E-002  1.994291200728118E-004
  3.897519682527879E-002  2.034570126542249E-004
  3.936690406551117E-002  2.075662472628626E-004
  3.976254802895596E-002  2.117583355070747E-004
  4.016216828033922E-002  2.160350938211231E-004
  4.056580478201910E-002  2.203982690751256E-004
  4.097349789798213E-002  2.248496323806897E-004
  4.138528839787965E-002  2.293907865651669E-004
  4.180121746110482E-002  2.340236459920406E-004
  4.222132668091057E-002  2.387499572490710E-004
  4.264565806856896E-002  2.435717838173319E-004
  4.307425405757237E-002  2.484910219688232E-004
  4.350715750787687E-002  2.535094949955742E-004
  4.394441171018824E-002  2.586292489998490E-004
  4.438606039029110E-002  2.638524583006986E-004
  4.483214771342150E-002  2.691811272590905E-004
  4.528271828868348E-002  2.746172872466035E-004
  4.573781717351005E-002  2.801631996066452E-004
  4.619748987816896E-002  2.858211573360732E-004
  4.666178237031371E-002  2.915932807199088E-004
  4.713074107958044E-002  2.974820268883648E-004
  4.760441290223089E-002  3.034895775492296E-004
  4.808284520584203E-002  3.096184550053646E-004
  4.856608583404293E-002  3.158711125818276E-004
  4.905418311129910E-002  3.222498274492910E-004
  4.954718584774503E-002  3.287573285600297E-004
  5.004514334406519E-002  3.353962775322786E-004
  5.054810539642417E-002  3.421691598849137E-004
  5.105612230144637E-002  3.490789224948033E-004
  5.156924486124562E-002  3.561280162563220E-004
  5.208752438850550E-002  3.633194644803085E-004
  5.261101271161066E-002  3.706561159872811E-004
  5.313976217982963E-002  3.781408585873236E-004
  5.367382566854987E-002  3.857766194996263E-004
  5.421325658456530E-002  3.935664761026454E-004
  5.475810887141705E-002  4.015136591265097E-004
  5.530843701478785E-002  4.096211101487937E-004
  5.586429604795065E-002  4.178924816540511E-004
  5.642574155727198E-002  4.263305785098815E-004
  5.699282968777064E-002  4.349389196591645E-004
  5.756561714873226E-002  4.437211870605988E-004
  5.814416121938026E-002  4.526806577925996E-004
  5.872851975460383E-002  4.618207673162227E-004
  5.931875119074346E-002  4.711454590290151E-004
  5.991491455143462E-002  4.806583844457076E-004
  6.051706945351018E-002  4.903632447867394E-004
  6.112527611296215E-002  5.002637915116046E-004
  6.173959535096332E-002  5.103642978018172E-004
  6.236008859994942E-002  5.206685059702843E-004
  6.298681790976243E-002  5.311808024944642E-004
  6.361984595385561E-002  5.419053968339729E-004
  6.425923603556088E-002  5.528461960035804E-004
  6.490505209441925E-002  5.640073997500721E-004
  6.555735871257479E-002  5.753942350737054E-004
  6.621622112123289E-002  5.870110302803409E-004
  6.688170520718349E-002  5.988616815535922E-004
  6.755387751938975E-002  6.109516117729889E-004
  6.823280527564303E-002  6.232853326007448E-004
  6.891855636928473E-002  6.358679132580303E-004
  6.961119937599569E-002  6.487044935647955E-004
  7.031080356065378E-002  6.617997821333828E-004
  7.101743888426046E-002  6.751590547304426E-004
  7.173117601093697E-002  6.887881675903888E-004
  7.245208631499074E-002  7.026920404202947E-004
  7.318024188805296E-002  7.168764262892115E-004
  7.391571554628772E-002  7.313469009869115E-004
  7.465858083767374E-002  7.461093753189874E-004
  7.540891204935922E-002  7.611693217022845E-004
  7.616678421509060E-002  7.765330697185606E-004
  7.693227312271603E-002  7.922070379887922E-004
  7.770545532176416E-002  8.081969426342380E-004
  7.848640813109924E-002  8.245088403720287E-004
  7.927520964665298E-002  8.411502032603064E-004
  8.007193874923428E-002  8.581267350483405E-004
  8.087667511241735E-002  8.754458289262128E-004
  8.168949921050911E-002  8.931141710804675E-004
  8.251049232659673E-002  9.111388103508023E-004
  8.333973656067598E-002  9.295263452801648E-004
  8.417731483786131E-002  9.482851110552880E-004
  8.502331091667843E-002  9.674216294876425E-004
  8.587780939744021E-002  9.869438944478549E-004
  8.674089573070681E-002  1.006859732893996E-003
  8.761265622583081E-002  1.027177921121476E-003
  8.849317805958817E-002  1.047904542167191E-003
  8.938254928489606E-002  1.069049149684252E-003
  9.028085883961814E-002  1.090620297925790E-003
  9.118819655545848E-002  1.112626373266837E-003
  9.210465316694479E-002  1.135075013098670E-003
  9.303032032050192E-002  1.157976554002502E-003
  9.396529058361662E-002  1.181339740506288E-003
  9.490965745409435E-002  1.205173434797141E-003
  9.586351536940915E-002  1.229487204809362E-003
  9.682695971614742E-002  1.254291340198353E-003
  9.780008683954670E-002  1.279594497623336E-003
  9.878299405313028E-002  1.305407827682556E-003
  9.977577964843860E-002  1.331741443659245E-003
  0.100778542904859       1.358605295809720E-003
  0.101791384099551       1.386009770008089E-003
  0.102814404517481       1.413966608345837E-003
  0.103847706461540       1.442486497972091E-003
  0.104891393262787       1.471580883835779E-003
  0.105945569290769       1.501260134843901E-003
  0.107010339963968       1.531537854734762E-003
  0.108085811760340       1.562424729974350E-003
  0.109172092227959       1.593932837583842E-003
  0.110269289995778       1.626076936737095E-003
  0.111377514784488       1.658866943165527E-003
  0.112496877417492       1.692316704674123E-003
  0.113627489831985       1.726440903427796E-003
  0.114769465090151       1.761251221513397E-003
  0.115922917390468       1.796762070640745E-003
  0.117087962079126       1.832987415612903E-003
  0.118264715661566       1.869941412068176E-003
  0.119453295814126       1.907639063601145E-003
  0.120653821395813       1.946094923546115E-003
  0.121866412460184       1.985323742384340E-003
  0.123091190267357       2.025343129730852E-003
  0.124328277296133       2.066165603499479E-003
  0.125577797256246       2.107810548465074E-003
  0.126839875100733       2.150292910776694E-003
  0.128114637038430       2.193629188356857E-003
  0.129402210546594       2.237836785148195E-003
  0.130702724383648       2.282933345384773E-003
  0.132016308602060       2.328936067534452E-003
  0.133343094561345       2.375864458089297E-003
  0.134683214941207       2.423735517042575E-003
  0.136036803754799       2.472567865551433E-003
  0.137403996362131       2.522381080757065E-003
  0.138784929483603       2.573196422200543E-003
  0.140179741213677       2.625031902741483E-003
  0.141588571034690       2.677907908414012E-003
  0.143011559830797       2.731845820972145E-003
  0.144448849902064       2.786866598150426E-003
  0.145900584978696       2.842993654672746E-003
  0.147366910235410       2.900247826598857E-003
  0.148847972305953       2.958648764493768E-003
  0.150343919297768       3.018222983659643E-003
  0.151854900806799       3.078993692261607E-003
  0.153381067932457       3.140982929924228E-003
  0.154922573292726       3.204215263972398E-003
  0.156479571039428       3.268717848572760E-003
  0.158052216873633       3.334511442641069E-003
  0.159640668061236       3.401627661690058E-003
  0.161245083448679       3.470089457995015E-003
  0.162865623478839       3.539921605511926E-003
  0.164502450207069       3.611153816157761E-003
  0.166155727317405       3.683814678165876E-003
  0.167825620138936       3.757930069065781E-003
  0.169512295662337       3.833532446299270E-003
  0.171215922556564       3.910648459053078E-003
  0.172936671185727       3.989311407206563E-003
  0.174674713626124       4.069547144414134E-003
  0.176430223683446       4.151388214823602E-003
  0.178203376910161       4.234872415772184E-003
  0.179994350623071       4.320022016057110E-003
  0.181803323921040       4.406880533673595E-003
  0.183630477702903       4.495474279235701E-003
  0.185475994685563       4.585841301214923E-003
  0.187340059422255       4.678013627534607E-003
  0.189222858321007       4.772028649623393E-003
  0.191124579663277       4.867925936348681E-003
  0.193045413622784       4.965737288124934E-003
  0.194985552284525       5.065504946782795E-003
  0.196945189663983       5.167265028850280E-003
  0.198924521726530       5.271059198327117E-003
  0.200923746407019       5.376926303027138E-003
  0.202943063629587       5.484904003413791E-003
  0.204982675327637       5.595039032744213E-003
  0.207042785464040       5.707370168923838E-003
  0.209123600051525       5.821940160102993E-003
  0.211225327173285       5.938801043347428E-003
  0.213348177003785       6.057988105568581E-003
  0.215492361829776       6.179551127388262E-003
  0.217658096071527       6.303537055049545E-003
  0.219845596304268       6.429995251549902E-003
  0.222055081279844       6.558970402949953E-003
  0.224286771948595       6.690513162815304E-003
  0.226540891481447       6.824674880609295E-003
  0.228817665292232       6.961507609197780E-003
  0.231117321060228       7.101060467702674E-003
  0.233440088752929       7.243390546770081E-003
  0.235786200649039       7.388552054925302E-003
  0.238155891361703       7.536596235010600E-003
  0.240549397861967       7.687580575189074E-003
  0.242966959502475       7.841567087239223E-003
  0.245408818041408       7.998609263663040E-003
  0.247875217666652       8.158766950027620E-003
  0.250366405020226       8.322098907148320E-003
  0.252882629222942       8.488676115930351E-003
  0.255424141899316       8.658557166992728E-003
  0.257991197202735       8.831799488205250E-003
  0.260584051840867       9.008476719862893E-003
  0.263202965101337       9.188651883767392E-003
  0.265848198877654       9.372396647285760E-003
  0.268520017695399       9.559771885069106E-003
  0.271218688738682       9.750855032379973E-003
  0.273944481876854       9.945720648456403E-003
  0.276697669691503       1.014442836511759E-002
  0.279478527503702       1.034707059341200E-002
  0.282287333401552       1.055370485768890E-002
  0.285124368267981       1.076441767396291E-002
  0.287989915808842       1.097928864973030E-002
  0.290884262581277       1.119839847133691E-002
  0.293807698022374       1.142182480612123E-002
  0.296760514478113       1.164965047110196E-002
  0.299743007232602       1.188195939651107E-002
  0.302755474537600       1.211883663766516E-002
  0.305798217642350       1.236037257937280E-002
  0.308871540823696       1.260665883965692E-002
  0.311975751416519       1.285777981388715E-002
  0.315111159844464       1.311382524326062E-002
  0.318278079650987       1.337489888707520E-002
  0.321476827530707       1.364109306551094E-002
  0.324707723361079       1.391250131263082E-002
  0.327971090234378       1.418922707269280E-002
  0.331267254490010       1.447136211307577E-002
  0.334596545747148       1.475901690917112E-002
  0.337959296937692       1.505229465181818E-002
  0.341355844339564       1.535129990189846E-002
  0.344786527610334       1.565613860485144E-002
  0.348251689821188       1.596692257930938E-002
  0.351751677491235       1.628376964400998E-002
  0.355286840622158       1.660678115177845E-002
  0.358857532733217       1.693607334503246E-002
  0.362464110896598       1.727177771019332E-002
  0.366106935773123       1.761400463938349E-002
  0.369786371648316       1.796287053708949E-002
  0.373502786468830       1.831850258354788E-002
  0.377256551879244       1.868102966962925E-002
  0.381048043259227       1.905057305526425E-002
  0.384877639761078       1.942726967014519E-002
  0.388745724347637       1.981125357581011E-002
  0.392652683830586       2.020265111646350E-002
  0.396598908909131       2.060159979759633E-002
  0.400584794209066       2.100823894524823E-002
  0.404610738322244       2.142270008039530E-002
  0.408677143846431       2.184515031616734E-002
  0.412784417425568       2.227571041994001E-002
  0.416932969790436       2.271453194356267E-002
  0.421123215799729       2.316177829394046E-002
  0.425355574481538       2.361759533390717E-002
  0.429630469075260       2.408213078779839E-002
  0.433948327073916       2.455554424917782E-002
  0.438309580266904       2.503800745064907E-002
  0.442714664783177       2.552966418236595E-002
  0.447164021134860       2.603068025526712E-002
  0.451658094261293       2.654124402682574E-002
  0.456197333573536       2.706150548689742E-002
  0.460782192999302       2.759163701482446E-002
  0.465413131028355       2.813180288078343E-002
  0.470090610758355       2.868222138628431E-002
  0.474815099941175       2.924301991354243E-002
  0.479587071029670       2.981441111222886E-002
  0.484407001224925       3.039656837766299E-002
  0.489275372523976       3.098968846144040E-002
  0.494192671768011       3.159394938794505E-002
  0.499159390691051       3.220953137274530E-002
  0.504176025969127       3.283665991030524E-002
  0.509243079269949       3.347552031311317E-002
  0.514361057303068       3.412632190782213E-002
  0.519530471870553       3.478924395785647E-002
  0.524751839918169       3.546450077341329E-002
  0.530025683587071       3.615232048007769E-002
  0.535352530266021       3.685290094754363E-002
  0.540732912644127       3.756643128727496E-002
  0.546167368764109       3.829315883157927E-002
  0.551656442076109       3.903330046392842E-002
  0.557200681492031       3.978705312626898E-002
  0.562800641440438       4.055467290494214E-002
  0.568456881921992       4.133635072491341E-002
  0.574169968565453       4.213233705090366E-002
  0.579940472684247       4.294285097073135E-002
  0.585768971333595       4.376812578098054E-002
  0.591656047368219       4.460842096680850E-002
  0.597602289500628       4.546396420797019E-002
  0.603608292359990       4.633497409322036E-002
  0.609674656551598       4.722173088768404E-002
  0.615801988716924       4.812443525631246E-002
  0.621990901594292       4.904337363182067E-002
  0.628242014080147       4.997878813022980E-002
  0.634555951290946       5.093085122864233E-002
  0.640933344625674       5.189994317480560E-002
  0.647374831828976       5.288627897246306E-002
  0.653881057054943       5.389012486129956E-002
  0.660452670931517       5.491165169561577E-002
  0.667090330625564       5.595122972807213E-002
  0.673794699908584       5.700906019298416E-002
  0.680566449223092       5.808544618861790E-002
  0.687406255749663       5.918059405637419E-002
  0.694314803474649       6.029486358846460E-002
  0.701292783258581       6.142849249105951E-002
  0.708340892905250       6.258169534590501E-002
  0.715459837231497       6.375479124576597E-002
  0.722650328137685       6.494802592537242E-002
  0.729913084678898       6.616169940685734E-002
  0.737248833136841       6.739606316642527E-002
  0.744658307092474       6.865139737103229E-002
  0.752142247499367       6.992801155644306E-002
  0.759701402757797       7.122611315549864E-002
  0.767336528789590       7.254604396421442E-002
  0.775048389113711       7.388801650408711E-002
  0.782837754922619       7.525235220241661E-002
  0.790705405159386       7.663929533049822E-002
  0.798652126595593       7.804917361951774E-002
  0.806678713910004       7.948220965648323E-002
  0.814785969768042       8.093868243188369E-002
  0.822974704902046       8.241881867942648E-002
  0.831245738192356       8.392295741264370E-002
  0.839599896749192       8.545130262273226E-002
  0.848038015995371       8.700411531994010E-002
  0.856560939749851       8.858177107002689E-002
  0.865169520312109       9.018442434040973E-002
  0.873864618547375       9.181231472425476E-002
  0.882647103972719       9.346579755239369E-002
  0.891517854844001       9.514503179311350E-002
  0.900477758243703       9.685029161478487E-002
  0.909527710169629       9.858179573344857E-002
  0.918668615624514       0.100339793180089     
  0.927901388706522       0.102124505609547     
  0.937226952700654       0.103936155938063     
  0.946646240171081       0.105774997852837     
  0.956160193054400       0.107641227595662     
  0.965769762753827       0.109535071893942     
  0.975475910234340       0.111456608996234     
  0.985279606118776       0.113406156242183     
  0.995181830784893       0.115383852531326     
   1.00518357446341       0.117389927436410     
   1.01528583733703       0.119424489575761     
   1.02548962964045       0.121487646392080     
   1.03579597176142       0.123579658443019     
   1.04620589434273       0.125700446950361     
   1.05672043838532       0.127850426949213     
   1.06734065535235       0.130029517156242     
   1.07806760727436       0.132237946117860     
   1.08890236685550       0.134475690419690     
   1.09984601758074       0.136742786378911     
   1.11089965382429       0.139039459429024     
   1.12206438095896       0.141365614911896     
   1.13334131546680       0.143721346574328     
   1.14473158505063       0.146106616885273     
   1.15623632874691       0.148521449403640     
   1.16785669703960       0.150965995893132     
   1.17959385197521       0.153439880834518     
   1.19144896727902       0.155943247445829     
   1.20342322847244       0.158476105462422     
   1.21551783299155       0.161038260917225     
   1.22773399030690       0.163629647078919     
   1.24007292204440       0.166249990018828     
   1.25253586210750       0.168899278614600     
   1.26512405680059       0.171577293702749     
   1.27783876495364       0.174283877139482     
   1.29068125804805       0.177018795604818     
   1.30365282034384       0.179781738786541     
   1.31675474900804       0.182572387134255     
   1.32998835424444       0.185390621571030     
   1.34335495942459       0.188235895957253     
   1.35685590122016       0.191108144878523     
   1.37049252973656       0.194006943822316     
   1.38426620864802       0.196931714296753     
   1.39817831533390       0.199882078686379     
   1.41223024101646       0.202857649228925     
   1.42642339089999       0.205857810568154     
   1.44075918431130       0.208882296573921     
   1.45523905484168       0.211930467619328     
   1.46986445049025       0.215001595437182     
   1.48463683380875       0.218095304484706     
   1.49955768204784       0.221210838277103     
   1.51462848730477       0.224347572457844     
   1.52985075667262       0.227504793267157     
   1.54522601239102       0.230681921657176     
   1.56075579199835       0.233878062236489     
   1.57644164848552       0.237092604713711     
   1.59228515045124       0.240324772085956     
   1.60828788225892       0.243573462795447     
   1.62445144419506       0.246838170429730     
   1.64077745262934       0.250117833583250     
   1.65726754017620       0.253411602876498     
   1.67392335585814       0.256718611136143     
   1.69074656527060       0.260037815444339     
   1.70773885074856       0.263368547773371     
   1.72490191153470       0.266709489118408     
   1.74223746394943       0.270059934245362     
   1.75974724156242       0.273418520099883     
   1.77743299536602       0.276784584123821     
   1.79529649395037       0.280156963174053     
   1.81333952368019       0.283534634526089     
   1.83156388887350       0.286916637603033     
   1.84997141198201       0.290301828307383     
   1.86856393377336       0.293689206288361     
   1.88734331351523       0.297077752182280     
   1.90631142916125       0.300466343641222     
   1.92547017753878       0.303854173801740     
   1.94482147453862       0.307239998227547     
   1.96436725530661       0.310623144207260     
   1.98410947443711       0.314002158472513     
   2.00405010616849       0.317376504997463     
   2.02419114458053       0.320744948816898     
   2.04453460379385       0.324106752753386     
   2.06508251817134       0.327460905766859     
   2.08583694252156       0.330806729422421     
   2.10679995230423       0.334143270225450     
   2.12797364383781       0.337469646779564     
   2.14936013450908       0.340785229650296     
   2.17096156298495       0.344089111694345     
   2.19278008942625       0.347380729921025     
   2.21481789570382       0.350659197354306     
   2.23707718561665       0.353923793962003     
   2.25956018511228       0.357173925453093     
   2.28226914250939       0.360408714264600     
   2.30520632872265       0.363627683228535     
   2.32837403748980       0.366829840325596     
   2.35177458560101       0.370014502975032     
   2.37541031313060       0.373180791883707     
   2.39928358367102       0.376327673230331     
   2.42339678456921       0.379454379859086     
   2.44775232716537       0.382559611623285     
   2.47235264703404       0.385642142065201     
   2.49720020422772       0.388700485101608     
   2.52229748352282       0.391732985113679     
   2.54764699466820       0.394737982446762     
   2.57325127263610       0.397713229931594     
   2.59911287787564       0.400656440771353     
   2.62523439656890       0.403565066962076     
   2.65161844088952       0.406436021677198     
   2.67826764926392       0.409266212273296     
   2.70518468663515       0.412051992213531     
   2.73237224472936       0.414789423609769     
   2.75983304232504       0.417474472293577     
   2.78756982552481       0.420102512671796     
   2.81558536803012       0.422668848144778     
   2.84388247141856       0.425168569779653     
   2.87246396542406       0.427596642034034     
   2.90133270821982       0.429947965299462     
   2.93049158670419       0.432217550677513     
   2.95994351678932       0.434400602199181     
   2.98969144369275       0.436492671922704     
   3.01973834223197       0.438489768508975     
   3.05008721712187       0.440388535432730     
   3.08074110327523       0.442186358740238     
   3.11170306610621       0.443881418663192     
   3.14297620183689       0.445472740029897     
   3.17456363780692       0.446960041584725     
   3.20646853278620       0.448343595673516     
   3.23869407729083       0.449623723592775     
   3.27124349390210       0.450800947446711     
   3.30412003758882       0.451875636663302     
   3.33732699603273       0.452848253202073     
   3.37086768995737       0.453719381486834     
   3.40474547346006       0.454489549368918     
   3.43896373434740       0.455159282668931     
   3.47352589447398       0.455729217901464     
   3.50843541008463       0.456199991184494     
   3.54369577215999       0.456572237942039     
   3.57931050676566       0.456846592600574     
   3.61528317540477       0.457023688279130     
   3.65161737537417       0.457104330321874     
   3.68831674012413       0.457089150891832     
   3.72538493962172       0.456978867700392     
   3.76282568071776       0.456774227046523     
   3.80064270751757       0.456475826872588     
   3.83883980175534       0.456084469240107     
   3.87742078317234       0.455600806891519     
   3.91638950989885       0.455025699272988     
   3.95574987884001       0.454359674604894     
   3.99550582606553       0.453603527420180     
   4.03566132720326       0.452757837627783     
   4.07622039783677       0.451823332179524     
   4.11718709390692       0.450800826966695     
   4.15856551211746       0.449690795867251     
   4.20035979034470       0.448493921224351     
   4.24257410805129       0.447210848993595     
   4.28521268670417       0.445842313106201     
   4.32827979019674       0.444388758862687     
   4.37177972527525       0.442850906074182     
   4.41571684196944       0.441229118480138     
   4.46009553402761       0.439524227117188     
   4.50492023935594       0.437736833821368     
   4.55019544046231       0.435867434551289     
   4.59592566490458       0.433916546509516     
   4.64211548574328       0.431884708453259     
   4.68876952199901       0.429772875001560     
   4.73589243911425       0.427581238922956     
   4.78348894942000       0.425310272914909     
   4.83156381260694       0.422961136425777     
   4.88012183620146       0.420534218830008     
   4.92916787604638       0.418030466302330     
   4.97870683678656       0.415450177608699     
   5.02874367235935       0.412794347643940     
   5.07928338649002       0.410063454498698     
   5.13033103319208       0.407258682553357     
   5.18189171727275       0.404381111586435     
   5.23397059484341       0.401431158744191     
   5.28657287383521       0.398409816647964     
   5.33970381451988       0.395318387328488     
   5.39336873003577       0.392157926235781     
   5.44757298691916       0.388929518772055     
   5.50232200564090       0.385634422968990     
   5.55762126114848       0.382274073465644     
   5.61347628341355       0.378849654447067     
   5.66989265798487       0.375362670611694     
   5.72687602654691       0.371814809692903     
   5.78443208748403       0.368207363116224     
   5.84256659645026       0.364542241789863     
   5.90128536694497       0.360821107220664     
   5.96059427089412       0.357045660871387     
   6.02049923923754       0.353217793502163     
   6.08100626252198       0.349339738993002     
   6.14212139150020       0.345412879906897     
   6.20385073773602       0.341439991539496     
   6.26620047421550       0.337422847244843     
   6.32917683596426       0.333363718427904     
   6.39278612067095       0.329264763629736     
   6.45703468931704       0.325128307182231     
   6.52192896681295       0.320956677347498     
   6.58747544264049       0.316752241351990     
   6.65368067150188       0.312517400710753     
   6.72055127397517       0.308254586422683     
   6.78809393717634       0.303966254073648     
   6.85631541542799       0.299654878879824     
   6.92522253093480       0.295322950705645     
   6.99482217446574       0.290972969085635     
   7.06512130604316       0.286607438280999     
   7.13612695563881       0.282228862396277     
   7.20784622387682       0.277839740582731     
   7.28028628274377       0.273442562349354     
   7.35345437630592       0.269039803003622     
   7.42735782143360       0.264633919238283     
   7.50200400853291       0.260227344881793     
   7.57740040228476       0.255822486824142     
   7.65355454239136       0.251421721131400     
   7.73047404433019       0.247027389356491     
   7.80816660011553       0.242641795055563     
   7.88663997906771       0.238267200513685     
   7.96590202859002       0.233905823685736     
   8.04596067495346       0.229559835352916     
   8.12682392408939       0.225231356497753     
   8.20849986239010       0.220922455895281     
   8.29099665751749       0.216635147920742     
   8.37432255921982       0.212371390569276     
   8.45848590015670       0.208133083685932     
   8.54349509673235       0.203922067399696     
   8.62935864993728       0.199740120758342     
   8.71608514619836       0.195588960556454     
   8.80368325823749       0.191470240352298     
   8.89216174593887       0.187385549664938     
   8.98152945722500       0.183336413346506     
   9.07179532894149       0.179324291120372     
   9.16296838775072       0.175350577279668     
   9.25505775103457       0.171416600536543     
   9.34807262780609       0.167523624016375     
   9.44202231963048       0.163672845387200     
   9.53691622155521       0.159865397118524     
   9.63276382304955       0.156102346859873     
   9.72957470895352       0.152384697933320     
   9.82735856043640       0.148713389930580     
   9.92612515596481       0.145089299409141     
   10.0258843722806       0.141513240678324     
   10.1266461853886       0.137985966670075     
   10.2284206715540       0.134508169885768     
   10.3312180083103       0.131080483414225     
   10.4350484754768       0.127703482012664     
   10.5399224561867       0.124377683246230     
   10.6458504379255       0.121103548678299     
   10.7528430135798       0.117881485107671     
   10.8609108824961       0.114711845845351     
   10.9700648515514       0.111594932027512     
   11.0803158362337       0.108530993957858     
   11.1916748617332       0.105520232476439     
   11.3041530640453       0.102562800348678     
   11.4177616910839       9.965880367211209E-002
   11.5325121038065       9.680830329513374E-002
   11.6484157773500       9.401131624566859E-002
   11.7654843021782       9.126781716458299E-002
   11.8837293852412       8.857773974219738E-002
   12.0031628511459       8.594097815316511E-002
   12.1237966433384       8.335738848850685E-002
   12.2456428252985       8.082679018051851E-002
   12.3687135817458       7.834896741972346E-002
   12.4930212198585       7.592367056001717E-002
   12.6185781705042       7.355061751153270E-002
   12.7453969894824       7.122949511777471E-002
   12.8734903587807       6.895996051687769E-002
   13.0028710878429       6.674164248391132E-002
   13.1335521148496       6.457414275437752E-002
   13.2655465080125       6.245703732617624E-002
   13.3988674668808       6.038987774043600E-002
   13.5335283236616       5.837219233881213E-002
   13.6695425445527       5.640348749787149E-002
   13.8069237310896       5.448324883845886E-002
   13.9456856215054       5.261094241085844E-002
   14.0858420921048       5.078601585390777E-002
   14.2274071586517       4.900789952904109E-002
   14.3703949777706       4.727600762765596E-002
   14.5148198483627       4.558973925290961E-002
   14.6606962130353       4.394847947455355E-002
   14.8080386595466       4.235160035801236E-002
   14.9568619222638       4.079846196650005E-002
   15.1071808836374       3.928841333746139E-002
   15.2590105756887       3.782079343228302E-002
   15.4123661815135       3.639493206062455E-002
   15.5672630368000       3.501015077844230E-002
   15.7237166313631       3.366576376109347E-002
   15.8817426106924       3.236107865070309E-002
   16.0413567775176       3.109539737919790E-002
   16.2025750933884       2.986801696627868E-002
   16.3654136802707       2.867823029373525E-002
   16.5298888221590       2.752532685545166E-002
   16.6960169667044       2.640859348445641E-002
   16.8638147268599       2.532731505619670E-002
   17.0332988825413       2.428077517152038E-002
   17.2044863823054       2.326825681236944E-002
   17.3773943450448       2.228904298077451E-002
   17.5520400617000       2.134241731581874E-002
   17.7284409969881       2.042766468857530E-002
   17.9066147911497       1.954407177965061E-002
   18.0865792617125       1.869092763227865E-002
   18.2683524052738       1.786752418516744E-002
   18.4519523992993       1.707315678623775E-002
   18.6373976039413       1.630712468662935E-002
   18.8247065638750       1.556873151658750E-002
   19.0138980101524       1.485728574197661E-002
   19.2049908620758       1.417210110284408E-002
   19.3980042290895       1.351249703373041E-002
   19.5929574126913       1.287779906619874E-002
   19.7898699083618       1.226733921391695E-002
   19.9887614075148       1.168045634074302E-002
   20.1896517994659       1.111649651140612E-002
   20.3925611734217       1.057481332561355E-002
   20.5975098204887       1.005476823519164E-002
   20.8045182357024       9.555730845036406E-003
   21.0136071200768       9.077079197498944E-003
   21.2247973826747       8.618200040932045E-003
   21.4381101426982       8.178489082044734E-003
   21.6535667316011       7.757351222745374E-003
   21.8711886952218       7.354200781146311E-003
   22.0909977959382       6.968461697371605E-003
   22.3130160148434       6.599567723869147E-003
   22.5372655539442       6.246962600836921E-003
   22.7637688383816       5.910100216496613E-003
   22.9925485186728       5.588444752797858E-003
   23.2236274729763       5.281470816322686E-003
   23.4570288093801       4.988663554952238E-003
   23.6927758682126       4.709518760105355E-003
   23.9308922243758       4.443542955094948E-003
   24.1714016897040       4.190253469454670E-003
   24.4143283153441       3.949178499770971E-003
   24.6596963941610       3.719857156917486E-003
   24.9075304631672       3.501839500221334E-003
   25.1578553059760       3.294686558503487E-003
   25.4106959552804       3.097970338521341E-003
   25.6660776953560       2.911273820801691E-003
   25.9240260645895       2.734190943393741E-003
   26.1845668580330       2.566326573576490E-003
   26.4477261299828       2.407296468053846E-003
   26.7135301965854       2.256727221717294E-003
   26.9820056384691       2.114256205514541E-003
   27.2531793034017       1.979531493548093E-003
   27.5270783089756       1.852211779947825E-003
   27.8037300453198       1.731966285683510E-003
   28.0831621778384       1.618474655866833E-003
   28.3654026499774       1.511426847748020E-003
   28.6504796860194       1.410523009961221E-003
   28.9384217939055       1.315473353259492E-003
   29.2292577680863       1.225998013296544E-003
   29.5230166924018       1.141826905727879E-003
   29.8197279429891       1.062699574189346E-003
   30.1194211912206       9.883650314530550E-004
   30.4221264066708       9.185815943169884E-004
   30.7278738601135       8.531167125507142E-004
   31.0366941265489       7.917467924489232E-004
   31.3486180882609       7.342570153325897E-004
   31.6636769379057       6.804411515416650E-004
   31.9819021816308       6.301013702713373E-004
   32.3033256422257       5.830480457845338E-004
   32.6279794623044       5.390995603596171E-004
   32.9558961075193       4.980821044909052E-004
   33.2871083698084       4.598294747019742E-004
   33.6216493706737       4.241828694696425E-004
   33.9595525644943       3.909906836131698E-004
   34.3008517418711       3.601083016225889E-004
   34.6455810330062       3.313978902708620E-004
   34.9937749111159       3.047281909583797E-004
   35.3454681958784       2.799743121225517E-004
   35.7006960569151       2.570175221344878E-004
   36.0594940173082       2.357450429998723E-004
   36.4218979571527       2.160498452559202E-004
   36.7879441171446       1.978304443605620E-004
   37.1576691022050       1.809906989319008E-004
   37.5311098851404       1.654396111090245E-004
   37.9083038103403       1.510911293562408E-004
   38.2892885975116       1.378639539541976E-004
   38.6741023454505       1.256813454629197E-004
   39.0627835358525       1.144709363708635E-004
   39.4553710371605       1.041645461774449E-004
   39.8519041084518       9.469800009254535E-005
   40.2524224033640       8.601095156273743E-005
   40.6569659740603       7.804670877639705E-005
   41.0655752752350       7.075206532003583E-005
   41.4782911681585       6.407713510646423E-005
   41.8951549247643       5.797519171048048E-005
   42.3162082317753       5.240251220146237E-005
   42.7414931948731       4.731822557314385E-005
   43.1710523429084       4.268416582955726E-005
   43.6049286321540       3.846472979366853E-005
   44.0431654506003       3.462673966859801E-005
   44.4858066222945       3.113931038624567E-005
   44.9328964117226       2.797372174585177E-005
   45.3844795282360       2.510329534798065E-005
   45.8406011305228       2.250327630118032E-005
   46.3013068311232       2.015071968012224E-005
   46.7666427009913       1.802438168956731E-005
   47.2366552741019       1.610461548913333E-005
   47.7113915521038       1.437327161289277E-005
   48.1908990090206       1.281360291794036E-005
   48.6752255959976       1.141017397837995E-005
   49.1644197460969       1.014877484110037E-005
   49.6585303791413       9.016339045025900E-006
   50.1576069066059       8.000865805517149E-006
   50.6616992365594       7.091346253671982E-006
   51.1708577786546       6.277693620532058E-006
   51.6851334491703       5.550677246788283E-006
   52.2045776761020       4.901860299237645E-006
   52.7292424043052       4.323541068103556E-006
   53.2591801006901       3.808697720481608E-006
   53.7944437594678       3.350936380064550E-006
   54.3350869074504       2.944442404984027E-006
   54.8811636094030       2.583934732295252E-006
   55.4327284734511       2.264623159854536E-006
   55.9898366565406       1.982168434594903E-006
   56.5525438699541       1.732645018944645E-006
   57.1209063848819       1.512506406732790E-006
   57.6949810380490       1.318552863133133E-006
   58.2748252373993       1.147901463927807E-006
   58.8604969678359       9.979583129817876E-007
   59.4520547970198       8.663928184768752E-007
   60.0495578812270       7.511139123898199E-007
   60.6530659712637       6.502481000948724E-007
   61.2626394184420       5.621192311493345E-007
   61.8783391806144       4.852298852800847E-007
   62.5002268282704       4.182442719239654E-007
   63.1283645506930       3.599725450394518E-007
   63.7628151621777       3.093564393148287E-007
   64.4036421083145       2.654561375261309E-007
   65.0509094723320       2.274382832000651E-007
   65.7046819815060       1.945650565040551E-007
   66.3650250136323       1.661842356120367E-007
   67.0320046035642       1.417201695918357E-007
   67.7056874498168       1.206655930478513E-007
   68.3861409212359       1.025742164968601E-007
   69.0734330637358       8.705403044709351E-008
   69.7676326071034       7.376126476983459E-008
   70.4688089718716       6.239494871112150E-008
   71.1770322762612       5.269202032466670E-008
   71.8923733431929       4.442293760381828E-008
   72.6149037073694       3.738774679880685E-008
   73.3446956224292       3.141256661730902E-008
   74.0818220681720       2.634644996201031E-008
   74.8263567578568       2.205858777503785E-008
   75.5783741455728       1.843582224585285E-008
   76.3379494336856       1.538043925717239E-008
   77.1051585803569       1.280821235504545E-008
   77.8800783071407       1.064667285389283E-008
   78.6627861066556       8.833582826553480E-009
   79.4533602503336       7.315589765883969E-009
   80.2518797962481       6.047043597453320E-009
   81.0584245970189       4.988958458716486E-009
   81.8730753077984       4.108103341091995E-009
   82.6959133943364       3.376207156584730E-009
   83.5270211411274       2.769265233850430E-009
   84.3664816596386       2.266935516265326E-009
   85.2143788966213       1.852013928134775E-009
   86.0707976425060       1.509979466084963E-009
   86.9358235398808       1.228600564285721E-009
   87.8095430920563       9.975951931380683E-010
   88.6920436717159       8.083379743429437E-010
   89.5834135296530       6.536083466828211E-010
   90.4837418035961       5.273744929074945E-010
   91.3931185271229       4.246083531514939E-010
   92.3116346386637       3.411275966430499E-010
   93.2393819905949       2.734609168839734E-010
   94.1764533584250       2.187334962792723E-010
   95.1229424500715       1.745697652121270E-010
   96.0789439152324       1.390111014039132E-010
   97.0445533548509       1.104462883684458E-010
   98.0198673306756       8.755335983222488E-011
   99.0049833749169       6.924932159670068E-011
   100.000000000000       5.465019410128597E-011
