  0.0000000000E+00  0.0000000000E+00  0.0000000000E+00
  3.0000000000E-04 -3.3263215663E-14 -2.4404783662E-18
  1.2000000000E-03 -1.3299919130E-13 -3.9037001171E-17
  2.7000000000E-03 -2.9904700323E-13 -1.9753496548E-16
  4.8000000000E-03 -5.3113874635E-13 -6.2391066056E-16
  7.5000000000E-03 -8.2889998517E-13 -1.5219728423E-15
  1.0800000000E-02 -1.1918503840E-12 -3.1528062026E-15
  1.4700000000E-02 -1.6194045156E-12 -5.8340579942E-15
  1.9200000000E-02 -2.1108728457E-12 -9.9390694307E-15
  2.4300000000E-02 -2.6654628936E-12 -1.5895853828E-14
  3.0000000000E-02 -3.2822805645E-12 -2.4185923809E-14
  3.6300000000E-02 -3.9603316528E-12 -3.5342970224E-14
  4.3200000000E-02 -4.6985235129E-12 -4.9951395796E-14
  5.0700000000E-02 -5.4956668949E-12 -6.8644706805E-14
  5.8800000000E-02 -6.3504779414E-12 -9.2103766473E-14
  6.7500000000E-02 -7.2615803422E-12 -1.2105491401E-13
  7.6800000000E-02 -8.2275076430E-12 -1.5626795359E-13
  8.6700000000E-02 -9.2467057041E-12 -1.9855401784E-13
  9.7200000000E-02 -1.0317535304E-11 -2.4876331068E-13
  1.0830000000E-01 -1.1438274883E-11 -3.0778273465E-13
  1.2000000000E-01 -1.2607123424E-11 -3.7653340818E-13
  1.3230000000E-01 -1.3822203466E-11 -4.5596807829E-13
  1.4520000000E-01 -1.5081564236E-11 -5.4706843488E-13
  1.5870000000E-01 -1.6383184905E-11 -6.5084233240E-13
  1.7280000000E-01 -1.7724977960E-11 -7.6832092562E-13
  1.8750000000E-01 -1.9104792681E-11 -9.0055572560E-13
  2.0280000000E-01 -2.0520418716E-11 -1.0486155830E-12
  2.1870000000E-01 -2.1969589759E-11 -1.2135836054E-12
  2.3520000000E-01 -2.3449987311E-11 -1.3965540154E-12
  2.5230000000E-01 -2.4959244523E-11 -1.5986289579E-12
  2.7000000000E-01 -2.6494950116E-11 -1.8209152617E-12
  2.8830000000E-01 -2.8054652371E-11 -2.0645211651E-12
  3.0720000000E-01 -2.9635863173E-11 -2.3305530120E-12
  3.2670000000E-01 -3.1236062119E-11 -2.6201119257E-12
  3.4680000000E-01 -3.2852700662E-11 -2.9342904687E-12
  3.6750000000E-01 -3.4483206303E-11 -3.2741692962E-12
  3.8880000000E-01 -3.6124986806E-11 -3.6408138107E-12
  4.1070000000E-01 -3.7775434452E-11 -4.0352708257E-12
  4.3320000000E-01 -3.9431930291E-11 -4.4585652458E-12
  4.5630000000E-01 -4.1091848419E-11 -4.9116967718E-12
  4.8000000000E-01 -4.2752560248E-11 -5.3956366370E-12
  5.0430000000E-01 -4.4411438779E-11 -5.9113243843E-12
  5.2920000000E-01 -4.6065862852E-11 -6.4596646897E-12
  5.5470000000E-01 -4.7713221380E-11 -7.0415242407E-12
  5.8080000000E-01 -4.9350917564E-11 -7.6577286771E-12
  6.0750000000E-01 -5.0976373055E-11 -8.3090596001E-12
  6.3480000000E-01 -5.2587032093E-11 -8.9962516587E-12
  6.6270000000E-01 -5.4180365584E-11 -9.7199897189E-12
  6.9120000000E-01 -5.5753875124E-11 -1.0480906123E-11
  7.2030000000E-01 -5.7305096963E-11 -1.1279578044E-11
  7.5000000000E-01 -5.8831605897E-11 -1.2116524946E-11
  7.8030000000E-01 -6.0331019083E-11 -1.2992206151E-11
  8.1120000000E-01 -6.1800999770E-11 -1.3907018521E-11
  8.4270000000E-01 -6.3239260946E-11 -1.4861294262E-11
  8.7480000000E-01 -6.4643568885E-11 -1.5855298853E-11
  9.0750000000E-01 -6.6011746591E-11 -1.6889229106E-11
  9.4080000000E-01 -6.7341677145E-11 -1.7963211364E-11
  9.7470000000E-01 -6.8631306926E-11 -1.9077299838E-11
  1.0092000000E+00 -6.9878648724E-11 -2.0231475088E-11
  1.0443000000E+00 -7.1081784731E-11 -2.1425642656E-11
  1.0800000000E+00 -7.2238869393E-11 -2.2659631853E-11
  1.1163000000E+00 -7.3348132147E-11 -2.3933194692E-11
  1.1532000000E+00 -7.4407880004E-11 -2.5246004998E-11
  1.1907000000E+00 -7.5416500007E-11 -2.6597657661E-11
  1.2288000000E+00 -7.6372461533E-11 -2.7987668064E-11
  1.2675000000E+00 -7.7274318454E-11 -2.9415471679E-11
  1.3068000000E+00 -7.8120711145E-11 -3.0880423823E-11
  1.3467000000E+00 -7.8910368337E-11 -3.2381799587E-11
  1.3872000000E+00 -7.9642108817E-11 -3.3918793938E-11
  1.4283000000E+00 -8.0314842961E-11 -3.5490521988E-11
  1.4700000000E+00 -8.0927574120E-11 -3.7096019434E-11
  1.5123000000E+00 -8.1479399826E-11 -3.8734243169E-11
  1.5552000000E+00 -8.1969512848E-11 -4.0404072070E-11
  1.5987000000E+00 -8.2397202076E-11 -4.2104307940E-11
  1.6428000000E+00 -8.2761853238E-11 -4.3833676637E-11
  1.6875000000E+00 -8.3062949457E-11 -4.5590829353E-11
  1.7328000000E+00 -8.3300071628E-11 -4.7374344070E-11
  1.7787000000E+00 -8.3472898645E-11 -4.9182727170E-11
  1.8252000000E+00 -8.3581207447E-11 -5.1014415210E-11
  1.8723000000E+00 -8.3624872904E-11 -5.2867776847E-11
  1.9200000000E+00 -8.3603867540E-11 -5.4741114930E-11
  1.9683000000E+00 -8.3518261090E-11 -5.6632668722E-11
  2.0172000000E+00 -8.3368219892E-11 -5.8540616284E-11
  2.0667000000E+00 -8.3154006125E-11 -6.0463076996E-11
  2.1168000000E+00 -8.2875976883E-11 -6.2398114209E-11
  2.1675000000E+00 -8.2534583099E-11 -6.4343738037E-11
  2.2188000000E+00 -8.2130368308E-11 -6.6297908268E-11
  2.2707000000E+00 -8.1663967269E-11 -6.8258537405E-11
  2.3232000000E+00 -8.1136104434E-11 -7.0223493818E-11
  2.3763000000E+00 -8.0547592278E-11 -7.2190605002E-11
  2.4300000000E+00 -7.9899329480E-11 -7.4157660943E-11
  2.4843000000E+00 -7.9192298982E-11 -7.6122417583E-11
  2.5392000000E+00 -7.8427565908E-11 -7.8082600370E-11
  2.5947000000E+00 -7.7606275354E-11 -8.0035907895E-11
  2.6508000000E+00 -7.6729650060E-11 -8.1980015606E-11
  2.7075000000E+00 -7.5798987964E-11 -8.3912579587E-11
  2.7648000000E+00 -7.4815659642E-11 -8.5831240403E-11
  2.8227000000E+00 -7.3781105640E-11 -8.7733627001E-11
  2.8812000000E+00 -7.2696833701E-11 -8.9617360655E-11
  2.9403000000E+00 -7.1564415903E-11 -9.1480058947E-11
  3.0000000000E+00 -7.0385485700E-11 -9.3319339787E-11
  3.0603000000E+00 -6.9161734878E-11 -9.5132825455E-11
  3.1212000000E+00 -6.7894910432E-11 -9.6918146651E-11
  3.1827000000E+00 -6.6586811370E-11 -9.8672946563E-11
  3.2448000000E+00 -6.5239285454E-11 -1.0039488493E-10
  3.3075000000E+00 -6.3854225869E-11 -1.0208164209E-10
  3.3708000000E+00 -6.2433567851E-11 -1.0373092303E-10
  3.4347000000E+00 -6.0979285252E-11 -1.0534046139E-10
  3.4992000000E+00 -5.9493387080E-11 -1.0690802346E-10
  3.5643000000E+00 -5.7977913986E-11 -1.0843141210E-10
  3.6300000000E+00 -5.6434934734E-11 -1.0990847065E-10
  3.6963000000E+00 -5.4866542643E-11 -1.1133708678E-10
  3.7632000000E+00 -5.3274852016E-11 -1.1271519624E-10
  3.8307000000E+00 -5.1661994556E-11 -1.1404078657E-10
  3.8988000000E+00 -5.0030115783E-11 -1.1531190076E-10
  3.9675000000E+00 -4.8381371447E-11 -1.1652664074E-10
  4.0368000000E+00 -4.6717923962E-11 -1.1768317090E-10
  4.1067000000E+00 -4.5041938845E-11 -1.1877972135E-10
  4.1772000000E+00 -4.3355581181E-11 -1.1981459125E-10
  4.2483000000E+00 -4.1661012121E-11 -1.2078615192E-10
  4.3200000000E+00 -3.9960385406E-11 -1.2169284982E-10
  4.3923000000E+00 -3.8255843941E-11 -1.2253320948E-10
  4.4652000000E+00 -3.6549516404E-11 -1.2330583627E-10
  4.5387000000E+00 -3.4843513917E-11 -1.2400941898E-10
  4.6128000000E+00 -3.3139926769E-11 -1.2464273237E-10
  4.6875000000E+00 -3.1440821205E-11 -1.2520463944E-10
  4.7628000000E+00 -2.9748236280E-11 -1.2569409368E-10
  4.8387000000E+00 -2.8064180791E-11 -1.2611014108E-10
  4.9152000000E+00 -2.6390630280E-11 -1.2645192201E-10
  4.9923000000E+00 -2.4729524131E-11 -1.2671867295E-10
  5.0700000000E+00 -2.3082762742E-11 -1.2690972801E-10
  5.1483000000E+00 -2.1452204803E-11 -1.2702452034E-10
  5.2272000000E+00 -1.9839664655E-11 -1.2706258333E-10
  5.3067000000E+00 -1.8246909764E-11 -1.2702355166E-10
  5.3868000000E+00 -1.6675658290E-11 -1.2690716214E-10
  5.4675000000E+00 -1.5127576762E-11 -1.2671325439E-10
  5.5488000000E+00 -1.3604277876E-11 -1.2644177139E-10
  5.6307000000E+00 -1.2107318391E-11 -1.2609275975E-10
  5.7132000000E+00 -1.0638197154E-11 -1.2566636989E-10
  5.7963000000E+00 -9.1983532364E-12 -1.2516285600E-10
  5.8800000000E+00 -7.7891642007E-12 -1.2458257580E-10
  5.9643000000E+00 -6.4119444814E-12 -1.2392599018E-10
  6.0492000000E+00 -5.0679438982E-12 -1.2319366261E-10
  6.1347000000E+00 -3.7583462943E-12 -1.2238625835E-10
  6.2208000000E+00 -2.4842683037E-12 -1.2150454360E-10
  6.3075000000E+00 -1.2467582480E-12 -1.2054938430E-10
  6.3948000000E+00 -4.6795164154E-14 -1.1952174494E-10
  6.4827000000E+00  1.1147120366E-12 -1.1842268704E-10
  6.5712000000E+00  2.2369252787E-12 -1.1725336759E-10
  6.6603000000E+00  3.3190778994E-12 -1.1601503722E-10
  6.7500000000E+00  4.3604750963E-12 -1.1470903829E-10
  6.8403000000E+00  5.3604942414E-12 -1.1333680280E-10
  6.9312000000E+00  6.3185850669E-12 -1.1189985011E-10
  7.0227000000E+00  7.2342697202E-12 -1.1039978455E-10
  7.1148000000E+00  8.1071426904E-12 -1.0883829291E-10
  7.2075000000E+00  8.9368706085E-12 -1.0721714169E-10
  7.3008000000E+00  9.7231919213E-12 -1.0553817436E-10
  7.3947000000E+00  1.0465916442E-11 -1.0380330834E-10
  7.4892000000E+00  1.1164924780E-11 -1.0201453201E-10
  7.5843000000E+00  1.1820167649E-11 -1.0017390144E-10
  7.6800000000E+00  1.2431665059E-11 -9.8283537178E-11
  7.7763000000E+00  1.2999505398E-11 -9.6345620791E-11
  7.8732000000E+00  1.3523844395E-11 -9.4362391394E-11
  7.9707000000E+00  1.4004903980E-11 -9.2336142053E-11
  8.0688000000E+00  1.4442971037E-11 -9.0269216109E-11
  8.1675000000E+00  1.4838396057E-11 -8.8164003434E-11
  8.2668000000E+00  1.5191591686E-11 -8.6022936600E-11
  8.3667000000E+00  1.5503031189E-11 -8.3848487001E-11
  8.4672000000E+00  1.5773246815E-11 -8.1643160907E-11
  8.5683000000E+00  1.6002828080E-11 -7.9409495474E-11
  8.6700000000E+00  1.6192419961E-11 -7.7150054718E-11
  8.7723000000E+00  1.6342721022E-11 -7.4867425443E-11
  8.8752000000E+00  1.6454481454E-11 -7.2564213157E-11
  8.9787000000E+00  1.6528501056E-11 -7.0243037958E-11
  9.0828000000E+00  1.6565627143E-11 -6.7906530417E-11
  9.1875000000E+00  1.6566752401E-11 -6.5557327453E-11
  9.2928000000E+00  1.6532812675E-11 -6.3198068217E-11
  9.3987000000E+00  1.6464784721E-11 -6.0831389980E-11
  9.5052000000E+00  1.6363683899E-11 -5.8459924050E-11
  9.6123000000E+00  1.6230561830E-11 -5.6086291711E-11
  9.7200000000E+00  1.6066504019E-11 -5.3713100192E-11
  9.8283000000E+00  1.5872627438E-11 -5.1342938687E-11
  9.9372000000E+00  1.5650078094E-11 -4.8978374416E-11
  1.0046700000E+01  1.5400028565E-11 -4.6621948742E-11
  1.0156800000E+01  1.5123675523E-11 -4.4276173355E-11
  1.0267500000E+01  1.4822237249E-11 -4.1943526521E-11
  1.0378800000E+01  1.4496951132E-11 -3.9626449410E-11
  1.0490700000E+01  1.4149071176E-11 -3.7327342501E-11
  1.0603200000E+01  1.3779865499E-11 -3.5048562080E-11
  1.0716300000E+01  1.3390613849E-11 -3.2792416832E-11
  1.0830000000E+01  1.2982605125E-11 -3.0561164532E-11
  1.0944300000E+01  1.2557134918E-11 -2.8357008840E-11
  1.1059200000E+01  1.2115503072E-11 -2.6182096209E-11
  1.1174700000E+01  1.1659011267E-11 -2.4038512911E-11
  1.1290800000E+01  1.1188960640E-11 -2.1928282182E-11
  1.1407500000E+01  1.0706649433E-11 -1.9853361489E-11
  1.1524800000E+01  1.0213370677E-11 -1.7815639936E-11
  1.1642700000E+01  9.7104099290E-12 -1.5816935794E-11
  1.1761200000E+01  9.1990430418E-12 -1.3858994178E-11
  1.1880300000E+01  8.6805339921E-12 -1.1943484857E-11
  1.2000000000E+01  8.1561327585E-12 -1.0072000215E-11
  1.2120300000E+01  7.6270732568E-12 -8.2460533550E-12
  1.2241200000E+01  7.0945713346E-12 -6.4670763575E-12
  1.2362700000E+01  6.5598228299E-12 -4.7364186867E-12
  1.2484800000E+01  6.0240016951E-12 -3.0553457538E-12
  1.2607500000E+01  5.4882581897E-12 -1.4250376358E-12
  1.2730800000E+01  4.9537171451E-12  1.5341204819E-13
  1.2854700000E+01  4.4214763026E-12  1.6789971027E-12
  1.2979200000E+01  3.8926047281E-12  3.1507995617E-12
  1.3104300000E+01  3.3681413052E-12  4.5679903356E-12
  1.3230000000E+01  2.8490933084E-12  5.9298296973E-12
  1.3356300000E+01  2.3364350582E-12  7.2356676099E-12
  1.3483200000E+01  1.8311066599E-12  8.4849438944E-12
  1.3610700000E+01  1.3340128279E-12  9.6771882396E-12
  1.3738800000E+01  8.4602179525E-13  1.0812020055E-11
  1.3867500000E+01  3.6796431130E-13  1.1889148165E-11
  1.3996800000E+01 -9.9367273345E-14  1.2908370358E-11
  1.4126700000E+01 -5.5521983277E-13  1.3869572767E-11
  1.4257200000E+01 -9.9888020276E-13  1.4772729121E-11
  1.4388300000E+01 -1.4296758285E-12  1.5617899831E-11
  1.4520000000E+01 -1.8469753225E-12  1.6405230940E-11
  1.4652300000E+01 -2.2501889339E-12  1.7134952934E-11
  1.4785200000E+01 -2.6387689279E-12  1.7807379407E-11
  1.4918700000E+01 -3.0122098768E-12  1.8422905601E-11
  1.5052800000E+01 -3.3700488637E-12  1.8982006803E-11
  1.5187500000E+01 -3.7118655982E-12  1.9485236630E-11
  1.5322800000E+01 -4.0372824462E-12  1.9933225179E-11
  1.5458700000E+01 -4.3459643749E-12  2.0326677068E-11
  1.5595200000E+01 -4.6376188134E-12  2.0666369354E-11
  1.5732300000E+01 -4.9119954321E-12  2.0953149357E-11
  1.5870000000E+01 -5.1688858398E-12  2.1187932364E-11
  1.6008300000E+01 -5.4081232032E-12  2.1371699247E-11
  1.6147200000E+01 -5.6295817889E-12  2.1505493984E-11
  1.6286700000E+01 -5.8331764295E-12  2.1590421091E-11
  1.6426800000E+01 -6.0188619184E-12  2.1627642976E-11
  1.6567500000E+01 -6.1866323322E-12  2.1618377212E-11
  1.6708800000E+01 -6.3365202861E-12  2.1563893744E-11
  1.6850700000E+01 -6.4685961228E-12  2.1465512030E-11
  1.6993200000E+01 -6.5829670387E-12  2.1324598126E-11
  1.7136300000E+01 -6.6797761491E-12  2.1142561714E-11
  1.7280000000E+01 -6.7592014962E-12  2.0920853087E-11
  1.7424300000E+01 -6.8214550021E-12  2.0660960095E-11
  1.7569200000E+01 -6.8667813696E-12  2.0364405054E-11
  1.7714700000E+01 -6.8954569347E-12  2.0032741635E-11
  1.7860800000E+01 -6.9077884730E-12  1.9667551716E-11
  1.8007500000E+01 -6.9041119635E-12  1.9270442240E-11
  1.8154800000E+01 -6.8847913128E-12  1.8843042044E-11
  1.8302700000E+01 -6.8502170435E-12  1.8386998701E-11
  1.8451200000E+01 -6.8008049492E-12  1.7903975352E-11
  1.8600300000E+01 -6.7369947198E-12  1.7395647559E-11
  1.8750000000E+01 -6.6592485407E-12  1.6863700167E-11
  1.8900300000E+01 -6.5680496689E-12  1.6309824183E-11
  1.9051200000E+01 -6.4639009889E-12  1.5735713694E-11
  1.9202700000E+01 -6.3473235525E-12  1.5143062803E-11
  1.9354800000E+01 -6.2188551057E-12  1.4533562619E-11
  1.9507500000E+01 -6.0790486050E-12  1.3908898274E-11
  1.9660800000E+01 -5.9284707280E-12  1.3270745999E-11
  1.9814700000E+01 -5.7677003798E-12  1.2620770255E-11
  1.9969200000E+01 -5.5973272002E-12  1.1960620916E-11
  2.0124300000E+01 -5.4179500725E-12  1.1291930521E-11
  2.0280000000E+01 -5.2301756400E-12  1.0616311591E-11
  2.0436300000E+01 -5.0346168308E-12  9.9353540214E-12
  2.0593200000E+01 -4.8318913942E-12  9.2506225526E-12
  2.0750700000E+01 -4.6226204537E-12  8.5636543167E-12
  2.0908800000E+01 -4.4074270765E-12  7.8759564744E-12
  2.1067500000E+01 -4.1869348643E-12  7.1890039377E-12
  2.1226800000E+01 -3.9617665674E-12  6.5042371861E-12
  2.1386700000E+01 -3.7325427250E-12  5.8230601777E-12
  2.1547200000E+01 -3.4998803334E-12  5.1468383586E-12
  2.1708300000E+01 -3.2643915460E-12  4.4768967741E-12
  2.1870000000E+01 -3.0266824055E-12  3.8145182825E-12
  2.2032300000E+01 -2.7873516123E-12  3.1609418761E-12
  2.2195200000E+01 -2.5469893305E-12  2.5173611094E-12
  2.2358700000E+01 -2.3061760327E-12  1.8849226378E-12
  2.2522800000E+01 -2.0654813866E-12  1.2647248670E-12
  2.2687500000E+01 -1.8254631857E-12  6.5781671614E-13
  2.2852800000E+01 -1.5866663227E-12  6.5196494280E-14
  2.3018700000E+01 -1.3496218116E-12 -5.1218910849E-13
  2.3185200000E+01 -1.1148458561E-12 -1.0734459142E-12
  2.3352300000E+01 -8.8283896730E-13 -1.6177330348E-12
  2.3520000000E+01 -6.5408513184E-13 -2.1442635338E-12
  2.3688300000E+01 -4.2905103121E-13 -2.6523049725E-12
  2.3857200000E+01 -2.0818531301E-13 -3.1411798406E-12
  2.4026700000E+01  8.0820847683E-15 -3.6102658725E-12
  2.4196800000E+01  2.1934055594E-13 -4.0589962491E-12
  2.4367500000E+01  4.2519939426E-13 -4.4868596872E-12
  2.4538800000E+01  6.2528830714E-13 -4.8934004166E-12
  2.4710700000E+01  8.1925787456E-13 -5.2782180479E-12
  2.4883200000E+01  1.0067799532E-12 -5.6409673314E-12
  2.5056300000E+01  1.1875480254E-12 -5.9813578093E-12
  2.5230000000E+01  1.3612774941E-12 -6.2991533636E-12
  2.5404300000E+01  1.5277059220E-12 -6.5941716619E-12
  2.5579200000E+01  1.6865932174E-12 -6.8662835036E-12
  2.5754700000E+01  1.8377217663E-12 -7.1154120688E-12
  2.5930800000E+01  1.9808965105E-12 -7.3415320727E-12
  2.6107500000E+01  2.1159449738E-12 -7.5446688301E-12
  2.6284800000E+01  2.2427172363E-12 -7.7248972300E-12
  2.6462700000E+01  2.3610858579E-12 -7.8823406269E-12
  2.6641200000E+01  2.4709457516E-12 -8.0171696499E-12
  2.6820300000E+01  2.5722140085E-12 -8.1296009346E-12
  2.7000000000E+01  2.6648296743E-12 -8.2198957803E-12
  2.7180300000E+01  2.7487534807E-12 -8.2883587375E-12
  2.7361200000E+01  2.8239675309E-12 -8.3353361285E-12
  2.7542700000E+01  2.8904749416E-12 -8.3612145061E-12
  2.7724800000E+01  2.9482994432E-12 -8.3664190534E-12
  2.7907500000E+01  2.9974849396E-12 -8.3514119298E-12
  2.8090800000E+01  3.0380950286E-12 -8.3166905669E-12
  2.8274700000E+01  3.0702124862E-12 -8.2627859187E-12
  2.8459200000E+01  3.0939387145E-12 -8.1902606705E-12
  2.8644300000E+01  3.1093931567E-12 -8.0997074108E-12
  2.8830000000E+01  3.1167126805E-12 -7.9917467701E-12
  2.9016300000E+01  3.1160509315E-12 -7.8670255319E-12
  2.9203200000E+01  3.1075776590E-12 -7.7262147197E-12
  2.9390700000E+01  3.0914780163E-12 -7.5700076644E-12
  2.9578800000E+01  3.0679518365E-12 -7.3991180567E-12
  2.9767500000E+01  3.0372128880E-12 -7.2142779883E-12
  2.9956800000E+01  2.9994881085E-12 -7.0162359876E-12
  3.0146700000E+01  2.9550168237E-12 -6.8057550523E-12
  3.0337200000E+01  2.9040499481E-12 -6.5836106844E-12
  3.0528300000E+01  2.8468491749E-12 -6.3505889316E-12
  3.0720000000E+01  2.7836861528E-12 -6.1074844391E-12
  3.0912300000E+01  2.7148416545E-12 -5.8550985151E-12
  3.1105200000E+01  2.6406047379E-12 -5.5942372157E-12
  3.1298700000E+01  2.5612719027E-12 -5.3257094511E-12
  3.1492800000E+01  2.4771462431E-12 -5.0503251183E-12
  3.1687500000E+01  2.3885366004E-12 -4.7688932631E-12
  3.1882800000E+01  2.2957567166E-12 -4.4822202754E-12
  3.2078700000E+01  2.1991243903E-12 -4.1911081211E-12
  3.2275200000E+01  2.0989606384E-12 -3.8963526138E-12
  3.2472300000E+01  1.9955888642E-12 -3.5987417296E-12
  3.2670000000E+01  1.8893340337E-12 -3.2990539679E-12
  3.2868300000E+01  1.7805218636E-12 -2.9980567615E-12
  3.3067200000E+01  1.6694780203E-12 -2.6965049378E-12
  3.3266700000E+01  1.5565273333E-12 -2.3951392352E-12
  3.3466800000E+01  1.4419930241E-12 -2.0946848754E-12
  3.3667500000E+01  1.3261959520E-12 -1.7958501957E-12
  3.3868800000E+01  1.2094538789E-12 -1.4993253412E-12
  3.4070700000E+01  1.0920807538E-12 -1.2057810217E-12
  3.4273200000E+01  9.7438601869E-13 -9.1586733213E-13
  3.4476300000E+01  8.5667393715E-13 -6.3021264074E-13
  3.4680000000E+01  7.3924294728E-13 -3.4942254444E-13
  3.4884300000E+01  6.2238503922E-13 -7.4078893945E-14
  3.5089200000E+01  5.0638515910E-13  1.9526111074E-13
  3.5294700000E+01  3.9152064012E-13  4.5806575347E-13
  3.5500800000E+01  2.7806066170E-13  7.1382956295E-13
  3.5707500000E+01  1.6626573756E-13  9.6207400089E-13
  3.5914800000E+01  5.6387233533E-14  1.2023480770E-12
  3.6122700000E+01 -5.1333084309E-14  1.4342288907E-12
  3.6331200000E+01 -1.5666347052E-13  1.6573220988E-12
  3.6540300000E+01 -2.5938258970E-13  1.8712623103E-12
  3.6750000000E+01 -3.5927987395E-13  2.0757134074E-12
  3.6960300000E+01 -4.5615584818E-13  2.2703687941E-12
  3.7171200000E+01 -5.4982242274E-13  2.4549515723E-12
  3.7382700000E+01 -6.4010315346E-13  2.6292146464E-12
  3.7594800000E+01 -7.2683346886E-13  2.7929407570E-12
  3.7807500000E+01 -8.0986086444E-13  2.9459424454E-12
  3.8020800000E+01 -8.8904506431E-13  3.0880619489E-12
  3.8234700000E+01 -9.6425815003E-13  3.2191710292E-12
  3.8449200000E+01 -1.0353846572E-12  3.3391707354E-12
  3.8664300000E+01 -1.1023216395E-12  3.4479911019E-12
  3.8880000000E+01 -1.1649787017E-12  3.5455907845E-12
  3.9096300000E+01 -1.2232780001E-12  3.6319566353E-12
  3.9313200000E+01 -1.2771542135E-12  3.7071032191E-12
  3.9530700000E+01 -1.3265544826E-12  3.7710722725E-12
  3.9748800000E+01 -1.3714383204E-12  3.8239321090E-12
  3.9967500000E+01 -1.4117774934E-12  3.8657769712E-12
  4.0186800000E+01 -1.4475558749E-12  3.8967263328E-12
  4.0406700000E+01 -1.4787692701E-12  3.9169241534E-12
  4.0627200000E+01 -1.5054252152E-12  3.9265380873E-12
  4.0848300000E+01 -1.5275427511E-12  3.9257586501E-12
  4.1070000000E+01 -1.5451521712E-12  3.9147983452E-12
  4.1292300000E+01 -1.5582947470E-12  3.8938907526E-12
  4.1515200000E+01 -1.5670224301E-12  3.8632895828E-12
  4.1738700000E+01 -1.5713975328E-12  3.8232676996E-12
  4.1962800000E+01 -1.5714923884E-12  3.7741161124E-12
  4.2187500000E+01 -1.5673889921E-12  3.7161429433E-12
  4.2412800000E+01 -1.5591786241E-12  3.6496723698E-12
  4.2638700000E+01 -1.5469614553E-12  3.5750435477E-12
  4.2865200000E+01 -1.5308461379E-12  3.4926095151E-12
  4.3092300000E+01 -1.5109493811E-12  3.4027360823E-12
  4.3320000000E+01 -1.4873955145E-12  3.3058007095E-12
  4.3548300000E+01 -1.4603160387E-12  3.2021913744E-12
  4.3777200000E+01 -1.4298491657E-12  3.0923054350E-12
  4.4006700000E+01 -1.3961393509E-12  2.9765484869E-12
  4.4236800000E+01 -1.3593368159E-12  2.8553332210E-12
  4.4467500000E+01 -1.3195970656E-12  2.7290782830E-12
  4.4698800000E+01 -1.2770803997E-12  2.5982071366E-12
  4.4930700000E+01 -1.2319514199E-12  2.4631469352E-12
  4.5163200000E+01 -1.1843785352E-12  2.3243274019E-12
  4.5396300000E+01 -1.1345334650E-12  2.1821797233E-12
  4.5630000000E+01 -1.0825907422E-12  2.0371354570E-12
  4.5864300000E+01 -1.0287272178E-12  1.8896254568E-12
  4.6099200000E+01 -9.7312156687E-13  1.7400788172E-12
  4.6334700000E+01 -9.1595379923E-13  1.5889218396E-12
  4.6570800000E+01 -8.5740477370E-13  1.4365770229E-12
  4.6807500000E+01 -7.9765571877E-13  1.2834620788E-12
  4.7044800000E+01 -7.3688775996E-13  1.1299889765E-12
  4.7282700000E+01 -6.7528145524E-13  9.7656301621E-13
  4.7521200000E+01 -6.1301633942E-13  8.2358193470E-13
  4.7760300000E+01 -5.5027047864E-13  6.7143504373E-13
  4.8000000000E+01 -4.8722003585E-13  5.2050240374E-13
  4.8240300000E+01 -4.2403884818E-13  3.7115403354E-13
  4.8481200000E+01 -3.6089801712E-13  2.2374915780E-13
  4.8722700000E+01 -2.9796551242E-13  7.8635493444E-14
  4.8964800000E+01 -2.3540579027E-13 -6.3851423898E-14
  4.9207500000E+01 -1.7337942680E-13 -2.0338887236E-13
  4.9450800000E+01 -1.1204276737E-13 -3.3966753430E-13
  4.9694700000E+01 -5.1547592305E-14 -4.7239204391E-13
  4.9939200000E+01  7.9592001173E-15 -6.0128149143E-13
  5.0184300000E+01  6.6335893206E-14 -7.2606988319E-13
  5.0430000000E+01  1.2344623318E-13 -8.4650655722E-13
  5.0676300000E+01  1.7915969194E-13 -9.6235655397E-13
  5.0923200000E+01  2.3335171095E-13 -1.0734009419E-12
  5.1170700000E+01  2.8590392580E-13 -1.1794370981E-12
  5.1418800000E+01  3.3670437120E-13 -1.2802789433E-12
  5.1667500000E+01  3.8564766633E-13 -1.3757571320E-12
  5.1916800000E+01  4.3263518007E-13 -1.4657191982E-12
  5.2166700000E+01  4.7757517634E-13 -1.5500296554E-12
  5.2417200000E+01  5.2038293922E-13 -1.6285700540E-12
  5.2668300000E+01  5.6098087799E-13 -1.7012389935E-12
  5.2920000000E+01  5.9929861204E-13 -1.7679520932E-12
  5.3172300000E+01  6.3527303584E-13 -1.8286419196E-12
  5.3425200000E+01  6.6884836394E-13 -1.8832578728E-12
  5.3678700000E+01  6.9997615640E-13 -1.9317660323E-12
  5.3932800000E+01  7.2861532472E-13 -1.9741489638E-12
  5.4187500000E+01  7.5473211859E-13 -2.0104054862E-12
  5.4442800000E+01  7.7830009387E-13 -2.0405504029E-12
  5.4698700000E+01  7.9930006199E-13 -2.0646141960E-12
  5.4955200000E+01  8.1772002140E-13 -2.0826426861E-12
  5.5212300000E+01  8.3355507130E-13 -2.0946966587E-12
  5.5470000000E+01  8.4680730835E-13 -2.1008514586E-12
  5.5728300000E+01  8.5748570670E-13 -2.1011965539E-12
  5.5987200000E+01  8.6560598197E-13 -2.0958350712E-12
  5.6246700000E+01  8.7119043985E-13 -2.0848833030E-12
  5.6506800000E+01  8.7426780982E-13 -2.0684701902E-12
  5.6767500000E+01  8.7487306470E-13 -2.0467367802E-12
  5.7028800000E+01  8.7304722672E-13 -2.0198356622E-12
  5.7290700000E+01  8.6883716076E-13 -1.9879303832E-12
  5.7553200000E+01  8.6229535560E-13 -1.9511948445E-12
  5.7816300000E+01  8.5347969375E-13 -1.9098126808E-12
  5.8080000000E+01  8.4245321080E-13 -1.8639766255E-12
  5.8344300000E+01  8.2928384496E-13 -1.8138878615E-12
  5.8609200000E+01  8.1404417768E-13 -1.7597553611E-12
  5.8874700000E+01  7.9681116600E-13 -1.7017952161E-12
  5.9140800000E+01  7.7766586764E-13 -1.6402299603E-12
  5.9407500000E+01  7.5669315951E-13 -1.5752878860E-12
  5.9674800000E+01  7.3398145057E-13 -1.5072023560E-12
  5.9942700000E+01  7.0962238973E-13 -1.4362111140E-12
  6.0211200000E+01  6.8371056982E-13 -1.3625555935E-12
  6.0480300000E+01  6.5634322828E-13 -1.2864802290E-12
  6.0750000000E+01  6.2761994555E-13 -1.2082317691E-12
  6.1020300000E+01  5.9764234178E-13 -1.1280585952E-12
  6.1291200000E+01  5.6651377298E-13 -1.0462100456E-12
  6.1562700000E+01  5.3433902704E-13 -9.6293574851E-13
  6.1834800000E+01  5.0122402079E-13 -8.7848496359E-13
  6.2107500000E+01  4.6727549855E-13 -7.9310593550E-13
  6.2380800000E+01  4.3260073321E-13 -7.0704525936E-13
  6.2654700000E+01  3.9730723035E-13 -6.2054726048E-13
  6.2929200000E+01  3.6150243635E-13 -5.3385338939E-13
  6.3204300000E+01  3.2529345098E-13 -4.4720163368E-13
  6.3480000000E+01  2.8878674536E-13 -3.6082594763E-13
  6.3756300000E+01  2.5208788582E-13 -2.7495570120E-13
  6.4033200000E+01  2.1530126434E-13 -1.8981514912E-13
  6.4310700000E+01  1.7852983616E-13 -1.0562292157E-13
  6.4588800000E+01  1.4187486526E-13 -2.2591537017E-14
  6.4867500000E+01  1.0543567803E-13  5.9073061530E-14
  6.5146800000E+01  6.9309425937E-14  1.3917194614E-13
  6.5426700000E+01  3.3590857467E-14  2.1751361869E-13
  6.5707200000E+01 -1.6279000686E-15  2.9391439988E-13
  6.5988300000E+01 -3.6257548485E-14  3.6819879208E-13
  6.6270000000E+01 -7.0211816012E-14  4.4019981524E-13
  6.6552300000E+01 -1.0340764355E-13  5.0975931559E-13
  6.6835200000E+01 -1.3576535960E-13  5.7672824654E-13
  6.7118700000E+01 -1.6720884346E-13  6.4096692164E-13
  6.7402800000E+01 -1.9766567660E-13  7.0234523913E-13
  6.7687500000E+01 -2.2706728181E-13  7.6074287811E-13
  6.7972800000E+01 -2.5534905002E-13  8.1604946616E-13
  6.8258700000E+01 -2.8245045465E-13  8.6816471827E-13
  6.8545200000E+01 -3.0831515326E-13  9.1699854731E-13
  6.8832300000E+01 -3.3289107659E-13  9.6247114606E-13
  6.9120000000E+01 -3.5613050470E-13  1.0045130410E-12
  6.9408300000E+01 -3.7799013043E-13  1.0430651181E-12
  6.9697200000E+01 -3.9843110999E-13  1.0780786211E-12
  6.9986700000E+01 -4.1741910091E-13  1.1095151225E-12
  7.0276800000E+01 -4.3492428726E-13  1.1373464673E-12
  7.0567500000E+01 -4.5092139237E-13  1.1615546917E-12
  7.0858800000E+01 -4.6538967914E-13  1.1821319148E-12
  7.1150700000E+01 -4.7831293815E-13  1.1990802059E-12
  7.1443200000E+01 -4.8967946376E-13  1.2124114276E-12
  7.1736300000E+01 -4.9948201835E-13  1.2221470552E-12
  7.2030000000E+01 -5.0771778518E-13  1.2283179730E-12
  7.2324300000E+01 -5.1438830986E-13  1.2309642494E-12
  7.2619200000E+01 -5.1949943103E-13  1.2301348902E-12
  7.2914700000E+01 -5.2306120042E-13  1.2258875725E-12
  7.3210800000E+01 -5.2508779264E-13  1.2182883593E-12
  7.3507500000E+01 -5.2559740520E-13  1.2074113956E-12
  7.3804800000E+01 -5.2461214912E-13  1.1933385880E-12
  7.4102700000E+01 -5.2215793044E-13  1.1761592685E-12
  7.4401200000E+01 -5.1826432329E-13  1.1559698427E-12
  7.4700300000E+01 -5.1296443478E-13  1.1328734250E-12
  7.5000000000E+01 -5.0629476229E-13  1.1069794611E-12
  7.5300300000E+01 -4.9829504363E-13  1.0784033387E-12
  7.5601200000E+01 -4.8900810055E-13  1.0472659887E-12
  7.5902700000E+01 -4.7847967616E-13  1.0136934765E-12
  7.6204800000E+01 -4.6675826670E-13  9.7781658665E-13
  7.6507500000E+01 -4.5389494829E-13  9.3977039969E-13
  7.6810800000E+01 -4.3994319913E-13  8.9969386442E-13
  7.7114700000E+01 -4.2495871767E-13  8.5772936566E-13
  7.7419200000E+01 -4.0899923737E-13  8.1402228905E-13
  7.7724300000E+01 -3.9212433856E-13  7.6872058408E-13
  7.8030000000E+01 -3.7439525792E-13  7.2197432650E-13
  7.8336300000E+01 -3.5587469616E-13  6.7393528124E-13
  7.8643200000E+01 -3.3662662444E-13  6.2475646710E-13
  7.8950700000E+01 -3.1671609004E-13  5.7459172418E-13
  7.9258800000E+01 -2.9620902187E-13  5.2359528535E-13
  7.9567500000E+01 -2.7517203626E-13  4.7192135260E-13
  7.9876800000E+01 -2.5367224368E-13  4.1972367963E-13
  8.0186700000E+01 -2.3177705677E-13  3.6715516138E-13
  8.0497200000E+01 -2.0955400023E-13  3.1436743178E-13
  8.0808300000E+01 -1.8707052312E-13  2.6151047047E-13
  8.1120000000E+01 -1.6439381390E-13  2.0873221955E-13
  8.1432300000E+01 -1.4159061886E-13  1.5617821115E-13
  8.1745200000E+01 -1.1872706421E-13  1.0399120670E-13
  8.2058700000E+01 -9.5868482409E-14  5.2310848746E-14
  8.2372800000E+01 -7.3079242993E-14  1.2733260214E-15
  8.2687500000E+01 -5.0422588467E-14 -4.8988947556E-14
  8.3002800000E+01 -2.7960475508E-14 -9.8347639181E-14
  8.3318700000E+01 -5.7534218969E-15 -1.4667878822E-13
  8.3635200000E+01  1.6139640488E-14 -1.9386308143E-13
  8.3952300000E+01  3.7661506313E-14 -2.3978611181E-13
  8.4270000000E+01  5.8756830752E-14 -2.8433862066E-13
  8.4588300000E+01  7.9372256510E-14 -3.2741672231E-13
  8.4907200000E+01  9.9456533650E-14 -3.6892211130E-13
  8.5226700000E+01  1.1896063199E-13 -4.0876225161E-13
  8.5546800000E+01  1.3783784585E-13 -4.4685054762E-13
  8.5867500000E+01  1.5604389104E-13 -4.8310649673E-13
  8.6188800000E+01  1.7353699379E-13 -5.1745582334E-13
  8.6510700000E+01  1.9027797161E-13 -5.4983059414E-13
  8.6833200000E+01  2.0623030595E-13 -5.8016931467E-13
  8.7156300000E+01  2.2136020648E-13 -6.0841700705E-13
  8.7480000000E+01  2.3563666704E-13 -6.3452526906E-13
  8.7804300000E+01  2.4903151318E-13 -6.5845231454E-13
  8.8129200000E+01  2.6151944118E-13 -6.8016299524E-13
  8.8454700000E+01  2.7307804873E-13 -6.9962880447E-13
  8.8780800000E+01  2.8368785715E-13 -7.1682786257E-13
  8.9107500000E+01  2.9333232526E-13 -7.3174488458E-13
  8.9434800000E+01  3.0199785496E-13 -7.4437113050E-13
  8.9762700000E+01  3.0967378864E-13 -7.5470433835E-13
  9.0091200000E+01  3.1635239849E-13 -7.6274864056E-13
  9.0420300000E+01  3.2202886785E-13 -7.6851446405E-13
  9.0750000000E+01  3.2670126484E-13 -7.7201841457E-13
  9.1080300000E+01  3.3037050829E-13 -7.7328314572E-13
  9.1411200000E+01  3.3304032631E-13 -7.7233721333E-13
  9.1742700000E+01  3.3471720763E-13 -7.6921491559E-13
  9.2074800000E+01  3.3541034595E-13 -7.6395611979E-13
  9.2407500000E+01  3.3513157754E-13 -7.5660607611E-13
  9.2740800000E+01  3.3389531240E-13 -7.4721521923E-13
  9.3074700000E+01  3.3171845917E-13 -7.3583895846E-13
  9.3409200000E+01  3.2862034412E-13 -7.2253745704E-13
  9.3744300000E+01  3.2462262456E-13 -7.0737540141E-13
  9.4080000000E+01  3.1974919686E-13 -6.9042176122E-13
  9.4416300000E+01  3.1402609956E-13 -6.7174954075E-13
  9.4753200000E+01  3.0748141177E-13 -6.5143552264E-13
  9.5090700000E+01  3.0014514726E-13 -6.2956000463E-13
  9.5428800000E+01  2.9204914459E-13 -6.0620653023E-13
  9.5767500000E+01  2.8322695358E-13 -5.8146161397E-13
  9.6106800000E+01  2.7371371856E-13 -5.5541446218E-13
  9.6446700000E+01  2.6354605871E-13 -5.2815669010E-13
  9.6787200000E+01  2.5276194584E-13 -4.9978203601E-13
  9.7128300000E+01  2.4140058004E-13 -4.7038607340E-13
  9.7470000000E+01  2.2950226355E-13 -4.4006592179E-13
  9.7812300000E+01  2.1710827314E-13 -4.0891995716E-13
  9.8155200000E+01  2.0426073150E-13 -3.7704752262E-13
  9.8498700000E+01  1.9100247793E-13 -3.4454864036E-13
  9.8842800000E+01  1.7737693871E-13 -3.1152372530E-13
  9.9187500000E+01  1.6342799751E-13 -2.7807330151E-13
  9.9532800000E+01  1.4919986620E-13 -2.4429772200E-13
  9.9878700000E+01  1.3473695642E-13 -2.1029689257E-13
  1.0022520000E+02  1.2008375222E-13 -1.7617000052E-13
  1.0057230000E+02  1.0528468421E-13 -1.4201524879E-13
  1.0092000000E+02  9.0384005389E-14 -1.0792959633E-13
  1.0126830000E+02  7.5425669108E-14 -7.4008505154E-14
  1.0161720000E+02  6.0453209428E-14 -4.0345694829E-14
  1.0196670000E+02  4.5509624173E-14 -7.0329049229E-15
  1.0231680000E+02  3.0637260975E-14  2.5840334056E-14
  1.0266750000E+02  1.5877706586E-14  5.8186920676E-14
  1.0301880000E+02  1.2716797285E-15  8.9922393085E-14
  1.0337070000E+02 -1.3141072271E-14  1.2096512953E-13
  1.0372320000E+02 -2.7321872821E-14  1.5123653850E-13
  1.0407630000E+02 -4.1233211146E-14  1.8066123803E-13
  1.0443000000E+02 -5.4838832917E-14  2.0916722388E-13
  1.0478430000E+02 -6.8103826208E-14  2.3668602629E-13
  1.0513920000E+02 -8.0994702624E-14  2.6315285489E-13
  1.0549470000E+02 -9.3479473417E-14  2.8850673163E-13
  1.0585080000E+02 -1.0552772045E-13  3.1269061152E-13
  1.0620750000E+02 -1.1711066187E-13  3.3565149093E-13
  1.0656480000E+02 -1.2820121238E-13  3.5734050333E-13
  1.0692270000E+02 -1.3877403800E-13  3.7771300239E-13
  1.0728120000E+02 -1.4880560524E-13  3.9672863233E-13
  1.0764030000E+02 -1.5827422461E-13  4.1435138551E-13
  1.0800000000E+02 -1.6716008842E-13  4.3054964729E-13
  1.0836030000E+02 -1.7544530281E-13  4.4529622805E-13
  1.0872120000E+02 -1.8311391411E-13  4.5856838264E-13
  1.0908270000E+02 -1.9015192926E-13  4.7034781723E-13
  1.0944480000E+02 -1.9654733068E-13  4.8062068369E-13
  1.0980750000E+02 -2.0229008521E-13  4.8937756176E-13
  1.1017080000E+02 -2.0737214755E-13  4.9661342913E-13
  1.1053470000E+02 -2.1178745794E-13  5.0232761967E-13
  1.1089920000E+02 -2.1553193439E-13  5.0652377008E-13
  1.1126430000E+02 -2.1860345938E-13  5.0920975529E-13
  1.1163000000E+02 -2.2100186125E-13  5.1039761279E-13
  1.1199630000E+02 -2.2272889033E-13  5.1010345648E-13
  1.1236320000E+02 -2.2378818998E-13  5.0834738006E-13
  1.1273070000E+02 -2.2418526263E-13  5.0515335073E-13
  1.1309880000E+02 -2.2392743106E-13  5.0054909324E-13
  1.1346750000E+02 -2.2302379498E-13  4.9456596510E-13
  1.1383680000E+02 -2.2148518317E-13  4.8723882306E-13
  1.1420670000E+02 -2.1932410135E-13  4.7860588155E-13
  1.1457720000E+02 -2.1655467593E-13  4.6870856351E-13
  1.1494830000E+02 -2.1319259390E-13  4.5759134406E-13
  1.1532000000E+02 -2.0925503910E-13  4.4530158766E-13
  1.1569230000E+02 -2.0476062494E-13  4.3188937912E-13
  1.1606520000E+02 -1.9972932404E-13  4.1740734909E-13
  1.1643870000E+02 -1.9418239479E-13  4.0191049467E-13
  1.1681280000E+02 -1.8814230520E-13  3.8545599547E-13
  1.1718750000E+02 -1.8163265431E-13  3.6810302589E-13
  1.1756280000E+02 -1.7467809130E-13  3.4991256410E-13
  1.1793870000E+02 -1.6730423262E-13  3.3094719828E-13
  1.1831520000E+02 -1.5953757741E-13  3.1127093072E-13
  1.1869230000E+02 -1.5140542144E-13  2.9094898029E-13
  1.1907000000E+02 -1.4293576982E-13  2.7004758401E-13
  1.1944830000E+02 -1.3415724877E-13  2.4863379801E-13
  1.1982720000E+02 -1.2509901669E-13  2.2677529871E-13
  1.2020670000E+02 -1.1579067475E-13  2.0454018458E-13
  1.2058680000E+02 -1.0626217738E-13  1.8199677916E-13
  1.2096750000E+02 -9.6543742756E-14  1.5921343578E-13
  1.2134880000E+02 -8.6665763617E-14  1.3625834448E-13
  1.2173070000E+02 -7.6658718678E-14  1.1319934181E-13
  1.2211320000E+02 -6.6553084830E-14  9.0103723777E-14
  1.2249630000E+02 -5.6379250388E-14  6.7038062596E-14
  1.2288000000E+02 -4.6167429621E-14  4.4068027630E-14
  1.2326430000E+02 -3.5947578784E-14  2.1258210989E-14
  1.2364920000E+02 -2.5749313865E-14 -1.3280417854E-15
  1.2403470000E+02 -1.5601830277E-14 -2.3628795529E-14
  1.2442080000E+02 -5.5338246761E-15 -4.5583683376E-14
  1.2480750000E+02  4.4265808832E-15 -6.7134058410E-14
  1.2519480000E+02  1.4251912278E-14 -8.8223138708E-14
  1.2558270000E+02  2.3915413949E-14 -1.0879614543E-13
  1.2597120000E+02  3.3391116670E-14 -1.2880043369E-13
  1.2636030000E+02  4.2653902295E-14 -1.4818561582E-13
  1.2675000000E+02  5.1679565341E-14 -1.6690367700E-13
  1.2714030000E+02  6.0444871258E-14 -1.8490908265E-13
  1.2753120000E+02  6.8927611274E-14 -2.0215887784E-13
  1.2792270000E+02  7.7106653685E-14 -2.1861277809E-13
  1.2831480000E+02  8.4961991500E-14 -2.3423325169E-13
  1.2870750000E+02  9.2474786342E-14 -2.4898559336E-13
  1.2910080000E+02  9.9627408516E-14 -2.6283798899E-13
  1.2949470000E+02  1.0640347319E-13 -2.7576157162E-13
  1.2988920000E+02  1.1278787262E-13 -2.8773046838E-13
  1.3028430000E+02  1.1876680439E-13 -2.9872183852E-13
  1.3068000000E+02  1.2432779558E-13 -3.0871590246E-13
  1.3107630000E+02  1.2945972294E-13 -3.1769596182E-13
  1.3147320000E+02  1.3415282894E-13 -3.2564841067E-13
  1.3187070000E+02  1.3839873377E-13 -3.3256273778E-13
  1.3226880000E+02  1.4219044335E-13 -3.3843152030E-13
  1.3266750000E+02  1.4552235317E-13 -3.4325040864E-13
  1.3306680000E+02  1.4839024829E-13 -3.4701810300E-13
  1.3346670000E+02  1.5079129929E-13 -3.4973632148E-13
  1.3386720000E+02  1.5272405433E-13 -3.5140976009E-13
  1.3426830000E+02  1.5418842747E-13 -3.5204604483E-13
  1.3467000000E+02  1.5518568309E-13 -3.5165567602E-13
  1.3507230000E+02  1.5571841677E-13 -3.5025196516E-13
  1.3547520000E+02  1.5579053255E-13 -3.4785096458E-13
  1.3587870000E+02  1.5540721674E-13 -3.4447139019E-13
  1.3628280000E+02  1.5457490829E-13 -3.4013453756E-13
  1.3668750000E+02  1.5330126610E-13 -3.3486419161E-13
  1.3709280000E+02  1.5159513304E-13 -3.2868653042E-13
  1.3749870000E+02  1.4946649712E-13 -3.2163002325E-13
  1.3790520000E+02  1.4692644978E-13 -3.1372532334E-13
  1.3831230000E+02  1.4398714156E-13 -3.0500515564E-13
  1.3872000000E+02  1.4066173517E-13 -2.9550420003E-13
  1.3912830000E+02  1.3696435627E-13 -2.8525897034E-13
  1.3953720000E+02  1.3291004199E-13 -2.7430768945E-13
  1.3994670000E+02  1.2851468752E-13 -2.6269016109E-13
  1.4035680000E+02  1.2379499077E-13 -2.5044763847E-13
  1.4076750000E+02  1.1876839535E-13 -2.3762269039E-13
  1.4117880000E+02  1.1345303213E-13 -2.2425906509E-13
  1.4159070000E+02  1.0786765944E-13 -2.1040155224E-13
  1.4200320000E+02  1.0203160214E-13 -1.9609584360E-13
  1.4241630000E+02  9.5964689770E-14 -1.8138839260E-13
  1.4283000000E+02  8.9687193929E-14 -1.6632627341E-13
  1.4324430000E+02  8.3219765099E-14 -1.5095703974E-13
  1.4365920000E+02  7.6583369076E-14 -1.3532858387E-13
  1.4407470000E+02  6.9799223203E-14 -1.1948899636E-13
  1.4449080000E+02  6.2888732594E-14 -1.0348642662E-13
  1.4490750000E+02  5.5873426513E-14 -8.7368944970E-14
  1.4532480000E+02  4.8774895112E-14 -7.1184406391E-14
  1.4574270000E+02  4.1614726680E-14 -5.4980316394E-14
  1.4616120000E+02  3.4414445588E-14 -3.8803699382E-14
  1.4658030000E+02  2.7195451101E-14 -2.2700969804E-14
  1.4700000000E+02  1.9978957215E-14 -6.7178064670E-15
  1.4742030000E+02  1.2785933680E-14  9.1009696855E-15
  1.4784120000E+02  5.6370483686E-15  2.4711514024E-14
  1.4826270000E+02 -1.4473888620E-15  4.0071072610E-14
  1.4868480000E+02 -8.4474806760E-15  5.5138092223E-14
  1.4910750000E+02 -1.5343794988E-14  6.9872325782E-14
  1.4953080000E+02 -2.2117415788E-14  8.4234932898E-14
  1.4995470000E+02 -2.8749991937E-14  9.8188575344E-14
  1.5037920000E+02 -3.5223783817E-14  1.1169750720E-13
  1.5080430000E+02 -4.1521707724E-14  1.2472765953E-13
  1.5123000000E+02 -4.7627377901E-14  1.3724671930E-13
  1.5165630000E+02 -5.3525146119E-14  1.4922420254E-13
  1.5208320000E+02 -5.9200138719E-14  1.6063152144E-13
  1.5251070000E+02 -6.4638291033E-14  1.7144204537E-13
  1.5293880000E+02 -6.9826379116E-14  1.8163115563E-13
  1.5336750000E+02 -7.4752048728E-14  1.9117629394E-13
  1.5379680000E+02 -7.9403841510E-14  2.0005700450E-13
  1.5422670000E+02 -8.3771218314E-14  2.0825496962E-13
  1.5465720000E+02 -8.7844579644E-14  2.1575403890E-13
  1.5508830000E+02 -9.1615283181E-14  2.2254025193E-13
  1.5552000000E+02 -9.5075658383E-14  2.2860185444E-13
  1.5595230000E+02 -9.8219018129E-14  2.3392930810E-13
  1.5638520000E+02 -1.0103966743E-13  2.3851529383E-13
  1.5681870000E+02 -1.0353290919E-13  2.4235470877E-13
  1.5725280000E+02 -1.0569504705E-13  2.4544465697E-13
  1.5768750000E+02 -1.0752338530E-13  2.4778443387E-13
  1.5812280000E+02 -1.0901622599E-13  2.4937550475E-13
  1.5855870000E+02 -1.1017286311E-13  2.5022147713E-13
  1.5899520000E+02 -1.1099357406E-13  2.5032806748E-13
  1.5943230000E+02 -1.1147960834E-13  2.4970306214E-13
  1.5987000000E+02 -1.1163317359E-13  2.4835627284E-13
  1.6030830000E+02 -1.1145741904E-13  2.4629948686E-13
  1.6074720000E+02 -1.1095641636E-13  2.4354641211E-13
  1.6118670000E+02 -1.1013513812E-13  2.4011261728E-13
  1.6162680000E+02 -1.0899943389E-13  2.3601546736E-13
  1.6206750000E+02 -1.0755600406E-13  2.3127405463E-13
  1.6250880000E+02 -1.0581237141E-13  2.2590912550E-13
  1.6295070000E+02 -1.0377685077E-13  2.1994300342E-13
  1.6339320000E+02 -1.0145851656E-13  2.1339950798E-13
  1.6383630000E+02 -9.8867168592E-14  2.0630387073E-13
  1.6428000000E+02 -9.6013296084E-14  1.9868264774E-13
  1.6472430000E+02 -9.2908040088E-14  1.9056362931E-13
  1.6516920000E+02 -8.9563154427E-14  1.8197574713E-13
  1.6561470000E+02 -8.5990965275E-14  1.7294897912E-13
  1.6606080000E+02 -8.2204329505E-14  1.6351425222E-13
  1.6650750000E+02 -7.8216591948E-14  1.5370334362E-13
  1.6695480000E+02 -7.4041541678E-14  1.4354878037E-13
  1.6740270000E+02 -6.9693367481E-14  1.3308373812E-13
  1.6785120000E+02 -6.5186612621E-14  1.2234193885E-13
  1.6830030000E+02 -6.0536129062E-14  1.1135754822E-13
  1.6875000000E+02 -5.5757031264E-14  1.0016507267E-13
  1.6920030000E+02 -5.0864649699E-14  8.8799256616E-14
  1.6965120000E+02 -4.5874484226E-14  7.7294979982E-14
  1.7010270000E+02 -4.0802157446E-14  6.5687156465E-14
  1.7055480000E+02 -3.5663368196E-14  5.4010632705E-14
  1.7100750000E+02 -3.0473845285E-14  4.2300088690E-14
  1.7146080000E+02 -2.5249301623E-14  3.0589939668E-14
  1.7191470000E+02 -2.0005388863E-14  1.8914239809E-14
  1.7236920000E+02 -1.4757652679E-14  7.3065878990E-15
  1.7282430000E+02 -9.5214888123E-15 -4.1999647051E-15
  1.7328000000E+02 -4.3120999864E-15 -1.5573003613E-14
  1.7373630000E+02  8.5554617430E-16 -2.6780838197E-14
  1.7419320000E+02  5.9667581261E-15 -3.7792585432E-14
  1.7465070000E+02  1.1007160174E-14 -4.8578250566E-14
  1.7510880000E+02  1.5962730925E-14 -5.9108804432E-14
  1.7556750000E+02  2.0819840336E-14 -6.9356257195E-14
  1.7602680000E+02  2.5565285246E-14 -7.9293728379E-14
  1.7648670000E+02  3.0186323333E-14 -8.8895513004E-14
  1.7694720000E+02  3.4670705384E-14 -9.8137143678E-14
  1.7740830000E+02  3.9006705830E-14 -1.0699544851E-13
  1.7787000000E+02  4.3183151452E-14 -1.1544860475E-13
  1.7833230000E+02  4.7189448204E-14 -1.2347618793E-13
  1.7879520000E+02  5.1015606106E-14 -1.3105921664E-13
  1.7925870000E+02  5.4652262125E-14 -1.3818019257E-13
  1.7972280000E+02  5.8090701030E-14 -1.4482313598E-13
  1.8018750000E+02  6.1322874164E-14 -1.5097361642E-13
  1.8065280000E+02  6.4341416093E-14 -1.5661877869E-13
  1.8111870000E+02  6.7139659132E-14 -1.6174736403E-13
  1.8158520000E+02  6.9711645689E-14 -1.6634972654E-13
  1.8205230000E+02  7.2052138452E-14 -1.7041784469E-13
  1.8252000000E+02  7.4156628384E-14 -1.7394532823E-13
  1.8298830000E+02  7.6021340526E-14 -1.7692742015E-13
  1.8345720000E+02  7.7643237638E-14 -1.7936099406E-13
  1.8392670000E+02  7.9020021650E-14 -1.8124454687E-13
  1.8439680000E+02  8.0150132977E-14 -1.8257818685E-13
  1.8486750000E+02  8.1032747695E-14 -1.8336361719E-13
  1.8533880000E+02  8.1667772617E-14 -1.8360411518E-13
  1.8581070000E+02  8.2055838310E-14 -1.8330450698E-13
  1.8628320000E+02  8.2198290079E-14 -1.8247113827E-13
  1.8675630000E+02  8.2097176971E-14 -1.8111184077E-13
  1.8723000000E+02  8.1755238861E-14 -1.7923589480E-13
  1.8770430000E+02  8.1175891647E-14 -1.7685398811E-13
  1.8817920000E+02  8.0363210647E-14 -1.7397817098E-13
  1.8865470000E+02  7.9321912246E-14 -1.7062180790E-13
  1.8913080000E+02  7.8057333862E-14 -1.6679952589E-13
  1.8960750000E+02  7.6575412310E-14 -1.6252715975E-13
  1.9008480000E+02  7.4882660647E-14 -1.5782169431E-13
  1.9056270000E+02  7.2986143563E-14 -1.5270120397E-13
  1.9104120000E+02  7.0893451422E-14 -1.4718478968E-13
  1.9152030000E+02  6.8612673028E-14 -1.4129251357E-13
  1.9200000000E+02  6.6152367210E-14 -1.3504533144E-13
  1.9248030000E+02  6.3521533326E-14 -1.2846502337E-13
  1.9296120000E+02  6.0729580765E-14 -1.2157412259E-13
  1.9344270000E+02  5.7786297569E-14 -1.1439584286E-13
  1.9392480000E+02  5.4701818249E-14 -1.0695400466E-13
  1.9440750000E+02  5.1486590911E-14 -9.9272960263E-14
  1.9489080000E+02  4.8151343792E-14 -9.1377518031E-14
  1.9537470000E+02  4.4707051302E-14 -8.3292866153E-14
  1.9585920000E+02  4.1164899678E-14 -7.5044495985E-14
  1.9634430000E+02  3.7536252360E-14 -6.6658125270E-14
  1.9683000000E+02  3.3832615173E-14 -5.8159621442E-14
  1.9731630000E+02  3.0065601445E-14 -4.9574925239E-14
  1.9780320000E+02  2.6246897131E-14 -4.0929974825E-14
  1.9829070000E+02  2.2388226069E-14 -3.2250630662E-14
  1.9877880000E+02  1.8501315458E-14 -2.3562601316E-14
  1.9926750000E+02  1.4597861653E-14 -1.4891370412E-14
  1.9975680000E+02  1.0689496368E-14 -6.2621249377E-15
  2.0024670000E+02  6.7877534059E-15  2.3003149125E-15
  2.0073720000E+02  2.9040359694E-15  1.0771564168E-14
  2.0122830000E+02 -9.5041532543E-16  1.9127739601E-14
  2.0172000000E+02 -4.7645536667E-15  2.7345524171E-14
  2.0221230000E+02 -8.5275564036E-15  3.5402229213E-14
  2.0270520000E+02 -1.2228854466E-14  4.3275854227E-14
  2.0319870000E+02 -1.5858160771E-14  5.0945144115E-14
  2.0369280000E+02 -1.9405497537E-14  5.8389643714E-14
  2.0418750000E+02 -2.2861222449E-14  6.5589749515E-14
  2.0468280000E+02 -2.6216053601E-14  7.2526758419E-14
  2.0517870000E+02 -2.9461093150E-14  7.9182913442E-14
  2.0567520000E+02 -3.2587849644E-14  8.5541446252E-14
  2.0617230000E+02 -3.5588258947E-14  9.1586616443E-14
  2.0667000000E+02 -3.8454703736E-14  9.7303747476E-14
  2.0716830000E+02 -4.1180031512E-14  1.0267925920E-13
  2.0766720000E+02 -4.3757571089E-14  1.0770069691E-13
  2.0816670000E+02 -4.6181147538E-14  1.1235675685E-13
  2.0866680000E+02 -4.8445095541E-14  1.1663730819E-13
  2.0916750000E+02 -5.0544271140E-14  1.2053341137E-13
  2.0966880000E+02 -5.2474061867E-14  1.2403733285E-13
  2.1017070000E+02 -5.4230395226E-14  1.2714255622E-13
  2.1067320000E+02 -5.5809745529E-14  1.2984378967E-13
  2.1117630000E+02 -5.7209139081E-14  1.3213696990E-13
  2.1168000000E+02 -5.8426157709E-14  1.3401926239E-13
  2.1218430000E+02 -5.9458940636E-14  1.3548905812E-13
  2.1268920000E+02 -6.0306184732E-14  1.3654596677E-13
  2.1319470000E+02 -6.0967143121E-14  1.3719080650E-13
  2.1370080000E+02 -6.1441622196E-14  1.3742559025E-13
  2.1420750000E+02 -6.1729977046E-14  1.3725350877E-13
  2.1471480000E+02 -6.1833105331E-14  1.3667891039E-13
  2.1522270000E+02 -6.1752439628E-14  1.3570727756E-13
  2.1573120000E+02 -6.1489938298E-14  1.3434520041E-13
  2.1624030000E+02 -6.1048074900E-14  1.3260034731E-13
  2.1675000000E+02 -6.0429826208E-14  1.3048143253E-13
  2.1726030000E+02 -5.9638658864E-14  1.2799818125E-13
  2.1777120000E+02 -5.8678514739E-14  1.2516129190E-13
  2.1828270000E+02 -5.7553795030E-14  1.2198239606E-13
  2.1879480000E+02 -5.6269343175E-14  1.1847401600E-13
  2.1930750000E+02 -5.4830426630E-14  1.1464952004E-13
  2.1982080000E+02 -5.3242717579E-14  1.1052307584E-13
  2.2033470000E+02 -5.1512272641E-14  1.0610960185E-13
  2.2084920000E+02 -4.9645511638E-14  1.0142471700E-13
  2.2136430000E+02 -4.7649195502E-14  9.6484688779E-14
  2.2188000000E+02 -4.5530403387E-14  9.1306379952E-14
  2.2239630000E+02 -4.3296509057E-14  8.5907194040E-14
  2.2291320000E+02 -4.0955156635E-14  8.0305019690E-14
  2.2343070000E+02 -3.8514235780E-14  7.4518174167E-14
  2.2394880000E+02 -3.5981856371E-14  6.8565346106E-14
  2.2446750000E+02 -3.3366322781E-14  6.2465537704E-14
  2.2498680000E+02 -3.0676107813E-14  5.6238006532E-14
  2.2550670000E+02 -2.7919826381E-14  4.9902207118E-14
  2.2602720000E+02 -2.5106209011E-14  4.3477732498E-14
  2.2654830000E+02 -2.2244075248E-14  3.6984255884E-14
  2.2707000000E+02 -1.9342307034E-14  3.0441472621E-14
  2.2759230000E+02 -1.6409822147E-14  2.3869042613E-14
  2.2811520000E+02 -1.3455547777E-14  1.7286533355E-14
  2.2863870000E+02 -1.0488394302E-14  1.0713363752E-14
  2.2916280000E+02 -7.5172293564E-15  4.1687488723E-15
  2.2968750000E+02 -4.5508522469E-15 -2.3283542180E-15
  2.3021280000E+02 -1.5979688028E-15 -8.7592993824E-15
  2.3073870000E+02  1.3328332816E-15 -1.5105802969E-14
  2.3126520000E+02  4.2331085374E-15 -2.1349993852E-14
  2.3179230000E+02  7.0945771858E-15 -2.7474461826E-14
  2.3232000000E+02  9.9091479080E-15 -3.3462304240E-14
  2.3284830000E+02  1.2668939865E-14 -3.9297170730E-14
  2.3337720000E+02  1.5366303906E-14 -4.4963305962E-14
  2.3390670000E+02  1.7993842918E-14 -5.0445590256E-14
  2.3443680000E+02  2.0544431251E-14 -5.5729578011E-14
  2.3496750000E+02  2.3011233187E-14 -6.0801533827E-14
  2.3549880000E+02  2.5387720397E-14 -6.5648466244E-14
  2.3603070000E+02  2.7667688346E-14 -7.0258159022E-14
  2.3656320000E+02  2.9845271607E-14 -7.4619199888E-14
  2.3709630000E+02  3.1914958055E-14 -7.8721006700E-14
  2.3763000000E+02  3.3871601894E-14 -8.2553850953E-14
  2.3816430000E+02  3.5710435516E-14 -8.6108878615E-14
  2.3869920000E+02  3.7427080133E-14 -8.9378128219E-14
  2.3923470000E+02  3.9017555195E-14 -9.2354546210E-14
  2.3977080000E+02  4.0478286553E-14 -9.5031999519E-14
  2.4030750000E+02  4.1806113365E-14 -9.7405285338E-14
  2.4084480000E+02  4.2998293739E-14 -9.9470138120E-14
  2.4138270000E+02  4.4052509097E-14 -1.0122323377E-13
  2.4192120000E+02  4.4966867263E-14 -1.0266219109E-13
  2.4246030000E+02  4.5739904285E-14 -1.0378557041E-13
  2.4300000000E+02  4.6370584980E-14 -1.0459286960E-13
  2.4354030000E+02  4.6858302229E-14 -1.0508451724E-13
  2.4408120000E+02  4.7202875023E-14 -1.0526186328E-13
  2.4462270000E+02  4.7404545279E-14 -1.0512716699E-13
  2.4516480000E+02  4.7463973451E-14 -1.0468358248E-13
  2.4570750000E+02  4.7382232948E-14 -1.0393514159E-13
  2.4625080000E+02  4.7160803402E-14 -1.0288673455E-13
  2.4679470000E+02  4.6801562799E-14 -1.0154408813E-13
  2.4733920000E+02  4.6306778515E-14 -9.9913741700E-14
  2.4788430000E+02  4.5679097291E-14 -9.8003021021E-14
  2.4843000000E+02  4.4921534181E-14 -9.5820010019E-14
  2.4897630000E+02  4.4037460523E-14 -9.3373520583E-14
  2.4952320000E+02  4.3030590968E-14 -9.0673060507E-14
  2.5007070000E+02  4.1904969612E-14 -8.7728799674E-14
  2.5061880000E+02  4.0664955292E-14 -8.4551534606E-14
  2.5116750000E+02  3.9315206075E-14 -8.1152651486E-14
  2.5171680000E+02  3.7860663017E-14 -7.7544087790E-14
  2.5226670000E+02  3.6306533219E-14 -7.3738292624E-14
  2.5281720000E+02  3.4658272259E-14 -6.9748185928E-14
  2.5336830000E+02  3.2921566044E-14 -6.5587116637E-14
  2.5392000000E+02  3.1102312136E-14 -6.1268819967E-14
  2.5447230000E+02  2.9206600627E-14 -5.6807373921E-14
  2.5502520000E+02  2.7240694604E-14 -5.2217155180E-14
  2.5557870000E+02  2.5211010280E-14 -4.7512794491E-14
  2.5613280000E+02  2.3124096841E-14 -4.2709131695E-14
  2.5668750000E+02  2.0986616074E-14 -3.7821170528E-14
  2.5724280000E+02  1.8805321840E-14 -3.2864033321E-14
  2.5779870000E+02  1.6587039449E-14 -2.7852915750E-14
  2.5835520000E+02  1.4338645003E-14 -2.2803041741E-14
  2.5891230000E+02  1.2067044756E-14 -1.7729618683E-14
  2.5947000000E+02  9.7791545691E-15 -1.2647793065E-14
  2.6002830000E+02  7.4818795078E-15 -7.5726066633E-15
  2.6058720000E+02  5.1820936377E-15 -2.5189534016E-15
  2.6114670000E+02  2.8866200853E-15  2.4984629871E-15
  2.6170680000E+02  6.0221141395E-16  7.4651703968E-15
  2.6226750000E+02 -1.6644696285E-15  1.2366968754E-14
  2.6282880000E+02 -3.9068689398E-15  1.7189969294E-14
  2.6339070000E+02 -6.1185594137E-15  2.1920632597E-14
  2.6395320000E+02 -8.2932587698E-15  2.6545805293E-14
  2.6451630000E+02 -1.0424846805E-14  3.1052755318E-14
  2.6508000000E+02 -1.2507382031E-14  3.5429205663E-14
  2.6564430000E+02 -1.4535117645E-14  3.9663366502E-14
  2.6620920000E+02 -1.6502516801E-14  4.3743965633E-14
  2.6677470000E+02 -1.8404267133E-14  4.7660277152E-14
  2.6734080000E+02 -2.0235294507E-14  5.1402148299E-14
  2.6790750000E+02 -2.1990775956E-14  5.4960024398E-14
  2.6847480000E+02 -2.3666151767E-14  5.8324971851E-14
  2.6904270000E+02 -2.5257136707E-14  6.1488699124E-14
  2.6961120000E+02 -2.6759730342E-14  6.4443575685E-14
  2.7018030000E+02 -2.8170226439E-14  6.7182648850E-14
  2.7075000000E+02 -2.9485221428E-14  6.9699658518E-14
  2.7132030000E+02 -3.0701621903E-14  7.1989049752E-14
  2.7189120000E+02 -3.1816651159E-14  7.4045983200E-14
  2.7246270000E+02 -3.2827854735E-14  7.5866343339E-14
  2.7303480000E+02 -3.3733104979E-14  7.7446744540E-14
  2.7360750000E+02 -3.4530604606E-14  7.8784534939E-14
  2.7418080000E+02 -3.5218889261E-14  7.9877798143E-14
  2.7475470000E+02 -3.5796829090E-14  8.0725352766E-14
  2.7532920000E+02 -3.6263629304E-14  8.1326749825E-14
  2.7590430000E+02 -3.6618829770E-14  8.1682268010E-14
  2.7648000000E+02 -3.6862303612E-14  8.1792906875E-14
  2.7705630000E+02 -3.6994254847E-14  8.1660377965E-14
  2.7763320000E+02 -3.7015215077E-14  8.1287093946E-14
  2.7821070000E+02 -3.6926039236E-14  8.0676155766E-14
  2.7878880000E+02 -3.6727900431E-14  7.9831337908E-14
  2.7936750000E+02 -3.6422283883E-14  7.8757071801E-14
  2.7994680000E+02 -3.6010980009E-14  7.7458427435E-14
  2.8052670000E+02 -3.5496076659E-14  7.5941093264E-14
  2.8110720000E+02 -3.4879950544E-14  7.4211354465E-14
  2.8168830000E+02 -3.4165257881E-14  7.2276069616E-14
  2.8227000000E+02 -3.3354924308E-14  7.0142645907E-14
  2.8285230000E+02 -3.2452134066E-14  6.7819012923E-14
  2.8343520000E+02 -3.1460318530E-14  6.5313595127E-14
  2.8401870000E+02 -3.0383144094E-14  6.2635283114E-14
  2.8460280000E+02 -2.9224499470E-14  5.9793403730E-14
  2.8518750000E+02 -2.7988482431E-14  5.6797689155E-14
  2.8577280000E+02 -2.6679386052E-14  5.3658245057E-14
  2.8635870000E+02 -2.5301684485E-14  5.0385517897E-14
  2.8694520000E+02 -2.3860018313E-14  4.6990261511E-14
  2.8753230000E+02 -2.2359179540E-14  4.3483503055E-14
  2.8812000000E+02 -2.0804096251E-14  3.9876508423E-14
  2.8870830000E+02 -1.9199816995E-14  3.6180747246E-14
  2.8929720000E+02 -1.7551494941E-14  3.2407857573E-14
  2.8988670000E+02 -1.5864371854E-14  2.8569610346E-14
  2.9047680000E+02 -1.4143761932E-14  2.4677873760E-14
  2.9106750000E+02 -1.2395035570E-14  2.0744577635E-14
  2.9165880000E+02 -1.0623603076E-14  1.6781677886E-14
  2.9225070000E+02 -8.8348984101E-15  1.2801121197E-14
  2.9284320000E+02 -7.0343629759E-15  8.8148100089E-15
  2.9343630000E+02 -5.2274295210E-15  4.8345679129E-15
  2.9403000000E+02 -3.4195061930E-15  8.7210555271E-16
  2.9462430000E+02 -1.6159607898E-15 -3.0610128779E-15
  2.9521920000E+02  1.7789474244E-16 -6.9534024347E-15
  2.9581470000E+02  1.9568195276E-15 -1.0793889444E-14
  2.9641080000E+02  3.7156586465E-15 -1.4571542645E-14
  2.9700750000E+02  5.4493576555E-15 -1.8275703384E-14
  2.9760480000E+02  7.1529766933E-15 -2.1896014760E-14
  2.9820270000E+02  8.8217041400E-15 -2.5422449666E-14
  2.9880120000E+02  1.0450869793E-14 -2.8845337636E-14
  2.9940030000E+02  1.2035957522E-14 -3.2155390443E-14
  3.0000000000E+02  1.3572617370E-14 -3.5343726359E-14
