  -4.00000000000000        1.74615089680844     
  -3.99000000022352        1.74357032104751     
  -3.98000000044703        1.74098626018721     
  -3.97000000067055        1.73839869982272     
  -3.96000000089407        1.73580762544777     
  -3.95000000111759        1.73321302245361     
  -3.94000000134110        1.73061487612788     
  -3.93000000156462        1.72801317165372     
  -3.92000000178814        1.72540789410860     
  -3.91000000201166        1.72279902846324     
  -3.90000000223517        1.72018655958055     
  -3.89000000245869        1.71757047221450     
  -3.88000000268221        1.71495075100900     
  -3.87000000290573        1.71232738049676     
  -3.86000000312924        1.70970034509811     
  -3.85000000335276        1.70706962911991     
  -3.84000000357628        1.70443521675424     
  -3.83000000379980        1.70179709207733     
  -3.82000000402331        1.69915523904818     
  -3.81000000424683        1.69650964150750     
  -3.80000000447035        1.69386028317631     
  -3.79000000469387        1.69120714765474     
  -3.78000000491738        1.68855021842074     
  -3.77000000514090        1.68588947882873     
  -3.76000000536442        1.68322491210831     
  -3.75000000558794        1.68055650136292     
  -3.74000000581145        1.67788422956845     
  -3.73000000603497        1.67520807957185     
  -3.72000000625849        1.67252803408974     
  -3.71000000648201        1.66984407570703     
  -3.70000000670552        1.66715618687535     
  -3.69000000692904        1.66446434991178     
  -3.68000000715256        1.66176854699713     
  -3.67000000737607        1.65906876017463     
  -3.66000000759959        1.65636497134827     
  -3.65000000782311        1.65365716228134     
  -3.64000000804663        1.65094531459481     
  -3.63000000827014        1.64822940976568     
  -3.62000000849366        1.64550942912547     
  -3.61000000871718        1.64278535385846     
  -3.60000000894070        1.64005716500012     
  -3.59000000916421        1.63732484343535     
  -3.58000000938773        1.63458836989671     
  -3.57000000961125        1.63184772496283     
  -3.56000000983477        1.62910288905645     
  -3.55000001005828        1.62635384244280     
  -3.54000001028180        1.62360056522756     
  -3.53000001050532        1.62084303735522     
  -3.52000001072884        1.61808123860706     
  -3.51000001095235        1.61531514859926     
  -3.50000001117587        1.61254474678094     
  -3.49000001139939        1.60977001243227     
  -3.48000001162291        1.60699092466235     
  -3.47000001184642        1.60420746240724     
  -3.46000001206994        1.60141960442788     
  -3.45000001229346        1.59862732930800     
  -3.44000001251698        1.59583061545195     
  -3.43000001274049        1.59302944108250     
  -3.42000001296401        1.59022378423879     
  -3.41000001318753        1.58741362277389     
  -3.40000001341105        1.58459893435268     
  -3.39000001363456        1.58177969644945     
  -3.38000001385808        1.57895588634555     
  -3.37000001408160        1.57612748112706     
  -3.36000001430511        1.57329445768234     
  -3.35000001452863        1.57045679269953     
  -3.34000001475215        1.56761446266410     
  -3.33000001497567        1.56476744385618     
  -3.32000001519918        1.56191571234813     
  -3.31000001542270        1.55905924400182     
  -3.30000001564622        1.55619801446593     
  -3.29000001586974        1.55333199917327     
  -3.28000001609325        1.55046117333797     
  -3.27000001631677        1.54758551195273     
  -3.26000001654029        1.54470498978583     
  -3.25000001676381        1.54181958137836     
  -3.24000001698732        1.53892926104118     
  -3.23000001721084        1.53603400285185     
  -3.22000001743436        1.53313378065172     
  -3.21000001765788        1.53022856804262     
  -3.20000001788139        1.52731833838380     
  -3.19000001810491        1.52440306478872     
  -3.18000001832843        1.52148272012160     
  -3.17000001855195        1.51855727699428     
  -3.16000001877546        1.51562670776269     
  -3.15000001899898        1.51269098452337     
  -3.14000001922250        1.50975007911001     
  -3.13000001944602        1.50680396308981     
  -3.12000001966953        1.50385260775984     
  -3.11000001989305        1.50089598414326     
  -3.10000002011657        1.49793406298566     
  -3.09000002034009        1.49496681475100     
  -3.08000002056360        1.49199420961787     
  -3.07000002078712        1.48901621747531     
  -3.06000002101064        1.48603280791891     
  -3.05000002123415        1.48304395024648     
  -3.04000002145767        1.48004961345388     
  -3.03000002168119        1.47704976623075     
  -3.02000002190471        1.47404437695610     
  -3.01000002212822        1.47103341369369     
  -3.00000002235174        1.46801684418768     
  -2.99000002257526        1.46499463585781     
  -2.98000002279878        1.46196675579473     
  -2.97000002302229        1.45893317075513     
  -2.96000002324581        1.45589384715683     
  -2.95000002346933        1.45284875107375     
  -2.94000002369285        1.44979784823080     
  -2.93000002391636        1.44674110399861     
  -2.92000002413988        1.44367848338816     
  -2.91000002436340        1.44060995104549     
  -2.90000002458692        1.43753547124605     
  -2.89000002481043        1.43445500788903     
  -2.88000002503395        1.43136852449161     
  -2.87000002525747        1.42827598418312     
  -2.86000002548099        1.42517734969891     
  -2.85000002570450        1.42207258337435     
  -2.84000002592802        1.41896164713850     
  -2.83000002615154        1.41584450250772     
  -2.82000002637506        1.41272111057910     
  -2.81000002659857        1.40959143202400     
  -2.80000002682209        1.40645542708097     
  -2.79000002704561        1.40331305554898     
  -2.78000002726912        1.40016427678031     
  -2.77000002749264        1.39700904967330     
  -2.76000002771616        1.39384733266493     
  -2.75000002793968        1.39067908372324     
  -2.74000002816319        1.38750426033970     
  -2.73000002838671        1.38432281952120     
  -2.72000002861023        1.38113471778212     
  -2.71000002883375        1.37793991113597     
  -2.70000002905726        1.37473835508701     
  -2.69000002928078        1.37153000462170     
  -2.68000002950430        1.36831481419977     
  -2.67000002972782        1.36509273774538     
  -2.66000002995133        1.36186372863775     
  -2.65000003017485        1.35862773970186     
  -2.64000003039837        1.35538472319881     
  -2.63000003062189        1.35213463081588     
  -2.62000003084540        1.34887741365661     
  -2.61000003106892        1.34561302223031     
  -2.60000003129244        1.34234140644166     
  -2.59000003151596        1.33906251557981     
  -2.58000003173947        1.33577629830737     
  -2.57000003196299        1.33248270264914     
  -2.56000003218651        1.32918167598034     
  -2.55000003241003        1.32587316501502     
  -2.54000003263354        1.32255711579364     
  -2.53000003285706        1.31923347367082     
  -2.52000003308058        1.31590218330246     
  -2.51000003330410        1.31256318863280     
  -2.50000003352761        1.30921643288092     
  -2.49000003375113        1.30586185852704     
  -2.48000003397465        1.30249940729856     
  -2.47000003419816        1.29912902015549     
  -2.46000003442168        1.29575063727582     
  -2.45000003464520        1.29236419804027     
  -2.44000003486872        1.28896964101684     
  -2.43000003509223        1.28556690394470     
  -2.42000003531575        1.28215592371809     
  -2.41000003553927        1.27873663636931     
  -2.40000003576279        1.27530897705163     
  -2.39000003598630        1.27187288002164     
  -2.38000003620982        1.26842827862100     
  -2.37000003643334        1.26497510525795     
  -2.36000003665686        1.26151329138809     
  -2.35000003688037        1.25804276749484     
  -2.34000003710389        1.25456346306919     
  -2.33000003732741        1.25107530658904     
  -2.32000003755093        1.24757822549792     
  -2.31000003777444        1.24407214618308     
  -2.30000003799796        1.24055699395305     
  -2.29000003822148        1.23703269301449     
  -2.28000003844500        1.23349916644855     
  -2.27000003866851        1.22995633618624     
  -2.26000003889203        1.22640412298349     
  -2.25000003911555        1.22284244639525     
  -2.24000003933907        1.21927122474883     
  -2.23000003956258        1.21569037511666     
  -2.22000003978610        1.21209981328803     
  -2.21000004000962        1.20849945374010     
  -2.20000004023314        1.20488920960820     
  -2.19000004045665        1.20126899265487     
  -2.18000004068017        1.19763871323839     
  -2.17000004090369        1.19399828028007     
  -2.16000004112720        1.19034760123067     
  -2.15000004135072        1.18668658203576     
  -2.14000004157424        1.18301512710009     
  -2.13000004179776        1.17933313925069     
  -2.12000004202127        1.17564051969895     
  -2.11000004224479        1.17193716800154     
  -2.10000004246831        1.16822298201996     
  -2.09000004269183        1.16449785787892     
  -2.08000004291534        1.16076168992331     
  -2.07000004313886        1.15701437067381     
  -2.06000004336238        1.15325579078113     
  -2.05000004358590        1.14948583897858     
  -2.04000004380941        1.14570440203327     
  -2.03000004403293        1.14191136469556     
  -2.02000004425645        1.13810660964688     
  -2.01000004447997        1.13429001744580     
  -2.00000004470348        1.13046146647219     
  -1.99000004492700        1.12662083286959     
  -1.98000004515052        1.12276799048556     
  -1.97000004537404        1.11890281080995     
  -1.96000004559755        1.11502516291096     
  -1.95000004582107        1.11113491336909     
  -1.94000004604459        1.10723192620867     
  -1.93000004626811        1.10331606282693     
  -1.92000004649162        1.09938718192060     
  -1.91000004671514        1.09544513940978     
  -1.90000004693866        1.09148978835909     
  -1.89000004716218        1.08752097889591     
  -1.88000004738569        1.08353855812558     
  -1.87000004760921        1.07954237004348     
  -1.86000004783273        1.07553225544378     
  -1.85000004805624        1.07150805182474     
  -1.84000004827976        1.06746959329041     
  -1.83000004850328        1.06341671044854     
  -1.82000004872680        1.05934923030460     
  -1.81000004895031        1.05526697615157     
  -1.80000004917383        1.05116976745546     
  -1.79000004939735        1.04705741973634     
  -1.78000004962087        1.04292974444446     
  -1.77000004984438        1.03878654883157     
  -1.76000005006790        1.03462763581688     
  -1.75000005029142        1.03045280384766     
  -1.74000005051494        1.02626184675398     
  -1.73000005073845        1.02205455359747     
  -1.72000005096197        1.01783070851374     
  -1.71000005118549        1.01359009054815     
  -1.70000005140901        1.00933247348455     
  -1.69000005163252        1.00505762566668     
  -1.68000005185604        1.00076530981190     
  -1.67000005207956       0.996455282816661     
  -1.66000005230308       0.992127295553469     
  -1.65000005252659       0.987781092658907     
  -1.64000005275011       0.983416412312012     
  -1.63000005297363       0.979032986002750     
  -1.62000005319715       0.974630538289887     
  -1.61000005342066       0.970208786547753     
  -1.60000005364418       0.965767440701216     
  -1.59000005386770       0.961306202948347     
  -1.58000005409122       0.956824767469849     
  -1.57000005431473       0.952322820124805     
  -1.56000005453825       0.947800038131668     
  -1.55000005476177       0.943256089733846     
  -1.54000005498528       0.938690633848951     
  -1.53000005520880       0.934103319700615     
  -1.52000005543232       0.929493786432057     
  -1.51000005565584       0.924861662700162     
  -1.50000005587935       0.920206566248924     
  -1.49000005610287       0.915528103461061     
  -1.48000005632639       0.910825868886400     
  -1.47000005654991       0.906099444745596     
  -1.46000005677342       0.901348400407718     
  -1.45000005699694       0.896572291839930     
  -1.44000005722046       0.891770661027655     
  -1.43000005744398       0.886943035363131     
  -1.42000005766749       0.882088927000502     
  -1.41000005789101       0.877207832175122     
  -1.40000005811453       0.872299230484747     
  -1.39000005833805       0.867362584130077     
  -1.38000005856156       0.862397337111917     
  -1.37000005878508       0.857402914381941     
  -1.36000005900860       0.852378720943997     
  -1.35000005923212       0.847324140902303     
  -1.34000005945563       0.842238536453042     
  -1.33000005967915       0.837121246815200     
  -1.32000005990267       0.831971587096265     
  -1.31000006012619       0.826788847088180     
  -1.30000006034970       0.821572289988385     
  -1.29000006057322       0.816321151040323     
  -1.28000006079674       0.811034636087534     
  -1.27000006102026       0.805711920034695     
  -1.26000006124377       0.800352145208501     
  -1.25000006146729       0.794954419610599     
  -1.24000006169081       0.789517815054301     
  -1.23000006191432       0.784041365175597     
  -1.22000006213784       0.778524063308614     
  -1.21000006236136       0.772964860214451     
  -1.20000006258488       0.767362661651441     
  -1.19000006280839       0.761716325773479     
  -1.18000006303191       0.756024660342277     
  -1.17000006325543       0.750286419737432     
  -1.16000006347895       0.744500301747109     
  -1.15000006370246       0.738664944120005     
  -1.14000006392598       0.732778920857820     
  -1.13000006414950       0.726840738224615     
  -1.12000006437302       0.720848830447828     
  -1.11000006459653       0.714801555082242     
  -1.10000006482005       0.708697188005933     
  -1.09000006504357       0.702533918013055     
  -1.08000006526709       0.696309840965346     
  -1.07000006549060       0.690022953459247     
  -1.06000006571412       0.683671145961080     
  -1.05000006593764       0.677252195357469     
  -1.04000006616116       0.670763756861350     
  -1.03000006638467       0.664203355207936     
  -1.02000006660819       0.657568375066128     
  -1.01000006683171       0.650856050582818     
  -1.00000006705523       0.644063453966559     
 -0.990000067278743       0.637187483005941     
 -0.980000067502260       0.630224847404444     
 -0.970000067725778       0.623172053798690     
 -0.960000067949295       0.616025389309031     
 -0.950000068172812       0.608780903451628     
 -0.940000068396330       0.601434388218367     
 -0.930000068619847       0.593981356103450     
 -0.920000068843365       0.586417015825275     
 -0.910000069066882       0.578736245456173     
 -0.900000069290400       0.570933562630504     
 -0.890000069513917       0.563003091453120     
 -0.880000069737434       0.554938525673705     
 -0.870000069960952       0.546733087624679     
 -0.860000070184469       0.538379482342476     
 -0.850000070407987       0.529869846199814     
 -0.840000070631504       0.521195689265225     
 -0.830000070855021       0.512347830478000     
 -0.820000071078539       0.503316324569760     
 -0.810000071302056       0.494090379479757     
 -0.800000071525574       0.484658262787965     
 -0.790000071749091       0.475007195421889     
 -0.780000071972609       0.465123230570893     
 -0.770000072196126       0.454991115346194     
 -0.760000072419643       0.444594132247960     
 -0.750000072643161       0.433913916914026     
 -0.740000072866678       0.422930247899525     
 -0.730000073090196       0.411620803351657     
 -0.720000073313713       0.399960878325907     
 -0.710000073537230       0.387923055112555     
 -0.700000073760748       0.375476817195303     
 -0.690000073984265       0.362588095268316     
 -0.680000074207783       0.349218730933645     
 -0.670000074431300       0.335325840120804     
 -0.660000074654818       0.320861053645771     
 -0.650000074878335       0.305769606319961     
 -0.640000075101852       0.289989238158761     
 -0.630000075325370       0.273448860853330     
 -0.620000075548887       0.256066928834852     
 -0.610000075772405       0.237749435650569     
 -0.600000075995922       0.218387431089780     
 -0.590000076219440       0.197853919754338     
 -0.580000076442957       0.175999953500182     
 -0.570000076666474       0.152649662213748     
 -0.560000076889992       0.127593870424121     
 -0.550000077113509       0.100581806841193     
 -0.540000077337027       7.131020725949623E-002
 -0.530000077560544       3.940880177558699E-002
 -0.520000077784061       4.420704736973767E-003
 -0.510000078007579      -3.422451116809547E-002
 -0.500000078231096      -7.724845199051422E-002
 -0.490000078454614      -0.125577574869940     
 -0.480000078678131      -0.180421475403890     
 -0.470000078901649      -0.243390050381924     
 -0.460000079125166      -0.316674089972163     
 -0.450000079348683      -0.403333335391125     
 -0.440000079572201      -0.507774824449754     
 -0.430000079795718      -0.636586321423270     
 -0.420000080019236      -0.800075765078012     
 -0.410000080242753       -1.01532921186726     
 -0.400000080466270       -1.31287854072732     
 -0.390000080689788       -1.75316790628043     
 -0.380000080913305       -2.47506867277140     
 -0.370000081136823       -3.88415384334046     
 -0.360000081360340       -7.88424695080141     
 -0.350000081583858       -108.363022915876     
 -0.340000081807375        10.2405734884245     
 -0.330000082030892        5.11222013423003     
 -0.320000082254410        3.49529549970707     
 -0.310000082477927        2.70053617253678     
 -0.300000082701445        2.22631154460747     
 -0.290000082924962        1.91008994829041     
 -0.280000083148479        1.68332615600409     
 -0.270000083371997        1.51210559166113     
 -0.260000083595514        1.37772644942855     
 -0.250000083819032        1.26902980189240     
 -0.240000084042549        1.17894501103949     
 -0.230000084266067        1.10277443307807     
 -0.220000084489584        1.03727487176060     
 -0.210000084713101       0.980135036106297     
 -0.200000084936619       0.929663174853620     
 -0.190000085160136       0.884592457016115     
 -0.180000085383654       0.843955377601954     
 -0.170000085607171       0.807000221311382     
 -0.160000085830688       0.773134021365831     
 -0.150000086054206       0.741882701603484     
 -0.140000086277723       0.712862651412670     
 -0.130000086501241       0.685760082037039     
 -0.120000086724758       0.660315787433134     
 -0.110000086948276       0.636313727895805     
 -9.000008739531040E-002  0.591937987980138     
 -8.000008761882782E-002  0.571279562073363     
 -7.000008784234524E-002  0.551484639384263     
 -6.000008806586266E-002  0.532456150182677     
 -5.000008828938007E-002  0.514109825048297     
 -4.000008851289749E-002  0.496372119081758     
 -3.000008873641491E-002  0.479178526107039     
 -2.000008895993233E-002  0.462472199930322     
 -1.000008918344975E-002  0.446202819265351     
 -8.940696716308594E-008  0.430325647468036     
  9.999910369515419E-003  0.414800749104409     
  1.999991014599800E-002  0.399592333601075     
  2.999990992248058E-002  0.384668202500417     
  3.999990969896317E-002  0.369999281683987     
  4.999990947544575E-002  0.355559223639889     
  5.999990925192833E-002  0.341324067784815     
  6.999990902841091E-002  0.327271949129994     
  7.999990880489349E-002  0.313382847393884     
  8.999990858137608E-002  0.299638370096881     
  9.999990835785866E-002  0.286021564331169     
  0.109999908134341       0.272516752815801     
  0.119999907910824       0.259109390600256     
  0.129999907687306       0.245785939380345     
  0.139999907463789       0.232533756889577     
  0.149999907240272       0.219340999237311     
  0.159999907016754       0.206196534389518     
  0.169999906793237       0.193089865273353     
  0.179999906569719       0.180011061211128     
  0.189999906346202       0.166950696582017     
  0.199999906122684       0.153899795765861     
  0.209999905899167       0.140849783559254     
  0.219999905675650       0.127792440369885     
  0.229999905452132       0.114719861579508     
  0.239999905228615       0.101624420561482     
  0.249999905005097       8.849873488785651E-002
  0.259999904781580       7.533563534063326E-002
  0.269999904558063       6.212813736786778E-002
  0.279999904334545       4.886941468929552E-002
  0.289999904111028       3.555277477475335E-002
  0.299999903887510       2.217163596040768E-002
  0.309999903663993       8.719505988955356E-003
  0.319999903440475      -4.810038215670222E-003
  0.329999903216958      -1.842336970892165E-002
  0.339999902993441      -3.212682977560392E-002
  0.349999902769923      -4.592674540773405E-002
  0.359999902546406      -5.982944613824370E-002
  0.369999902322888      -7.384128034792548E-002
  0.379999902099371      -8.796863115143064E-002
  0.389999901875854      -0.102217931963680     
  0.399999901652336      -0.116595681843865     
  0.409999901428819      -0.131108460701817     
  0.419999901205301      -0.145762944456316     
  0.429999900981784      -0.160565920226381     
  0.439999900758266      -0.175524301635145     
  0.449999900534749      -0.190645144306510     
  0.459999900311232      -0.205935661632277     
  0.469999900087714      -0.221403240889473     
  0.479999899864197      -0.237055459785181     
  0.489999899640679      -0.252900103509923     
  0.499999899417162      -0.268945182387313     
  0.509999899193645      -0.285198950195842     
  0.519999898970127      -0.301669923267441     
  0.529999898746610      -0.318366900440088     
  0.539999898523092      -0.335298983978169     
  0.549999898299575      -0.352475601557831     
  0.559999898076057      -0.369906529433459     
  0.569999897852540      -0.387601916902120     
  0.579999897629023      -0.405572312202016     
  0.589999897405505      -0.423828689979046     
  0.599999897181988      -0.442382480473507     
  0.609999896958470      -0.461245600595262     
  0.619999896734953      -0.480430487063168     
  0.629999896511436      -0.499950131804095     
  0.639999896287918      -0.519818119826140     
  0.649999896064401      -0.540048669803057     
  0.659999895840883      -0.560656677619856     
  0.669999895617366      -0.581657763171861     
  0.679999895393848      -0.603068320721976     
  0.689999895170331      -0.624905573167334     
  0.699999894946814      -0.647187630590325     
  0.709999894723296      -0.669933553523319     
  0.719999894499779      -0.693163421392518     
  0.729999894276261      -0.716898406664662     
  0.739999894052744      -0.741160855277276     
  0.749999893829226      -0.765974374002313     
  0.759999893605709      -0.791363925467554     
  0.769999893382192      -0.817355931648828     
  0.779999893158674      -0.843978386740788     
  0.789999892935157      -0.871260980433804     
  0.799999892711639      -0.899235232742071     
  0.809999892488122      -0.927934641687140     
  0.819999892264605      -0.957394845299411     
  0.829999892041087      -0.987653799599084     
  0.839999891817570       -1.01875197443678     
  0.849999891594052       -1.05073256933986     
  0.859999891370535       -1.08364175178993     
  0.869999891147017       -1.11752892072641     
  0.879999890923500       -1.15244699844366     
  0.889999890699983       -1.18845275453791     
  0.899999890476465       -1.22560716609978     
  0.909999890252948       -1.26397581896124     
  0.919999890029430       -1.30362935561780     
  0.929999889805913       -1.34464397623462     
  0.939999889582396       -1.38710200029419     
  0.949999889358878       -1.43109249758753     
  0.959999889135361       -1.47671199879095     
  0.969999888911843       -1.52406529757710     
  0.979999888688326       -1.57326635833585     
  0.989999888464808       -1.62443934610614     
  0.999999888241291       -1.67771979835797     
   1.00999988801777       -1.73325596195363     
   1.01999988779426       -1.79121032314614     
   1.02999988757074       -1.85176136388725     
   1.03999988734722       -1.91510558457679     
   1.04999988712370       -1.98145984153775     
   1.05999988690019       -2.05106405798195     
   1.06999988667667       -2.12418437992117     
   1.07999988645315       -2.20111686469361     
   1.08999988622963       -2.28219180995556     
   1.09999988600612       -2.36777885680946     
   1.10999988578260       -2.45829303351671     
   1.11999988555908       -2.55420194851283     
   1.12999988533556       -2.65603439596221     
   1.13999988511205       -2.76439070860078     
   1.14999988488853       -2.87995528609739     
   1.15999988466501       -3.00351185176126     
   1.16999988444149       -3.13596215690178     
   1.17999988421798       -3.27834907726641     
   1.18999988399446       -3.43188535395077     
   1.19999988377094       -3.59798965624549     
   1.20999988354743       -3.77833223937564     
   1.21999988332391       -3.97489331343966     
   1.22999988310039       -4.19003845319804     
   1.23999988287687       -4.42661714972061     
   1.24999988265336       -4.68809323620366     
   1.25999988242984       -4.97871989999260     
   1.26999988220632       -5.30377813777973     
   1.27999988198280       -5.66990721044087     
   1.28999988175929       -6.08557135471758     
   1.29999988153577       -6.56173313508886     
   1.30999988131225       -7.11284867992737     
   1.31999988108873       -7.75837985958520     
   1.32999988086522       -8.52516635450720     
   1.33999988064170       -9.45128780503968     
   1.34999988041818       -10.5926357884530     
   1.35999988019466       -12.0347075711427     
   1.36999987997115       -13.9152009419120     
   1.37999987974763       -16.4710296041838     
   1.38999987952411       -20.1473174269490     
   1.39999987930059       -25.8905342087466     
   1.40999987907708       -36.1309764060732     
   1.41999987885356       -59.5648964269260     
   1.42999987863004       -167.970138314210     
   1.43999987840652        206.933034103459     
   1.44999987818301        64.2098102027604     
   1.45999987795949        38.0582670216209     
   1.46999987773597        27.0697079081925     
   1.47999987751245        21.0185982488410     
   1.48999987728894        17.1863508551216     
   1.49999987706542        14.5406974638450     
   1.50999987684190        12.6037139632252     
   1.51999987661839        11.1237506280616     
   1.52999987639487        9.95569211552011     
   1.53999987617135        9.00997710468760     
   1.54999987594783        8.22833586914256     
   1.55999987572432        7.57122192860457     
   1.56999987550080        7.01085099277867     
   1.57999987527728        6.52713059658474     
   1.58999987505376        6.10517060472850     
   1.59999987483025        5.73370181820484     
   1.60999987460673        5.40403837039666     
   1.61999987438321        5.10937758224637     
   1.62999987415969        4.84431581541750     
   1.63999987393618        4.60450638399591     
   1.64999987371266        4.38641316104340     
   1.65999987348914        4.18713004091283     
   1.66999987326562        4.00424659717735     
   1.67999987304211        3.83574670998242     
   1.68999987281859        3.67993109383395     
   1.69999987259507        3.53535740042106     
   1.70999987237155        3.40079341436637     
   1.71999987214804        3.27518012019279     
   1.72999987192452        3.15760229443758     
   1.73999987170100        3.04726489229306     
   1.74999987147748        2.94347393972883     
   1.75999987125397        2.84562095858144     
   1.76999987103045        2.75317018553678     
   1.77999987080693        2.66564801706016     
   1.78999987058342        2.58263424100136     
   1.79999987035990        2.50375471156359     
   1.80999987013638        2.42867519774220     
   1.81999986991286        2.35709619185088     
   1.82999986968935        2.28874850759617     
   1.83999986946583        2.22338953097507     
   1.84999986924231        2.16080001402712     
   1.85999986901879        2.10078132171213     
   1.86999986879528        2.04315305888203     
   1.87999986857176        1.98775101757644     
   1.88999986834824        1.93442539543345     
   1.89999986812472        1.88303924395543     
   1.90999986790121        1.83346711324946     
   1.91999986767769        1.78559386433784     
   1.92999986745417        1.73931362572364     
   1.93999986723065        1.69452887395479     
   1.94999986700714        1.65114962142674     
   1.95999986678362        1.60909269701772     
   1.96999986656010        1.56828110751875     
   1.97999986633658        1.52864346938190     
   1.98999986611307        1.49011350188496     
   1.99999986588955        1.45262957422596     
