  0.0000000000E+00  0.0000000000E+00  0.0000000000E+00  0.0000000000E+00
  3.0000000000E-04  5.2753893930E-16  1.5898960151E-20  1.5160356712E-25
  1.2000000000E-03  2.1094588332E-15  2.5432654220E-19  9.7009528231E-24
  2.7000000000E-03  4.7436698705E-15  1.2870488265E-18  1.1046811466E-22
  4.8000000000E-03  8.4266922332E-15  4.0655899891E-18  6.2043222931E-22
  7.5000000000E-03  1.3153660893E-14  9.9191061313E-18  2.3655351404E-21
  1.0800000000E-02  1.8918332318E-14  2.0551414167E-17  7.0589781518E-21
  1.4700000000E-02  2.5713093072E-14  3.8037181280E-17  1.7786787087E-20
  1.9200000000E-02  3.3528970312E-14  6.4817282033E-17  3.9598075862E-20
  2.4300000000E-02  4.2355644139E-14  1.0369333173E-16  8.0198097566E-20
  3.0000000000E-02  5.2181461820E-14  1.5782140622E-16  1.5074183533E-19
  3.6300000000E-02  6.2993453828E-14  2.3070495971E-16  2.6672555394E-19
  4.3200000000E-02  7.4777351691E-14  3.2618695391E-16  4.4897340794E-19
  5.0700000000E-02  8.7517607634E-14  4.4844121291E-16  7.2471588361E-19
  5.8800000000E-02  1.0119741596E-13  6.0196302008E-16  1.1287565417E-18
  6.7500000000E-02  1.1579873614E-13  7.9155897428E-16  1.7047232253E-18
  7.6800000000E-02  1.3130231765E-13  1.0223361243E-15  2.5063996053E-18
  8.6700000000E-02  1.4768772637E-13  1.2996904019E-15  3.5991326507E-18
  9.7200000000E-02  1.6493337266E-13  1.6292943745E-15  5.0613113400E-18
  1.0830000000E-01  1.8301654099E-13  2.0170843410E-15  6.9859116669E-18
  1.2000000000E-01  2.0191342108E-13  2.4692467942E-15  9.4821027453E-18
  1.3230000000E-01  2.2159914055E-13  2.9922042751E-15  1.2676908589E-17
  1.4520000000E-01  2.4204779897E-13  3.5926006455E-15  1.6716919887E-17
  1.5870000000E-01  2.6323250331E-13  4.2772858069E-15  2.1770049945E-17
  1.7280000000E-01  2.8512540475E-13  5.0532998931E-15  2.8027328686E-17
  1.8750000000E-01  3.0769773669E-13  5.9278569665E-15  3.5704728503E-17
  2.0280000000E-01  3.3091985406E-13  6.9083282494E-15  4.5045015529E-17
  2.1870000000E-01  3.5476127377E-13  8.0022249201E-15  5.6319619771E-17
  2.3520000000E-01  3.7919071623E-13  9.2171805069E-15  6.9830517411E-17
  2.5230000000E-01  4.0417614797E-13  1.0560932913E-14  8.5912118457E-17
  2.7000000000E-01  4.2968482519E-13  1.2041306105E-14  1.0493315282E-16
  2.8830000000E-01  4.5568333826E-13  1.3666191501E-14  1.2729854784E-16
  3.0720000000E-01  4.8213765708E-13  1.5443529091E-14  1.5345129013E-16
  3.2670000000E-01  5.0901317720E-13  1.7381288329E-14  1.8387426470E-16
  3.4680000000E-01  5.3627476665E-13  1.9487448823E-14  2.1909206413E-16
  3.6750000000E-01  5.6388681351E-13  2.1769980877E-14  2.5967276072E-16
  3.8880000000E-01  5.9181327392E-13  2.4236825901E-14  3.0622963425E-16
  4.1070000000E-01  6.2001772075E-13  2.6895876739E-14  3.5942284855E-16
  4.3320000000E-01  6.4846339260E-13  2.9754957952E-14  4.1996106934E-16
  4.5630000000E-01  6.7711324326E-13  3.2821806085E-14  4.8860301672E-16
  4.8000000000E-01  7.0592999139E-13  3.6104049964E-14  5.6615894500E-16
  5.0430000000E-01  7.3487617049E-13  3.9609191055E-14  6.5349204315E-16
  5.2920000000E-01  7.6391417901E-13  4.3344583924E-14  7.5151974915E-16
  5.5470000000E-01  7.9300633056E-13  4.7317416836E-14  8.6121497136E-16
  5.8080000000E-01  8.2211490408E-13  5.1534692533E-14  9.8360721074E-16
  6.0750000000E-01  8.5120219402E-13  5.6003209211E-14  1.1197835773E-15
  6.3480000000E-01  8.8023056034E-13  6.0729541762E-14  1.2708896947E-15
  6.6270000000E-01  9.0916247837E-13  6.5720023292E-14  1.4381304873E-15
  6.9120000000E-01  9.3796058830E-13  7.0980726952E-14  1.6227708433E-15
  7.2030000000E-01  9.6658774445E-13  7.6517448140E-14  1.8261361493E-15
  7.5000000000E-01  9.9500706401E-13  8.2335687076E-14  2.0496126900E-15
  7.8030000000E-01  1.0231819754E-12  8.8440631813E-14  2.2946479090E-15
  8.1120000000E-01  1.0510762661E-12  9.4837141695E-14  2.5627505253E-15
  8.4270000000E-01  1.0786541295E-12  1.0152973131E-13  2.8554905014E-15
  8.7480000000E-01  1.1058802118E-12  1.0852255494E-13  3.1744988582E-15
  9.0750000000E-01  1.1327196575E-12  1.1581939163E-13  3.5214673339E-15
  9.4080000000E-01  1.1591381544E-12  1.2342363073E-13  3.8981478826E-15
  9.7470000000E-01  1.1851019773E-12  1.3133825814E-13  4.3063520093E-15
  1.0092000000E+00  1.2105780319E-12  1.3956584315E-13  4.7479499391E-15
  1.0443000000E+00  1.2355338959E-12  1.4810852594E-13  5.2248696178E-15
  1.0800000000E+00  1.2599378610E-12  1.5696800580E-13  5.7390955412E-15
  1.1163000000E+00  1.2837589723E-12  1.6614553001E-13  6.2926674128E-15
  1.1532000000E+00  1.3069670672E-12  1.7564188350E-13  6.8876786263E-15
  1.1907000000E+00  1.3295328133E-12  1.8545737926E-13  7.5262745749E-15
  1.2288000000E+00  1.3514277443E-12  1.9559184953E-13  8.2106507835E-15
  1.2675000000E+00  1.3726242953E-12  2.0604463775E-13  8.9430508663E-15
  1.3068000000E+00  1.3930958363E-12  2.1681459140E-13  9.7257643087E-15
  1.3467000000E+00  1.4128167048E-12  2.2790005556E-13  1.0561124074E-14
  1.3872000000E+00  1.4317622362E-12  2.3929886745E-13  1.1451504038E-14
  1.4283000000E+00  1.4499087933E-12  2.5100835173E-13  1.2399316248E-14
  1.4700000000E+00  1.4672337944E-12  2.6302531670E-13  1.3407008015E-14
  1.5123000000E+00  1.4837157390E-12  2.7534605140E-13  1.4477058836E-14
  1.5552000000E+00  1.4993342331E-12  2.8796632356E-13  1.5611977148E-14
  1.5987000000E+00  1.5140700119E-12  3.0088137853E-13  1.6814296929E-14
  1.6428000000E+00  1.5279049613E-12  3.1408593898E-13  1.8086574128E-14
  1.6875000000E+00  1.5408221376E-12  3.2757420566E-13  1.9431382948E-14
  1.7328000000E+00  1.5528057858E-12  3.4133985895E-13  2.0851311977E-14
  1.7787000000E+00  1.5638413556E-12  3.5537606139E-13  2.2348960170E-14
  1.8252000000E+00  1.5739155165E-12  3.6967546109E-13  2.3926932698E-14
  1.8723000000E+00  1.5830161700E-12  3.8423019607E-13  2.5587836649E-14
  1.9200000000E+00  1.5911324616E-12  3.9903189951E-13  2.7334276614E-14
  1.9683000000E+00  1.5982547893E-12  4.1407170583E-13  2.9168850140E-14
  2.0172000000E+00  1.6043748119E-12  4.2934025778E-13  3.1094143071E-14
  2.0667000000E+00  1.6094854543E-12  4.4482771432E-13  3.3112724775E-14
  2.1168000000E+00  1.6135809118E-12  4.6052375942E-13  3.5227143276E-14
  2.1675000000E+00  1.6166566525E-12  4.7641761170E-13  3.7439920284E-14
  2.2188000000E+00  1.6187094175E-12  4.9249803495E-13  3.9753546144E-14
  2.2707000000E+00  1.6197372197E-12  5.0875334944E-13  4.2170474701E-14
  2.3232000000E+00  1.6197393410E-12  5.2517144409E-13  4.4693118101E-14
  2.3763000000E+00  1.6187163273E-12  5.4173978945E-13  4.7323841527E-14
  2.4300000000E+00  1.6166699822E-12  5.5844545140E-13  5.0064957883E-14
  2.4843000000E+00  1.6136033586E-12  5.7527510570E-13  5.2918722437E-14
  2.5392000000E+00  1.6095207489E-12  5.9221505317E-13  5.5887327429E-14
  2.5947000000E+00  1.6044276735E-12  6.0925123575E-13  5.8972896654E-14
  2.6508000000E+00  1.5983308676E-12  6.2636925307E-13  6.2177480039E-14
  2.7075000000E+00  1.5912382661E-12  6.4355437984E-13  6.5503048204E-14
  2.7648000000E+00  1.5831589877E-12  6.6079158378E-13  6.8951487040E-14
  2.8227000000E+00  1.5741033163E-12  6.7806554423E-13  7.2524592299E-14
  2.8812000000E+00  1.5640826819E-12  6.9536067132E-13  7.6224064212E-14
  2.9403000000E+00  1.5531096397E-12  7.1266112570E-13  8.0051502147E-14
  3.0000000000E+00  1.5411978471E-12  7.2995083878E-13  8.4008399312E-14
  3.0603000000E+00  1.5283620404E-12  7.4721353349E-13  8.8096137520E-14
  3.1212000000E+00  1.5146180094E-12  7.6443274549E-13  9.2315982022E-14
  3.1827000000E+00  1.4999825707E-12  7.8159184480E-13  9.6669076426E-14
  3.2448000000E+00  1.4844735400E-12  7.9867405784E-13  1.0115643770E-13
  3.3075000000E+00  1.4681097029E-12  8.1566248981E-13  1.0577895127E-13
  3.3708000000E+00  1.4509107846E-12  8.3254014742E-13  1.1053736627E-13
  3.4347000000E+00  1.4328974188E-12  8.4928996186E-13  1.1543229086E-13
  3.4992000000E+00  1.4140911148E-12  8.6589481206E-13  1.2046418770E-13
  3.5643000000E+00  1.3945142243E-12  8.8233754820E-13  1.2563336959E-13
  3.6300000000E+00  1.3741899064E-12  8.9860101525E-13  1.3093999527E-13
  3.6963000000E+00  1.3531420929E-12  9.1466807685E-13  1.3638406528E-13
  3.7632000000E+00  1.3313954513E-12  9.3052163912E-13  1.4196541816E-13
  3.8307000000E+00  1.3089753481E-12  9.4614467460E-13  1.4768372671E-13
  3.8988000000E+00  1.2859078108E-12  9.6152024626E-13  1.5353849448E-13
  3.9675000000E+00  1.2622194892E-12  9.7663153137E-13  1.5952905247E-13
  4.0368000000E+00  1.2379376166E-12  9.9146184546E-13  1.6565455605E-13
  4.1067000000E+00  1.2130899697E-12  1.0059946661E-12  1.7191398206E-13
  4.1772000000E+00  1.1877048283E-12  1.0202136564E-12  1.7830612617E-13
  4.2483000000E+00  1.1618109348E-12  1.0341026889E-12  1.8482960051E-13
  4.3200000000E+00  1.1354374530E-12  1.0476458684E-12  1.9148283145E-13
  4.3923000000E+00  1.1086139265E-12  1.0608275553E-12  1.9826405770E-13
  4.4652000000E+00  1.0813702374E-12  1.0736323883E-12  2.0517132869E-13
  4.5387000000E+00  1.0537365639E-12  1.0860453068E-12  2.1220250314E-13
  4.6128000000E+00  1.0257433387E-12  1.0980515728E-12  2.1935524796E-13
  4.6875000000E+00  9.9742120667E-13  1.1096367931E-12  2.2662703741E-13
  4.7628000000E+00  9.6880098263E-13  1.1207869401E-12  2.3401515253E-13
  4.8387000000E+00  9.3991360953E-13  1.1314883726E-12  2.4151668088E-13
  4.9152000000E+00  9.1079011634E-13  1.1417278566E-12  2.4912851656E-13
  4.9923000000E+00  8.8146157626E-13  1.1514925846E-12  2.5684736050E-13
  5.0700000000E+00  8.5195906515E-13  1.1607701947E-12  2.6466972111E-13
  5.1483000000E+00  8.2231362030E-13  1.1695487900E-12  2.7259191518E-13
  5.2272000000E+00  7.9255619944E-13  1.1778169558E-12  2.8061006911E-13
  5.3067000000E+00  7.6271764027E-13  1.1855637773E-12  2.8872012043E-13
  5.3868000000E+00  7.3282862037E-13  1.1927788562E-12  2.9691781962E-13
  5.4675000000E+00  7.0291961766E-13  1.1994523270E-12  3.0519873231E-13
  5.5488000000E+00  6.7302087146E-13  1.2055748716E-12  3.1355824166E-13
  5.6307000000E+00  6.4316234411E-13  1.2111377345E-12  3.2199155119E-13
  5.7132000000E+00  6.1337368334E-13  1.2161327359E-12  3.3049368782E-13
  5.7963000000E+00  5.8368418531E-13  1.2205522851E-12  3.3905950525E-13
  5.8800000000E+00  5.5412275849E-13  1.2243893921E-12  3.4768368767E-13
  5.9643000000E+00  5.2471788830E-13  1.2276376794E-12  3.5636075370E-13
  6.0492000000E+00  4.9549760265E-13  1.2302913918E-12  3.6508506075E-13
  6.1347000000E+00  4.6648943846E-13  1.2323454065E-12  3.7385080955E-13
  6.2208000000E+00  4.3772040898E-13  1.2337952410E-12  3.8265204904E-13
  6.3075000000E+00  4.0921697233E-13  1.2346370616E-12  3.9148268156E-13
  6.3948000000E+00  3.8100500088E-13  1.2348676894E-12  4.0033646831E-13
  6.4827000000E+00  3.5310975181E-13  1.2344846070E-12  4.0920703502E-13
  6.5712000000E+00  3.2555583880E-13  1.2334859626E-12  4.1808787805E-13
  6.6603000000E+00  2.9836720481E-13  1.2318705744E-12  4.2697237055E-13
  6.7500000000E+00  2.7156709603E-13  1.2296379336E-12  4.3585376909E-13
  6.8403000000E+00  2.4517803714E-13  1.2267882066E-12  4.4472522037E-13
  6.9312000000E+00  2.1922180770E-13  1.2233222355E-12  4.5357976827E-13
  7.0227000000E+00  1.9371941982E-13  1.2192415389E-12  4.6241036109E-13
  7.1148000000E+00  1.6869109719E-13  1.2145483109E-12  4.7120985905E-13
  7.2075000000E+00  1.4415625532E-13  1.2092454189E-12  4.7997104198E-13
  7.3008000000E+00  1.2013348315E-13  1.2033364015E-12  4.8868661723E-13
  7.3947000000E+00  9.6640526040E-14  1.1968254643E-12  4.9734922775E-13
  7.4892000000E+00  7.3694270022E-14  1.1897174753E-12  5.0595146037E-13
  7.5843000000E+00  5.1310727526E-14  1.1820179597E-12  5.1448585432E-13
  7.6800000000E+00  2.9505024414E-14  1.1737330928E-12  5.2294490977E-13
  7.7763000000E+00  8.2913884374E-15  1.1648696929E-12  5.3132109664E-13
  7.8732000000E+00 -1.2316860926E-14  1.1554352131E-12  5.3960686351E-13
  7.9707000000E+00 -3.2307321231E-14  1.1454377314E-12  5.4779464666E-13
  8.0688000000E+00 -5.1668514421E-14  1.1348859413E-12  5.5587687921E-13
  8.1675000000E+00 -7.0389892796E-14  1.1237891404E-12  5.6384600035E-13
  8.2668000000E+00 -8.8461843571E-14  1.1121572186E-12  5.7169446472E-13
  8.3667000000E+00 -1.0587569205E-13  1.1000006453E-12  5.7941475177E-13
  8.4672000000E+00 -1.2262370342E-13  1.0873304562E-12  5.8699937528E-13
  8.5683000000E+00 -1.3869908316E-13  1.0741582388E-12  5.9444089280E-13
  8.6700000000E+00 -1.5409597609E-13  1.0604961175E-12  6.0173191529E-13
  8.7723000000E+00 -1.6880946407E-13  1.0463567376E-12  6.0886511658E-13
  8.8752000000E+00 -1.8283556235E-13  1.0317532491E-12  6.1583324302E-13
  8.9787000000E+00 -1.9617121465E-13  1.0166992891E-12  6.2262912297E-13
  9.0828000000E+00 -2.0881428688E-13  1.0012089644E-12  6.2924567636E-13
  9.1875000000E+00 -2.2076355958E-13  9.8529683264E-13  6.3567592416E-13
  9.2928000000E+00 -2.3201871918E-13  9.6897788344E-13  6.4191299779E-13
  9.3987000000E+00 -2.4258034795E-13  9.5226751858E-13  6.4795014853E-13
  9.5052000000E+00 -2.5244991279E-13  9.3518153187E-13  6.5378075673E-13
  9.6123000000E+00 -2.6162975281E-13  9.1773608837E-13  6.5939834102E-13
  9.7200000000E+00 -2.7012306578E-13  8.9994770317E-13  6.6479656734E-13
  9.8283000000E+00 -2.7793389348E-13  8.8183321976E-13  6.6996925791E-13
  9.9372000000E+00 -2.8506710595E-13  8.6340978792E-13  6.7491039995E-13
  1.0046700000E+01 -2.9152838466E-13  8.4469484127E-13  6.7961415438E-13
  1.0156800000E+01 -2.9732420472E-13  8.2570607446E-13  6.8407486423E-13
  1.0267500000E+01 -3.0246181609E-13  8.0646142005E-13  6.8828706291E-13
  1.0378800000E+01 -3.0694922382E-13  7.8697902513E-13  6.9224548233E-13
  1.0490700000E+01 -3.1079516746E-13  7.6727722766E-13  6.9594506070E-13
  1.0603200000E+01 -3.1400909952E-13  7.4737453265E-13  6.9938095020E-13
  1.0716300000E+01 -3.1660116320E-13  7.2728958817E-13  7.0254852439E-13
  1.0830000000E+01 -3.1858216924E-13  7.0704116118E-13  7.0544338532E-13
  1.0944300000E+01 -3.1996357217E-13  6.8664811332E-13  7.0806137047E-13
  1.1059200000E+01 -3.2075744571E-13  6.6612937665E-13  7.1039855932E-13
  1.1174700000E+01 -3.2097645768E-13  6.4550392928E-13  7.1245127969E-13
  1.1290800000E+01 -3.2063384418E-13  6.2479077113E-13  7.1421611378E-13
  1.1407500000E+01 -3.1974338331E-13  6.0400889971E-13  7.1568990389E-13
  1.1524800000E+01 -3.1831936830E-13  5.8317728589E-13  7.1686975785E-13
  1.1642700000E+01 -3.1637658024E-13  5.6231484996E-13  7.1775305408E-13
  1.1761200000E+01 -3.1393026037E-13  5.4144043773E-13  7.1833744632E-13
  1.1880300000E+01 -3.1099608197E-13  5.2057279685E-13  7.1862086810E-13
  1.2000000000E+01 -3.0759012201E-13  4.9973055338E-13  7.1860153673E-13
  1.2120300000E+01 -3.0372883240E-13  4.7893218865E-13  7.1827795703E-13
  1.2241200000E+01 -2.9942901116E-13  4.5819601634E-13  7.1764892464E-13
  1.2362700000E+01 -2.9470777325E-13  4.3754015995E-13  7.1671352897E-13
  1.2484800000E+01 -2.8958252142E-13  4.1698253063E-13  7.1547115580E-13
  1.2607500000E+01 -2.8407091687E-13  3.9654080540E-13  7.1392148944E-13
  1.2730800000E+01 -2.7819084989E-13  3.7623240579E-13  7.1206451456E-13
  1.2854700000E+01 -2.7196041055E-13  3.5607447693E-13  7.0990051757E-13
  1.2979200000E+01 -2.6539785936E-13  3.3608386716E-13  7.0743008766E-13
  1.3104300000E+01 -2.5852159812E-13  3.1627710814E-13  7.0465411737E-13
  1.3230000000E+01 -2.5135014083E-13  2.9667039546E-13  7.0157380285E-13
  1.3356300000E+01 -2.4390208487E-13  2.7727956991E-13  6.9819064364E-13
  1.3483200000E+01 -2.3619608228E-13  2.5812009926E-13  6.9450644204E-13
  1.3610700000E+01 -2.2825081147E-13  2.3920706069E-13  6.9052330218E-13
  1.3738800000E+01 -2.2008494911E-13  2.2055512390E-13  6.8624362852E-13
  1.3867500000E+01 -2.1171714243E-13  2.0217853484E-13  6.8167012410E-13
  1.3996800000E+01 -2.0316598193E-13  1.8409110012E-13  6.7680578831E-13
  1.4126700000E+01 -1.9444997450E-13  1.6630617218E-13  6.7165391423E-13
  1.4257200000E+01 -1.8558751696E-13  1.4883663513E-13  6.6621808567E-13
  1.4388300000E+01 -1.7659687020E-13  1.3169489139E-13  6.6050217371E-13
  1.4520000000E+01 -1.6749613381E-13  1.1489284902E-13  6.5451033292E-13
  1.4652300000E+01 -1.5830322126E-13  9.8441909895E-14  6.4824699718E-13
  1.4785200000E+01 -1.4903583574E-13  8.2352958613E-14  6.4171687505E-13
  1.4918700000E+01 -1.3971144662E-13  6.6636352254E-14  6.3492494492E-13
  1.5052800000E+01 -1.3034726654E-13  5.1301910906E-14  6.2787644960E-13
  1.5187500000E+01 -1.2096022926E-13  3.6358909046E-14  6.2057689068E-13
  1.5322800000E+01 -1.1156696823E-13  2.1816067730E-14  6.1303202252E-13
  1.5458700000E+01 -1.0218379582E-13  7.6815476350E-15  6.0524784581E-13
  1.5595200000E+01 -9.2826683468E-14 -6.0370570628E-15  5.9723060093E-13
  1.5732300000E+01 -8.3511242508E-14 -1.9332723962E-14  5.8898676082E-13
  1.5870000000E+01 -7.4252705875E-14 -3.2199006856E-14  5.8052302369E-13
  1.6008300000E+01 -6.5065910640E-14 -4.4630039308E-14  5.7184630528E-13
  1.6147200000E+01 -5.5965281396E-14 -5.6620537363E-14  5.6296373095E-13
  1.6286700000E+01 -4.6964814521E-14 -6.8165801420E-14  5.5388262735E-13
  1.6426800000E+01 -3.8078063335E-14 -7.9261717247E-14  5.4461051395E-13
  1.6567500000E+01 -2.9318124151E-14 -8.9904756157E-14  5.3515509423E-13
  1.6708800000E+01 -2.0697623246E-14 -1.0009197434E-13  5.2552424658E-13
  1.6850700000E+01 -1.2228704757E-14 -1.0982101137E-13  5.1572601508E-13
  1.6993200000E+01 -3.9230195053E-15 -1.1909008788E-13  5.0576859996E-13
  1.7136300000E+01  4.2082852367E-15 -1.2789800239E-13  4.9566034786E-13
  1.7280000000E+01  1.2154575033E-14 -1.3624412742E-13  4.8540974196E-13
  1.7424300000E+01  1.9905736624E-14 -1.4412840469E-13  4.7502539182E-13
  1.7569200000E+01  2.7452185318E-14 -1.5155133965E-13  4.6451602317E-13
  1.7714700000E+01  3.4784871428E-14 -1.5851399512E-13  4.5389046744E-13
  1.7860800000E+01  4.1895285764E-14 -1.6501798432E-13  4.4315765123E-13
  1.8007500000E+01  4.8775464169E-14 -1.7106546303E-13  4.3232658560E-13
  1.8154800000E+01  5.5417991125E-14 -1.7665912111E-13  4.2140635531E-13
  1.8302700000E+01  6.1816002411E-14 -1.8180217332E-13  4.1040610793E-13
  1.8451200000E+01  6.7963186838E-14 -1.8649834937E-13  3.9933504286E-13
  1.8600300000E+01  7.3853787060E-14 -1.9075188344E-13  3.8820240031E-13
  1.8750000000E+01  7.9482599476E-14 -1.9456750294E-13  3.7701745030E-13
  1.8900300000E+01  8.4844973231E-14 -1.9795041674E-13  3.6578948148E-13
  1.9051200000E+01  8.9936808334E-14 -2.0090630272E-13  3.5452779008E-13
  1.9202700000E+01  9.4754552898E-14 -2.0344129484E-13  3.4324166882E-13
  1.9354800000E+01  9.9295199536E-14 -2.0556196957E-13  3.3194039580E-13
  1.9507500000E+01  1.0355628090E-13 -2.0727533187E-13  3.2063322346E-13
  1.9660800000E+01  1.0753586442E-13 -2.0858880061E-13  3.0932936762E-13
  1.9814700000E+01  1.1123254621E-13 -2.0951019359E-13  2.9803799653E-13
  1.9969200000E+01  1.1464544425E-13 -2.1004771206E-13  2.8676822004E-13
  2.0124300000E+01  1.1777419072E-13 -2.1020992481E-13  2.7552907887E-13
  2.0280000000E+01  1.2061892367E-13 -2.1000575195E-13  2.6432953397E-13
  2.0436300000E+01  1.2318027798E-13 -2.0944444824E-13  2.5317845604E-13
  2.0593200000E+01  1.2545937556E-13 -2.0853558618E-13  2.4208461517E-13
  2.0750700000E+01  1.2745781493E-13 -2.0728903867E-13  2.3105667067E-13
  2.0908800000E+01  1.2917766020E-13 -2.0571496153E-13  2.2010316102E-13
  2.1067500000E+01  1.3062142935E-13 -2.0382377573E-13  2.0923249408E-13
  2.1226800000E+01  1.3179208201E-13 -2.0162614934E-13  1.9845293746E-13
  2.1386700000E+01  1.3269300663E-13 -1.9913297939E-13  1.8777260909E-13
  2.1547200000E+01  1.3332800714E-13 -1.9635537354E-13  1.7719946806E-13
  2.1708300000E+01  1.3370128915E-13 -1.9330463158E-13  1.6674130569E-13
  2.1870000000E+01  1.3381744559E-13 -1.8999222696E-13  1.5640573681E-13
  2.2032300000E+01  1.3368144203E-13 -1.8642978807E-13  1.4620019142E-13
  2.2195200000E+01  1.3329860151E-13 -1.8262907969E-13  1.3613190646E-13
  2.2358700000E+01  1.3267458901E-13 -1.7860198427E-13  1.2620791804E-13
  2.2522800000E+01  1.3181539561E-13 -1.7436048330E-13  1.1643505383E-13
  2.2687500000E+01  1.3072732230E-13 -1.6991663878E-13  1.0681992587E-13
  2.2852800000E+01  1.2941696356E-13 -1.6528257467E-13  9.7368923647E-14
  2.3018700000E+01  1.2789119061E-13 -1.6047045853E-13  8.8088207458E-14
  2.3185200000E+01  1.2615713452E-13 -1.5549248327E-13  7.8983702209E-14
  2.3352300000E+01  1.2422216911E-13 -1.5036084907E-13  7.0061091488E-14
  2.3520000000E+01  1.2209389370E-13 -1.4508774546E-13  6.1325812012E-14
  2.3688300000E+01  1.1978011572E-13 -1.3968533371E-13  5.2783048431E-14
  2.3857200000E+01  1.1728883326E-13 -1.3416572934E-13  4.4437728506E-14
  2.4026700000E+01  1.1462821753E-13 -1.2854098500E-13  3.6294518649E-14
  2.4196800000E+01  1.1180659533E-13 -1.2282307359E-13  2.8357819843E-14
  2.4367500000E+01  1.0883243151E-13 -1.1702387175E-13  2.0631763952E-14
  2.4538800000E+01  1.0571431145E-13 -1.1115514361E-13  1.3120210401E-14
  2.4710700000E+01  1.0246092360E-13 -1.0522852500E-13  5.8267432602E-15
  2.4883200000E+01  9.9081042152E-14 -9.9255507955E-14 -1.2453312859E-15
  2.5056300000E+01  9.5583509802E-14 -9.3247425711E-14 -8.0929870771E-15
  2.5230000000E+01  9.1977220663E-14 -8.7215438062E-14 -1.4713479717E-14
  2.5404300000E+01  8.8271103371E-14 -8.1170517193E-14 -2.1104347916E-14
  2.5579200000E+01  8.4474104388E-14 -7.5123433970E-14 -2.7263414443E-14
  2.5754700000E+01  8.0595171532E-14 -6.9084744716E-14 -3.3188786672E-14
  2.5930800000E+01  7.6643237780E-14 -6.3064778473E-14 -3.8878856744E-14
  2.6107500000E+01  7.2627205333E-14 -5.7073624788E-14 -4.4332301323E-14
  2.6284800000E+01  6.8555930002E-14 -5.1121122020E-14 -4.9548080975E-14
  2.6462700000E+01  6.4438205918E-14 -4.5216846184E-14 -5.4525439144E-14
  2.6641200000E+01  6.0282750592E-14 -3.9370100355E-14 -5.9263900753E-14
  2.6820300000E+01  5.6098190352E-14 -3.3589904631E-14 -6.3763270419E-14
  2.7000000000E+01  5.1893046167E-14 -2.7884986666E-14 -6.8023630293E-14
  2.7180300000E+01  4.7675719893E-14 -2.2263772794E-14 -7.2045337527E-14
  2.7361200000E+01  4.3454480942E-14 -1.6734379739E-14 -7.5829021375E-14
  2.7542700000E+01  3.9237453402E-14 -1.1304606924E-14 -7.9375579938E-14
  2.7724800000E+01  3.5032603630E-14 -5.9819293794E-15 -8.2686176550E-14
  2.7907500000E+01  3.0847728313E-14 -7.7349127179E-16 -8.5762235826E-14
  2.8090800000E+01  2.6690443034E-14  4.3138999674E-15 -8.8605439362E-14
  2.8274700000E+01  2.2568171346E-14  9.2737788901E-15 -9.1217721119E-14
  2.8459200000E+01  1.8488134362E-14  1.4100026665E-14 -9.3601262473E-14
  2.8644300000E+01  1.4457340882E-14  1.8786875093E-14 -9.5758486962E-14
  2.8830000000E+01  1.0482578058E-14  2.3328910006E-14 -9.7692054729E-14
  2.9016300000E+01  6.5704026167E-15  2.7721074048E-14 -9.9404856672E-14
  2.9203200000E+01  2.7271326353E-15  3.1958668841E-14 -1.0090000832E-13
  2.9390700000E+01 -1.0411601145E-15  3.6037356550E-14 -1.0218084341E-13
  2.9578800000E+01 -4.7286572501E-15  3.9953160828E-14 -1.0325090727E-13
  2.9767500000E+01 -8.3298002864E-15  4.3702467173E-14 -1.0411394988E-13
  2.9956800000E+01 -1.1839296564E-14  4.7282022685E-14 -1.0477391874E-13
  3.0146700000E+01 -1.5252124595E-14  5.0688935240E-14 -1.0523495149E-13
  3.0337200000E+01 -1.8563538828E-14  5.3920672077E-14 -1.0550136837E-13
  3.0528300000E+01 -2.1769073822E-14  5.6975057832E-14 -1.0557766441E-13
  3.0720000000E+01 -2.4864547849E-14  5.9850271996E-14 -1.0546850152E-13
  3.0912300000E+01 -2.7846065906E-14  6.2544845835E-14 -1.0517870030E-13
  3.1105200000E+01 -3.0710022153E-14  6.5057658770E-14 -1.0471323180E-13
  3.1298700000E+01 -3.3453101773E-14  6.7387934234E-14 -1.0407720908E-13
  3.1492800000E+01 -3.6072282273E-14  6.9535235015E-14 -1.0327587864E-13
  3.1687500000E+01 -3.8564834206E-14  7.1499458110E-14 -1.0231461176E-13
  3.1882800000E+01 -4.0928321354E-14  7.3280829084E-14 -1.0119889569E-13
  3.2078700000E+01 -4.3160600344E-14  7.4879895975E-14 -9.9934324814E-14
  3.2275200000E+01 -4.5259819739E-14  7.6297522739E-14 -9.8526591704E-14
  3.2472300000E+01 -4.7224418591E-14  7.7534882269E-14 -9.6981478102E-14
  3.2670000000E+01 -4.9053124474E-14  7.8593448985E-14 -9.5304845888E-14
  3.2868300000E+01 -5.0744951012E-14  7.9474991039E-14 -9.3502627995E-14
  3.3067200000E+01 -5.2299194902E-14  8.0181562125E-14 -9.1580819317E-14
  3.3266700000E+01 -5.3715432462E-14  8.0715492937E-14 -8.9545467607E-14
  3.3466800000E+01 -5.4993515703E-14  8.1079382277E-14 -8.7402664392E-14
  3.3667500000E+01 -5.6133567944E-14  8.1276087842E-14 -8.5158535909E-14
  3.3868800000E+01 -5.7135978984E-14  8.1308716703E-14 -8.2819234078E-14
  3.4070700000E+01 -5.8001399854E-14  8.1180615508E-14 -8.0390927533E-14
  3.4273200000E+01 -5.8730737152E-14  8.0895360408E-14 -7.7879792711E-14
  3.4476300000E+01 -5.9325146984E-14  8.0456746755E-14 -7.5292005028E-14
  3.4680000000E+01 -5.9786028533E-14  7.9868778564E-14 -7.2633730138E-14
  3.4884300000E+01 -6.0115017264E-14  7.9135657784E-14 -6.9911115305E-14
  3.5089200000E+01 -6.0313977787E-14  7.8261773382E-14 -6.7130280885E-14
  3.5294700000E+01 -6.0384996404E-14  7.7251690270E-14 -6.4297311943E-14
  3.5500800000E+01 -6.0330373343E-14  7.6110138095E-14 -6.1418250006E-14
  3.5707500000E+01 -6.0152614711E-14  7.4841999912E-14 -5.8499084976E-14
  3.5914800000E+01 -5.9854424180E-14  7.3452300758E-14 -5.5545747198E-14
  3.6122700000E+01 -5.9438694428E-14  7.1946196158E-14 -5.2564099714E-14
  3.6331200000E+01 -5.8908498352E-14  7.0328960571E-14 -4.9559930693E-14
  3.6540300000E+01 -5.8267080071E-14  6.8605975808E-14 -4.6538946061E-14
  3.6750000000E+01 -5.7517845749E-14  6.6782719434E-14 -4.3506762342E-14
  3.6960300000E+01 -5.6664354247E-14  6.4864753183E-14 -4.0468899705E-14
  3.7171200000E+01 -5.5710307627E-14  6.2857711398E-14 -3.7430775240E-14
  3.7382700000E+01 -5.4659541534E-14  6.0767289520E-14 -3.4397696469E-14
  3.7594800000E+01 -5.3516015467E-14  5.8599232648E-14 -3.1374855095E-14
  3.7807500000E+01 -5.2283802971E-14  5.6359324183E-14 -2.8367320998E-14
  3.8020800000E+01 -5.0967081749E-14  5.4053374578E-14 -2.5380036492E-14
  3.8234700000E+01 -4.9570123748E-14  5.1687210219E-14 -2.2417810841E-14
  3.8449200000E+01 -4.8097285194E-14  4.9266662438E-14 -1.9485315041E-14
  3.8664300000E+01 -4.6552996643E-14  4.6797556698E-14 -1.6587076886E-14
  3.8880000000E+01 -4.4941753028E-14  4.4285701947E-14 -1.3727476302E-14
  3.9096300000E+01 -4.3268103737E-14  4.1736880169E-14 -1.0910740975E-14
  3.9313200000E+01 -4.1536642756E-14  3.9156836143E-14 -8.1409422600E-15
  3.9530700000E+01 -3.9751998855E-14  3.6551267433E-14 -5.4219913904E-15
  3.9748800000E+01 -3.7918825881E-14  3.3925814612E-14 -2.7576359763E-15
  3.9967500000E+01 -3.6041793142E-14  3.1286051740E-14 -1.5145680430E-16
  4.0186800000E+01 -3.4125575913E-14  2.8637477119E-14  2.3931350624E-15
  4.0406700000E+01 -3.2174846081E-14  2.5985504315E-14  4.8729008822E-15
  4.0627200000E+01 -3.0194262935E-14  2.3335453490E-14  7.2847765300E-15
  4.0848300000E+01 -2.8188464137E-14  2.0692543023E-14  9.6258744876E-15
  4.1070000000E+01 -2.6162056860E-14  1.8061881457E-14  1.1893485531E-14
  4.1292300000E+01 -2.4119609137E-14  1.5448459770E-14  1.4085080112E-14
  4.1515200000E+01 -2.2065641414E-14  1.2857143979E-14  1.6198309440E-14
  4.1738700000E+01 -2.0004618327E-14  1.0292668095E-14  1.8231006260E-14
  4.1962800000E+01 -1.7940940721E-14  7.7596274196E-15  2.0181185331E-14
  4.2187500000E+01 -1.5878937917E-14  5.2624722142E-15  2.2047043611E-14
  4.2412800000E+01 -1.3822860236E-14  2.8055017266E-15  2.3826960141E-14
  4.2638700000E+01 -1.1776871800E-14  3.9285859394E-16  2.5519495642E-14
  4.2865200000E+01 -9.7450436088E-15 -1.9714763778E-15  2.7123391828E-14
  4.3092300000E+01 -7.7313469154E-15 -4.2836890523E-15  2.8637570427E-14
  4.3320000000E+01 -5.7396468936E-15 -6.5401364165E-15  3.0061131935E-14
  4.3548300000E+01 -3.7736966181E-15 -8.7373506451E-15  3.1393354084E-14
  4.3777200000E+01 -1.8371313588E-15 -1.0872042775E-14  3.2633690055E-14
  4.4006700000E+01  6.6536804103E-17 -1.2941105991E-14  3.3781766416E-14
  4.4236800000E+01  1.9339240363E-15 -1.4941618510E-14  3.4837380818E-14
  4.4467500000E+01  3.7617794730E-15 -1.6870846086E-14  3.5800499431E-14
  4.4698800000E+01  5.5469896055E-15 -1.8726244116E-14  3.6671254142E-14
  4.4930700000E+01  7.2865823264E-15 -2.0505459354E-14  3.7449939521E-14
  4.5163200000E+01  8.9777306306E-15 -2.2206331242E-14  3.8137009553E-14
  4.5396300000E+01  1.0617755971E-14 -2.3826892858E-14  3.8733074163E-14
  4.5630000000E+01  1.2204131263E-14 -2.5365371476E-14  3.9238895514E-14
  4.5864300000E+01  1.3734483545E-14 -2.6820188756E-14  3.9655384120E-14
  4.6099200000E+01  1.5206596287E-14 -2.8189960557E-14  3.9983594751E-14
  4.6334700000E+01  1.6618411348E-14 -2.9473496389E-14  4.0224722166E-14
  4.6570800000E+01  1.7968030590E-14 -3.0669798500E-14  4.0380096662E-14
  4.6807500000E+01  1.9253717148E-14 -3.1778060611E-14  4.0451179462E-14
  4.7044800000E+01  2.0473896347E-14 -3.2797666307E-14  4.0439557949E-14
  4.7282700000E+01  2.1627156293E-14 -3.3728187088E-14  4.0346940751E-14
  4.7521200000E+01  2.2712248112E-14 -3.4569380089E-14  4.0175152690E-14
  4.7760300000E+01  2.3728085873E-14 -3.5321185484E-14  3.9926129607E-14
  4.8000000000E+01  2.4673746173E-14 -3.5983723569E-14  3.9601913075E-14
  4.8240300000E+01  2.5548467401E-14 -3.6557291557E-14  3.9204645002E-14
  4.8481200000E+01  2.6351648693E-14 -3.7042360069E-14  3.8736562140E-14
  4.8722700000E+01  2.7082848573E-14 -3.7439569351E-14  3.8199990513E-14
  4.8964800000E+01  2.7741783292E-14 -3.7749725221E-14  3.7597339773E-14
  4.9207500000E+01  2.8328324878E-14 -3.7973794757E-14  3.6931097484E-14
  4.9450800000E+01  2.8842498894E-14 -3.8112901740E-14  3.6203823370E-14
  4.9694700000E+01  2.9284481922E-14 -3.8168321860E-14  3.5418143503E-14
  4.9939200000E+01  2.9654598779E-14 -3.8141477706E-14  3.4576744474E-14
  5.0184300000E+01  2.9953319474E-14 -3.8033933542E-14  3.3682367538E-14
  5.0430000000E+01  3.0181255912E-14 -3.7847389888E-14  3.2737802747E-14
  5.0676300000E+01  3.0339158368E-14 -3.7583677923E-14  3.1745883087E-14
  5.0923200000E+01  3.0427911723E-14 -3.7244753711E-14  3.0709478622E-14
  5.1170700000E+01  3.0448531487E-14 -3.6832692280E-14  2.9631490664E-14
  5.1418800000E+01  3.0402159616E-14 -3.6349681545E-14  2.8514845963E-14
  5.1667500000E+01  3.0290060138E-14 -3.5798016122E-14  2.7362490946E-14
  5.1916800000E+01  3.0113614582E-14 -3.5180091005E-14  2.6177386007E-14
  5.2166700000E+01  2.9874317252E-14 -3.4498395162E-14  2.4962499844E-14
  5.2417200000E+01  2.9573770332E-14 -3.3755505029E-14  2.3720803880E-14
  5.2668300000E+01  2.9213678847E-14 -3.2954077937E-14  2.2455266749E-14
  5.2920000000E+01  2.8795845484E-14 -3.2096845480E-14  2.1168848873E-14
  5.3172300000E+01  2.8322165298E-14 -3.1186606833E-14  1.9864497135E-14
  5.3425200000E+01  2.7794620305E-14 -3.0226222045E-14  1.8545139651E-14
  5.3678700000E+01  2.7215273972E-14 -2.9218605299E-14  1.7213680657E-14
  5.3932800000E+01  2.6586265632E-14 -2.8166718185E-14  1.5872995508E-14
  5.4187500000E+01  2.5909804817E-14 -2.7073562966E-14  1.4525925812E-14
  5.4442800000E+01  2.5188165539E-14 -2.5942175871E-14  1.3175274686E-14
  5.4698700000E+01  2.4423680518E-14 -2.4775620423E-14  1.1823802163E-14
  5.4955200000E+01  2.3618735377E-14 -2.3576980806E-14  1.0474220736E-14
  5.5212300000E+01  2.2775762816E-14 -2.2349355301E-14  9.1291910576E-15
  5.5470000000E+01  2.1897236775E-14 -2.1095849782E-14  7.7913178015E-15
  5.5728300000E+01  2.0985666595E-14 -1.9819571304E-14  6.4631456793E-15
  5.5987200000E+01  2.0043591199E-14 -1.8523621774E-14  5.1471556328E-15
  5.6246700000E+01  1.9073573293E-14 -1.7211091740E-14  3.8457611961E-15
  5.6506800000E+01  1.8078193608E-14 -1.5885054281E-14  2.5613050365E-15
  5.6767500000E+01  1.7060045186E-14 -1.4548559040E-14  1.2960556764E-15
  5.7028800000E+01  1.6021727729E-14 -1.3204626373E-14  5.2204400744E-17
  5.7290700000E+01  1.4965842015E-14 -1.1856241666E-14 -1.1681376479E-15
  5.7553200000E+01  1.3894984398E-14 -1.0506349788E-14 -2.3629421820E-15
  5.7816300000E+01  1.2811741393E-14 -9.1578497174E-15 -3.5302662888E-15
  5.8080000000E+01  1.1718684370E-14 -7.8135893417E-15 -4.6682547540E-15
  5.8344300000E+01  1.0618364348E-14 -6.4763604318E-15 -5.7751421880E-15
  5.8609200000E+01  9.5133069158E-15 -5.1488938079E-15 -6.8492549533E-15
  5.8874700000E+01  8.4060072793E-15 -3.8338546986E-15 -7.8890128923E-15
  5.9140800000E+01  7.2989254419E-15 -2.5338383015E-15 -8.8929308543E-15
  5.9407500000E+01  6.1944815328E-15 -1.2513655512E-15 -9.8596200227E-15
  5.9674800000E+01  5.0950512866E-15  1.1120900352E-17 -1.0787789041E-14
  5.9942700000E+01  4.0029616816E-15  1.2512604854E-15 -1.1676244940E-14
  6.0211200000E+01  2.9204867446E-15  2.4667782991E-15 -1.2523893865E-14
  6.0480300000E+01  1.8498435287E-15  3.6554884526E-15 -1.3329741607E-14
  6.0750000000E+01  7.9318826838E-16  4.8152971951E-15 -1.4092893932E-14
  6.1020300000E+01 -2.4738727998E-16  5.9442058033E-15 -1.4812556729E-14
  6.1291200000E+01 -1.2698593100E-15  7.0403132349E-15 -1.5488035951E-14
  6.1562700000E+01 -2.2722752426E-15  8.1018185440E-15 -1.6118737376E-14
  6.1834800000E+01 -3.2527568067E-15  9.1270230579E-15 -1.6704166180E-14
  6.2107500000E+01 -4.2095029171E-15  1.0114332313E-14 -1.7243926327E-14
  6.2380800000E+01 -5.1407923496E-15  1.1062257748E-14 -1.7737719777E-14
  6.2654700000E+01 -6.0449862072E-15  1.1969418160E-14 -1.8185345522E-14
  6.2929200000E+01 -6.9205301782E-15  1.2834540915E-14 -1.8586698448E-14
  6.3204300000E+01 -7.7659565819E-15  1.3656462923E-14 -1.8941768031E-14
  6.3480000000E+01 -8.5798862020E-15  1.4434131371E-14 -1.9250636869E-14
  6.3756300000E+01 -9.3610299068E-15  1.5166604220E-14 -1.9513479060E-14
  6.4033200000E+01 -1.0108190055E-14  1.5853050469E-14 -1.9730558424E-14
  6.4310700000E+01 -1.0820261687E-14  1.6492750188E-14 -1.9902226577E-14
  6.4588800000E+01 -1.1496233504E-14  1.7085094315E-14 -2.0028920870E-14
  6.4867500000E+01 -1.2135188633E-14  1.7629584240E-14 -2.0111162185E-14
  6.5146800000E+01 -1.2736305183E-14  1.8125831157E-14 -2.0149552606E-14
  6.5426700000E+01 -1.3298856587E-14  1.8573555203E-14 -2.0144772961E-14
  6.5707200000E+01 -1.3822211742E-14  1.8972584385E-14 -2.0097580256E-14
  6.5988300000E+01 -1.4305834940E-14  1.9322853304E-14 -2.0008804990E-14
  6.6270000000E+01 -1.4749285599E-14  1.9624401666E-14 -1.9879348366E-14
  6.6552300000E+01 -1.5152217797E-14  1.9877372609E-14 -1.9710179413E-14
  6.6835200000E+01 -1.5514379606E-14  2.0082010834E-14 -1.9502332004E-14
  6.7118700000E+01 -1.5835612241E-14  2.0238660554E-14 -1.9256901803E-14
  6.7402800000E+01 -1.6115849019E-14  2.0347763266E-14 -1.8975043130E-14
  6.7687500000E+01 -1.6355114140E-14  2.0409855353E-14 -1.8657965748E-14
  6.7972800000E+01 -1.6553521284E-14  2.0425565526E-14 -1.8306931607E-14
  6.8258700000E+01 -1.6711272047E-14  2.0395612106E-14 -1.7923251509E-14
  6.8545200000E+01 -1.6828654204E-14  2.0320800163E-14 -1.7508281747E-14
  6.8832300000E+01 -1.6906039811E-14  2.0202018513E-14 -1.7063420682E-14
  6.9120000000E+01 -1.6943883166E-14  2.0040236586E-14 -1.6590105303E-14
  6.9408300000E+01 -1.6942718602E-14  1.9836501166E-14 -1.6089807750E-14
  6.9697200000E+01 -1.6903158164E-14  1.9591933024E-14 -1.5564031822E-14
  6.9986700000E+01 -1.6825889131E-14  1.9307723435E-14 -1.5014309467E-14
  7.0276800000E+01 -1.6711671423E-14  1.8985130606E-14 -1.4442197272E-14
  7.0567500000E+01 -1.6561334889E-14  1.8625476008E-14 -1.3849272952E-14
  7.0858800000E+01 -1.6375776477E-14  1.8230140633E-14 -1.3237131843E-14
  7.1150700000E+01 -1.6155957305E-14  1.7800561176E-14 -1.2607383420E-14
  7.1443200000E+01 -1.5902899632E-14  1.7338226155E-14 -1.1961647819E-14
  7.1736300000E+01 -1.5617683742E-14  1.6844671981E-14 -1.1301552410E-14
  7.2030000000E+01 -1.5301444746E-14  1.6321478976E-14 -1.0628728381E-14
  7.2324300000E+01 -1.4955369311E-14  1.5770267362E-14 -9.9448073767E-15
  7.2619200000E+01 -1.4580692322E-14  1.5192693218E-14 -9.2514181826E-15
  7.2914700000E+01 -1.4178693489E-14  1.4590444422E-14 -8.5501834546E-15
  7.3210800000E+01 -1.3750693907E-14  1.3965236578E-14 -7.8427165133E-15
  7.3507500000E+01 -1.3298052566E-14  1.3318808950E-14 -7.1306181993E-15
  7.3804800000E+01 -1.2822162837E-14  1.2652920394E-14 -6.4154737980E-15
  7.4102700000E+01 -1.2324448927E-14  1.1969345314E-14 -5.6988500388E-15
  7.4401200000E+01 -1.1806362320E-14  1.1269869637E-14 -4.9822921734E-15
  7.4700300000E+01 -1.1269378207E-14  1.0556286819E-14 -4.2673211384E-15
  7.5000000000E+01 -1.0714991913E-14  9.8303938942E-15 -3.5554308059E-15
  7.5300300000E+01 -1.0144715329E-14  9.0939875728E-15 -2.8480853274E-15
  7.5601200000E+01 -9.5600733651E-15  8.3488603880E-15 -2.1467165744E-15
  7.5902700000E+01 -8.9626004129E-15  7.5967969112E-15 -1.4527216796E-15
  7.6204800000E+01 -8.3538368452E-15  6.8395700336E-15 -7.6746068281E-16
  7.6507500000E+01 -7.7353255467E-15  6.0789373256E-15 -9.2254283769E-17
  7.6810800000E+01 -7.1086084878E-15  5.3166374787E-15  5.7161829345E-16
  7.7114700000E+01 -6.4752233483E-15  4.5543868366E-15  1.2229213231E-15
  7.7419200000E+01 -5.8367001958E-15  3.7938760220E-15  1.8604644842E-15
  7.7724300000E+01 -5.1945582266E-15  3.0367666649E-15  2.4831046481E-15
  7.8030000000E+01 -4.5503025751E-15  2.2846882371E-15  3.0897475463E-15
  7.8336300000E+01 -3.9054211971E-15  1.5392349994E-15  3.6793493157E-15
  7.8643200000E+01 -3.2613818334E-15  8.0196306553E-16  4.2509179194E-15
  7.8950700000E+01 -2.6196290588E-15  7.4387587897E-17  4.8035144439E-15
  7.9258800000E+01 -1.9815814218E-15 -6.4201993099E-16  5.3362542686E-15
  7.9567500000E+01 -1.3486286800E-15 -1.3458341967E-15  5.8483081102E-15
  7.9876800000E+01 -7.2212913605E-16 -2.0356785476E-15  6.3389029384E-15
  8.0186700000E+01 -1.0340707848E-16 -2.7102272423E-15  6.8073227652E-15
  8.0497200000E+01  5.0624966867E-16 -3.3682076072E-15  7.2529093064E-15
  8.0808300000E+01  1.1055920831E-15 -4.0084020414E-15  7.6750625157E-15
  8.1120000000E+01  1.6934121650E-15 -4.6296498754E-15  8.0732409930E-15
  8.1432300000E+01  2.2685450382E-15 -5.2308490841E-15  8.4469622666E-15
  8.1745200000E+01  2.8298709285E-15 -5.8109578496E-15  8.7958029502E-15
  8.2058700000E+01  3.3763170166E-15 -6.3689959745E-15  9.1193987774E-15
  8.2372800000E+01  3.9068591629E-15 -6.9040461432E-15  9.4174445135E-15
  8.2687500000E+01  4.4205235028E-15 -7.4152550313E-15  9.6896937478E-15
  8.3002800000E+01  4.9163879103E-15 -7.9018342632E-15  9.9359585668E-15
  8.3318700000E+01  5.3935833280E-15 -8.3630612164E-15  1.0156109112E-14
  8.3635200000E+01  5.8512949634E-15 -8.7982796737E-15  1.0350073026E-14
  8.3952300000E+01  6.2887633495E-15 -9.2069003242E-15  1.0517834780E-14
  8.4270000000E+01  6.7052852701E-15 -9.5884011128E-15  1.0659434905E-14
  8.4588300000E+01  7.1002145487E-15 -9.9423274411E-15  1.0774969107E-14
  8.4907200000E+01  7.4729627019E-15 -1.0268292219E-14  1.0864587284E-14
  8.5226700000E+01  7.8229994566E-15 -1.0565975772E-14  1.0928492446E-14
  8.5546800000E+01  8.1498531330E-15 -1.0835125602E-14  1.0966939538E-14
  8.5867500000E+01  8.4531108927E-15 -1.1075556006E-14  1.0980234166E-14
  8.6188800000E+01  8.7324188542E-15 -1.1287147561E-14  1.0968731248E-14
  8.6510700000E+01  8.9874820772E-15 -1.1469846464E-14  1.0932833565E-14
  8.6833200000E+01  9.2180644168E-15 -1.1623663748E-14  1.0872990242E-14
  8.7156300000E+01  9.4239882499E-15 -1.1748674359E-14  1.0789695153E-14
  8.7480000000E+01  9.6051340764E-15 -1.1845016114E-14  1.0683485248E-14
  8.7804300000E+01  9.7614399973E-15 -1.1912888537E-14  1.0554938818E-14
  8.8129200000E+01  9.8929010720E-15 -1.1952551567E-14  1.0404673696E-14
  8.8454700000E+01  9.9995685587E-15 -1.1964324166E-14  1.0233345395E-14
  8.8780800000E+01  1.0081549040E-14 -1.1948582808E-14  1.0041645201E-14
  8.9107500000E+01  1.0139003439E-14 -1.1905759865E-14  9.8302982088E-15
  8.9434800000E+01  1.0172145927E-14 -1.1836341894E-14  9.6000613140E-15
  8.9762700000E+01  1.0181242724E-14 -1.1740867832E-14  9.3517211700E-15
  9.0091200000E+01  1.0166610811E-14 -1.1619927090E-14  9.0860921047E-15
  9.0420300000E+01  1.0128616531E-14 -1.1474157579E-14  8.8040140094E-15
  9.0750000000E+01  1.0067674113E-14 -1.1304243639E-14  8.5063502008E-15
  9.1080300000E+01  9.9842440975E-15 -1.1110913909E-14  8.1939852626E-15
  9.1411200000E+01  9.8788316906E-15 -1.0894939117E-14  7.8678228707E-15
  9.1742700000E+01  9.7519850314E-15 -1.0657129815E-14  7.5287836068E-15
  9.2074800000E+01  9.6042933914E-15 -1.0398334051E-14  7.1778027652E-15
  9.2407500000E+01  9.4363853048E-15 -1.0119434996E-14  6.8158281576E-15
  9.2740800000E+01  9.2489266352E-15 -9.8213485181E-15  6.4438179199E-15
  9.3074700000E+01  9.0426185851E-15 -9.5050207233E-15  6.0627383264E-15
  9.3409200000E+01  8.8181956524E-15 -9.1714254574E-15  5.6735616149E-15
  9.3744300000E+01  8.5764235385E-15 -8.8215617825E-15  5.2772638282E-15
  9.4080000000E+01  8.3180970153E-15 -8.4564514301E-15  4.8748226749E-15
  9.4416300000E+01  8.0440377531E-15 -8.0771362377E-15  4.4672154153E-15
  9.4753200000E+01  7.7550921185E-15 -7.6846755747E-15  4.0554167752E-15
  9.5090700000E+01  7.4521289437E-15 -7.2801437632E-15  3.6403968923E-15
  9.5428800000E+01  7.1360372758E-15 -6.8646274989E-15  3.2231192990E-15
  9.5767500000E+01  6.8077241090E-15 -6.4392232790E-15  2.8045389449E-15
  9.6106800000E+01  6.4681121058E-15 -6.0050348407E-15  2.3856002641E-15
  9.6446700000E+01  6.1181373130E-15 -5.5631706177E-15  1.9672352879E-15
  9.6787200000E+01  5.7587468759E-15 -5.1147412181E-15  1.5503618103E-15
  9.7128300000E+01  5.3908967580E-15 -4.6608569307E-15  1.1358816057E-15
  9.7470000000E+01  5.0155494690E-15 -4.2026252634E-15  7.2467870412E-16
  9.7812300000E+01  4.6336718077E-15 -3.7411485197E-15  3.1761772661E-16
  9.8155200000E+01  4.2462326236E-15 -3.2775214170E-15 -8.4457717266E-17
  9.8498700000E+01  3.8542006023E-15 -2.8128287524E-15 -4.8072656641E-16
  9.8842800000E+01  3.4585420798E-15 -2.3481431198E-15 -8.7039177756E-16
  9.9187500000E+01  3.0602188889E-15 -1.8845226832E-15 -1.2526817247E-15
  9.9532800000E+01  2.6601862432E-15 -1.4230090101E-15 -1.6268515265E-15
  9.9878700000E+01  2.2593906628E-15 -9.6462496826E-16 -1.9921842998E-15
  1.0022520000E+02  1.8587679457E-15 -5.1037269155E-16 -2.3479923370E-15
  1.0057230000E+02  1.4592411878E-15 -6.1231616095E-17 -2.6936182072E-15
  1.0092000000E+02  1.0617188576E-15  3.8184340791E-16 -3.0284357771E-15
  1.0126830000E+02  6.6709292666E-16  8.1792392661E-16 -3.3518511537E-15
  1.0161720000E+02  2.7623706130E-16  1.2461096117E-15 -3.6633035452E-15
  1.0196670000E+02 -1.0999512239E-16  1.6655299055E-15 -3.9622660398E-15
  1.0231680000E+02 -4.9077173668E-16  2.0753455804E-15 -4.2482463033E-15
  1.0266750000E+02 -8.6528423049E-16  2.4747502081E-15 -4.5207871928E-15
  1.0301880000E+02 -1.2327489253E-15  2.8629715388E-15 -4.7794672875E-15
  1.0337070000E+02 -1.5924084761E-15  3.2392727878E-15 -5.0239013366E-15
  1.0372320000E+02 -1.9435332547E-15  3.6029538262E-15 -5.2537406232E-15
  1.0407630000E+02 -2.2854226540E-15  3.9533522769E-15 -5.4686732460E-15
  1.0443000000E+02 -2.6174063103E-15  4.2898445124E-15 -5.6684243177E-15
  1.0478430000E+02 -2.9388452429E-15  4.6118465546E-15 -5.8527560818E-15
  1.0513920000E+02 -3.2491329085E-15  4.9188148759E-15 -6.0214679476E-15
  1.0549470000E+02 -3.5476961699E-15  5.2102470997E-15 -6.1743964457E-15
  1.0585080000E+02 -3.8339961776E-15  5.4856826015E-15 -6.3114151029E-15
  1.0620750000E+02 -4.1075291624E-15  5.7447030101E-15 -6.4324342399E-15
  1.0656480000E+02 -4.3678271408E-15  5.9869326079E-15 -6.5374006921E-15
  1.0692270000E+02 -4.6144585290E-15  6.2120386328E-15 -6.6262974543E-15
  1.0728120000E+02 -4.8470286693E-15  6.4197314792E-15 -6.6991432534E-15
  1.0764030000E+02 -5.0651802652E-15  6.6097648023E-15 -6.7559920472E-15
  1.0800000000E+02 -5.2685937280E-15  6.7819355237E-15 -6.7969324554E-15
  1.0836030000E+02 -5.4569874328E-15  6.9360837413E-15 -6.8220871212E-15
  1.0872120000E+02 -5.6301178868E-15  7.0720925438E-15 -6.8316120078E-15
  1.0908270000E+02 -5.7877798092E-15  7.1898877320E-15 -6.8256956318E-15
  1.0944480000E+02 -5.9298061228E-15  7.2894374488E-15 -6.8045582349E-15
  1.0980750000E+02 -6.0560678608E-15  7.3707517182E-15 -6.7684508980E-15
  1.1017080000E+02 -6.1664739876E-15  7.4338818977E-15 -6.7176545980E-15
  1.1053470000E+02 -6.2609711360E-15  7.4789200449E-15 -6.6524792133E-15
  1.1089920000E+02 -6.3395432632E-15  7.5059982009E-15 -6.5732624768E-15
  1.1126430000E+02 -6.4022112252E-15  7.5152875930E-15 -6.4803688831E-15
  1.1163000000E+02 -6.4490322743E-15  7.5069977606E-15 -6.3741885492E-15
  1.1199630000E+02 -6.4800994789E-15  7.4813756046E-15 -6.2551360352E-15
  1.1236320000E+02 -6.4955410700E-15  7.4387043664E-15 -6.1236491250E-15
  1.1273070000E+02 -6.4955197157E-15  7.3793025373E-15 -5.9801875720E-15
  1.1309880000E+02 -6.4802317262E-15  7.3035227020E-15 -5.8252318120E-15
  1.1346750000E+02 -6.4499061923E-15  7.2117503209E-15 -5.6592816470E-15
  1.1383680000E+02 -6.4048040599E-15  7.1044024526E-15 -5.4828549024E-15
  1.1420670000E+02 -6.3452171432E-15  6.9819264211E-15 -5.2964860618E-15
  1.1457720000E+02 -6.2714670797E-15  6.8447984322E-15 -5.1007248813E-15
  1.1494830000E+02 -6.1839042299E-15  6.6935221410E-15 -4.8961349882E-15
  1.1532000000E+02 -6.0829065254E-15  6.5286271752E-15 -4.6832924652E-15
  1.1569230000E+02 -5.9688782676E-15  6.3506676184E-15 -4.4627844256E-15
  1.1606520000E+02 -5.8422488807E-15  6.1602204562E-15 -4.2352075809E-15
  1.1643870000E+02 -5.7034716231E-15  5.9578839902E-15 -4.0011668050E-15
  1.1681280000E+02 -5.5530222595E-15  5.7442762223E-15 -3.7612736972E-15
  1.1718750000E+02 -5.3913976975E-15  5.5200332144E-15 -3.5161451489E-15
  1.1756280000E+02 -5.2191145923E-15  5.2858074279E-15 -3.2664019147E-15
  1.1793870000E+02 -5.0367079235E-15  5.0422660448E-15 -3.0126671928E-15
  1.1831520000E+02 -4.8447295462E-15  4.7900892766E-15 -2.7555652169E-15
  1.1869230000E+02 -4.6437467215E-15  4.5299686639E-15 -2.4957198625E-15
  1.1907000000E+02 -4.4343406289E-15  4.2626053702E-15 -2.2337532710E-15
  1.1944830000E+02 -4.2171048643E-15  3.9887084750E-15 -1.9702844930E-15
  1.1982720000E+02 -3.9926439281E-15  3.7089932689E-15 -1.7059281558E-15
  1.2020670000E+02 -3.7615717056E-15  3.4241795546E-15 -1.4412931558E-15
  1.2058680000E+02 -3.5245099438E-15  3.1349899583E-15 -1.1769813786E-15
  1.2096750000E+02 -3.2820867286E-15  2.8421482545E-15 -9.1358645008E-16
  1.2134880000E+02 -3.0349349649E-15  2.5463777077E-15 -6.5169252070E-16
  1.2173070000E+02 -2.7836908639E-15  2.2483994349E-15 -3.9187308432E-16
  1.2211320000E+02 -2.5289924399E-15  1.9489307922E-15 -1.3468983473E-16
  1.2249630000E+02 -2.2714780213E-15  1.6486837889E-15  1.1930843837E-16
  1.2288000000E+02 -2.0117847774E-15  1.3483635319E-15  3.6958691216E-16
  1.2326430000E+02 -1.7505472656E-15  1.0486667040E-15  6.1562575017E-16
  1.2364920000E+02 -1.4883960013E-15  7.5028007923E-16  8.5692107678E-16
  1.2403470000E+02 -1.2259560533E-15  4.5387907737E-16  1.0929859052E-15
  1.2442080000E+02 -9.6384566820E-16  1.6012636147E-16  1.3233510173E-15
  1.2480750000E+02 -7.0267492632E-16 -1.3032951987E-16  1.5475657941E-15
  1.2519480000E+02 -4.4304443178E-16 -4.1685544244E-16  1.7651989953E-15
  1.2558270000E+02 -1.8554403930E-16 -6.9883496628E-16  1.9758394875E-15
  1.2597120000E+02  6.9248379701E-17 -9.7566954329E-16  2.1790969187E-15
  1.2636030000E+02  3.2076812933E-16 -1.2467796703E-15  2.3746023398E-15
  1.2675000000E+02  5.6846483766E-16 -1.5116059860E-15  2.5620087717E-15
  1.2714030000E+02  8.1180355912E-16 -1.7696103090E-15  2.7409917163E-15
  1.2753120000E+02  1.0502658290E-15 -2.0202766172E-15  2.9112496130E-15
  1.2792270000E+02  1.2833506679E-15 -2.2631119640E-15  3.0725042386E-15
  1.2831480000E+02  1.5105755353E-15 -2.4976473336E-15  3.2245010511E-15
  1.2870750000E+02  1.7314772288E-15 -2.7234384307E-15  3.3670094771E-15
  1.2910080000E+02  1.9456127300E-15 -2.9400664060E-15  3.4998231427E-15
  1.2949470000E+02  2.1525599938E-15 -3.1471385157E-15  3.6227600486E-15
  1.2988920000E+02  2.3519186807E-15 -3.3442887138E-15  3.7356626885E-15
  1.3028430000E+02  2.5433108311E-15 -3.5311781775E-15  3.8383981125E-15
  1.3068000000E+02  2.7263814804E-15 -3.7074957646E-15  3.9308579349E-15
  1.3107630000E+02  2.9007992147E-15 -3.8729584033E-15  4.0129582875E-15
  1.3147320000E+02  3.0662566659E-15 -4.0273114134E-15  4.0846397194E-15
  1.3187070000E+02  3.2224709460E-15 -4.1703287595E-15  4.1458670432E-15
  1.3226880000E+02  3.3691840203E-15 -4.3018132365E-15  4.1966291296E-15
  1.3266750000E+02  3.5061630195E-15 -4.4215965874E-15  4.2369386504E-15
  1.3306680000E+02  3.6332004899E-15 -4.5295395536E-15  4.2668317719E-15
  1.3346670000E+02  3.7501145833E-15 -4.6255318598E-15  4.2863677995E-15
  1.3386720000E+02  3.8567491849E-15 -4.7094921319E-15  4.2956287749E-15
  1.3426830000E+02  3.9529739814E-15 -4.7813677507E-15  4.2947190271E-15
  1.3467000000E+02  4.0386844685E-15 -4.8411346425E-15  4.2837646792E-15
  1.3507230000E+02  4.1138018994E-15 -4.8887970057E-15  4.2629131119E-15
  1.3547520000E+02  4.1782731739E-15 -4.9243869774E-15  4.2323323862E-15
  1.3587870000E+02  4.2320706707E-15 -4.9479642396E-15  4.1922106262E-15
  1.3628280000E+02  4.2751920221E-15 -4.9596155671E-15  4.1427553641E-15
  1.3668750000E+02  4.3076598333E-15 -4.9594543188E-15  4.0841928498E-15
  1.3709280000E+02  4.3295213479E-15 -4.9476198744E-15  4.0167673259E-15
  1.3749870000E+02  4.3408480593E-15 -4.9242770176E-15  3.9407402709E-15
  1.3790520000E+02  4.3417352715E-15 -4.8896152691E-15  3.8563896132E-15
  1.3831230000E+02  4.3323016093E-15 -4.8438481693E-15  3.7640089156E-15
  1.3872000000E+02  4.3126884808E-15 -4.7872125160E-15  3.6639065357E-15
  1.3912830000E+02  4.2830594926E-15 -4.7199675557E-15  3.5564047616E-15
  1.3953720000E+02  4.2435998206E-15 -4.6423941342E-15  3.4418389262E-15
  1.3994670000E+02  4.1945155384E-15 -4.5547938064E-15  3.3205565029E-15
  1.4035680000E+02  4.1360329042E-15 -4.4574879089E-15  3.1929161833E-15
  1.4076750000E+02  4.0683976095E-15 -4.3508165979E-15  3.0592869407E-15
  1.4117880000E+02  3.9918739909E-15 -4.2351378547E-15  2.9200470809E-15
  1.4159070000E+02  3.9067442078E-15 -4.1108264611E-15  2.7755832826E-15
  1.4200320000E+02  3.8133073877E-15 -3.9782729484E-15  2.6262896292E-15
  1.4241630000E+02  3.7118787419E-15 -3.8378825212E-15  2.4725666358E-15
  1.4283000000E+02  3.6027886537E-15 -3.6900739602E-15  2.3148202716E-15
  1.4324430000E+02  3.4863817414E-15 -3.5352785053E-15  2.1534609810E-15
  1.4365920000E+02  3.3630158986E-15 -3.3739387232E-15  1.9889027062E-15
  1.4407470000E+02  3.2330613146E-15 -3.2065073610E-15  1.8215619114E-15
  1.4449080000E+02  3.0968994767E-15 -3.0334461892E-15  1.6518566138E-15
  1.4490750000E+02  2.9549221573E-15 -2.8552248366E-15  1.4802054198E-15
  1.4532480000E+02  2.8075303885E-15 -2.6723196202E-15  1.3070265722E-15
  1.4574270000E+02  2.6551334262E-15 -2.4852123722E-15  1.1327370075E-15
  1.4616120000E+02  2.4981477060E-15 -2.2943892672E-15  9.5775142697E-16
  1.4658030000E+02  2.3369957947E-15 -2.1003396526E-15  7.8248138277E-16
  1.4700000000E+02  2.1721053380E-15 -1.9035548841E-15  6.0733438107E-16
  1.4742030000E+02  2.0039080087E-15 -1.7045271690E-15  4.3271300410E-16
  1.4784120000E+02  1.8328384561E-15 -1.5037484205E-15  2.5901405285E-16
  1.4826270000E+02  1.6593332600E-15 -1.3017091252E-15  8.6627711997E-17
  1.4868480000E+02  1.4838298924E-15 -1.0988972253E-15 -8.4063261137E-17
  1.4910750000E+02  1.3067656866E-15 -8.9579701972E-16 -2.5268432213E-16
  1.4953080000E+02  1.1285768196E-15 -6.9288808479E-16 -4.1886989803E-16
  1.4995470000E+02  9.4969730636E-16 -4.9064421752E-16 -5.8226411751E-16
  1.5037920000E+02  7.7055801083E-16 -2.8953240361E-16 -7.4252151126E-16
  1.5080430000E+02  5.9158567481E-16 -9.0011812144E-17 -8.9930768143E-16
  1.5123000000E+02  4.1320196636E-16  1.0746718104E-16 -1.0522999389E-15
  1.5165630000E+02  2.3582255038E-16  3.0246393924E-16 -1.2011879071E-15
  1.5208320000E+02  5.9856182990E-17  4.9454847829E-16 -1.3456740922E-15
  1.5251070000E+02 -1.1429616853E-16  6.8330234577E-16 -1.4854744172E-15
  1.5293880000E+02 -2.8624217824E-16  8.6831946426E-16 -1.6203187206E-15
  1.5336750000E+02 -4.5559898503E-16  1.0492069372E-15 -1.7499512184E-15
  1.5379680000E+02 -6.2199398534E-16  1.2255858157E-15 -1.8741309284E-15
  1.5422670000E+02 -7.8506559375E-16  1.3970918254E-15 -1.9926320569E-15
  1.5465720000E+02 -9.4446396988E-16  1.5633760518E-15 -2.1052443461E-15
  1.5508830000E+02 -1.0998517103E-15  1.7241055824E-15 -2.2117733842E-15
  1.5552000000E+02 -1.2509045045E-15  1.8789641061E-15 -2.3120408748E-15
  1.5595230000E+02 -1.3973117530E-15  2.0276524676E-15 -2.4058848681E-15
  1.5638520000E+02 -1.5387771476E-15  2.1698891760E-15 -2.4931599524E-15
  1.5681870000E+02 -1.6750192123E-15  2.3054108684E-15 -2.5737374056E-15
  1.5725280000E+02 -1.8057718035E-15  2.4339727256E-15 -2.6475053083E-15
  1.5768750000E+02 -1.9307845701E-15  2.5553488421E-15 -2.7143686172E-15
  1.5812280000E+02 -2.0498233715E-15  2.6693325470E-15 -2.7742491991E-15
  1.5855870000E+02 -2.1626706535E-15  2.7757366788E-15 -2.8270858271E-15
  1.5899520000E+02 -2.2691257822E-15  2.8743938111E-15 -2.8728341379E-15
  1.5943230000E+02 -2.3690053344E-15  2.9651564313E-15 -2.9114665517E-15
  1.5987000000E+02 -2.4621433456E-15  3.0478970708E-15 -2.9429721549E-15
  1.6030830000E+02 -2.5483915140E-15  3.1225083880E-15 -2.9673565457E-15
  1.6074720000E+02 -2.6276193620E-15  3.1889032043E-15 -2.9846416451E-15
  1.6118670000E+02 -2.6997143543E-15  3.2470144922E-15 -2.9948654713E-15
  1.6162680000E+02 -2.7645819724E-15  3.2967953181E-15 -2.9980818816E-15
  1.6206750000E+02 -2.8221457473E-15  3.3382187388E-15 -2.9943602794E-15
  1.6250880000E+02 -2.8723472495E-15  3.3712776527E-15 -2.9837852905E-15
  1.6295070000E+02 -2.9151460365E-15  3.3959846074E-15 -2.9664564070E-15
  1.6339320000E+02 -2.9505195598E-15  3.4123715630E-15 -2.9424876022E-15
  1.6383630000E+02 -2.9784630304E-15  3.4204896139E-15 -2.9120069158E-15
  1.6428000000E+02 -2.9989892450E-15  3.4204086687E-15 -2.8751560116E-15
  1.6472430000E+02 -3.0121283725E-15  3.4122170902E-15 -2.8320897096E-15
  1.6516920000E+02 -3.0179277022E-15  3.3960212961E-15 -2.7829754920E-15
  1.6561470000E+02 -3.0164513549E-15  3.3719453226E-15 -2.7279929859E-15
  1.6606080000E+02 -3.0077799574E-15  3.3401303513E-15 -2.6673334243E-15
  1.6650750000E+02 -2.9920102825E-15  3.3007342017E-15 -2.6011990854E-15
  1.6695480000E+02 -2.9692548539E-15  3.2539307898E-15 -2.5298027131E-15
  1.6740270000E+02 -2.9396415194E-15  3.1999095558E-15 -2.4533669196E-15
  1.6785120000E+02 -2.9033129920E-15  3.1388748611E-15 -2.3721235714E-15
  1.6830030000E+02 -2.8604263618E-15  3.0710453576E-15 -2.2863131611E-15
  1.6875000000E+02 -2.8111525781E-15  2.9966533292E-15 -2.1961841652E-15
  1.6920030000E+02 -2.7556759056E-15  2.9159440102E-15 -2.1019923912E-15
  1.6965120000E+02 -2.6941933542E-15  2.8291748788E-15 -2.0040003139E-15
  1.7010270000E+02 -2.6269140854E-15  2.7366149308E-15 -1.9024764042E-15
  1.7055480000E+02 -2.5540587956E-15  2.6385439336E-15 -1.7976944498E-15
  1.7100750000E+02 -2.4758590799E-15  2.5352516622E-15 -1.6899328720E-15
  1.7146080000E+02 -2.3925567752E-15  2.4270371211E-15 -1.5794740384E-15
  1.7191470000E+02 -2.3044032876E-15  2.3142077513E-15 -1.4666035732E-15
  1.7236920000E+02 -2.2116589032E-15  2.1970786265E-15 -1.3516096678E-15
  1.7282430000E+02 -2.1145920855E-15  2.0759716398E-15 -1.2347823919E-15
  1.7328000000E+02 -2.0134787607E-15  1.9512146827E-15 -1.1164130080E-15
  1.7373630000E+02 -1.9086015925E-15  1.8231408180E-15 -9.9679328930E-16
  1.7419320000E+02 -1.8002492489E-15  1.6920874499E-15 -8.7621484424E-16
  1.7465070000E+02 -1.6887156617E-15  1.5583954915E-15 -7.5496844739E-16
  1.7510880000E+02 -1.5742992817E-15  1.4224085333E-15 -6.3334337964E-16
  1.7556750000E+02 -1.4573023304E-15  1.2844720134E-15 -5.1162677811E-16
  1.7602680000E+02 -1.3380300504E-15  1.1449323917E-15 -3.9010299771E-16
  1.7648670000E+02 -1.2167899562E-15  1.0041363303E-15 -2.6905298537E-16
  1.7694720000E+02 -1.0938910874E-15  8.6242988162E-16 -1.4875366837E-16
  1.7740830000E+02 -9.6964326574E-16  7.2015768543E-16 -2.9477358067E-17
  1.7787000000E+02 -8.4435635701E-16  5.7766217816E-16  8.8508829886E-17
  1.7833230000E+02 -7.1833954121E-16  4.3528281453E-16  2.0494353762E-16
  1.7879520000E+02 -5.9190059087E-16  2.9335530406E-16  3.1957170833E-16
  1.7925870000E+02 -4.6534516012E-16  1.5221086399E-16  4.3214510964E-16
  1.7972280000E+02 -3.3897608561E-16  1.2175489868E-17  5.4242283623E-16
  1.8018750000E+02 -2.1309270108E-16 -1.2643075426E-16  6.5017179057E-16
  1.8065280000E+02 -8.7990166828E-17 -2.6329442498E-16  7.5516714102E-16
  1.8111870000E+02  3.6041184421E-17 -3.9810936635E-16  8.5719275643E-16
  1.8158520000E+02  1.5871648381E-16 -5.3057735316E-16  9.5604161650E-16
  1.8205230000E+02  2.7975694366E-16 -6.6040870944E-16  1.0515161972E-15
  1.8252000000E+02  3.9889045434E-16 -7.8732290091E-16  1.1434288304E-15
  1.8298830000E+02  5.1585215973E-16 -9.1104910034E-16  1.2316020377E-15
  1.8345720000E+02  6.3038500992E-16 -1.0313267247E-15  1.3158688374E-15
  1.8392670000E+02  7.4224029023E-16 -1.1479059433E-15  1.3960730242E-15
  1.8439680000E+02  8.5117812546E-16 -1.2605481557E-15  1.4720694217E-15
  1.8486750000E+02  9.5696795851E-16 -1.3690264388E-15  1.5437241068E-15
  1.8533880000E+02  1.0593890024E-15 -1.4731259626E-15  1.6109146064E-15
  1.8581070000E+02  1.1582306650E-15 -1.5726443735E-15  1.6735300657E-15
  1.8628320000E+02  1.2532929456E-15 -1.6673921445E-15  1.7314713880E-15
  1.8675630000E+02  1.3443868029E-15 -1.7571928928E-15  1.7846513465E-15
  1.8723000000E+02  1.4313344934E-15 -1.8418836630E-15  1.8329946674E-15
  1.8770430000E+02  1.5139698804E-15 -1.9213151764E-15  1.8764380849E-15
  1.8817920000E+02  1.5921387124E-15 -1.9953520465E-15  1.9149303682E-15
  1.8865470000E+02  1.6656988708E-15 -2.0638729589E-15  1.9484323199E-15
  1.8913080000E+02  1.7345205871E-15 -2.1267708178E-15  1.9769167478E-15
  1.8960750000E+02  1.7984866287E-15 -2.1839528573E-15  2.0003684085E-15
  1.9008480000E+02  1.8574924533E-15 -2.2353407181E-15  2.0187839245E-15
  1.9056270000E+02  1.9114463325E-15 -2.2808704903E-15  2.0321716747E-15
  1.9104120000E+02  1.9602694433E-15 -2.3204927217E-15  2.0405516588E-15
  1.9152030000E+02  2.0038959294E-15 -2.3541723921E-15  2.0439553366E-15
  1.9200000000E+02  2.0422729303E-15 -2.3818888548E-15  2.0424254418E-15
  1.9248030000E+02  2.0753605803E-15 -2.4036357446E-15  2.0360157728E-15
  1.9296120000E+02  2.1031319771E-15 -2.4194208534E-15  2.0247909587E-15
  1.9344270000E+02  2.1255731190E-15 -2.4292659741E-15  2.0088262037E-15
  1.9392480000E+02  2.1426828143E-15 -2.4332067129E-15  1.9882070091E-15
  1.9440750000E+02  2.1544725593E-15 -2.4312922717E-15  1.9630288741E-15
  1.9489080000E+02  2.1609663894E-15 -2.4235852008E-15  1.9333969769E-15
  1.9537470000E+02  2.1622007010E-15 -2.4101611216E-15  1.8994258363E-15
  1.9585920000E+02  2.1582240461E-15 -2.3911084233E-15  1.8612389550E-15
  1.9634430000E+02  2.1490969011E-15 -2.3665279312E-15  1.8189684458E-15
  1.9683000000E+02  2.1348914085E-15 -2.3365325493E-15  1.7727546411E-15
  1.9731630000E+02  2.1156910946E-15 -2.3012468788E-15  1.7227456877E-15
  1.9780320000E+02  2.0915905625E-15 -2.2608068123E-15  1.6690971271E-15
  1.9829070000E+02  2.0626951619E-15 -2.2153591052E-15  1.6119714631E-15
  1.9877880000E+02  2.0291206373E-15 -2.1650609264E-15  1.5515377168E-15
  1.9926750000E+02  1.9909927541E-15 -2.1100793886E-15  1.4879709715E-15
  1.9975680000E+02  1.9484469056E-15 -2.0505910596E-15  1.4214519076E-15
  2.0024670000E+02  1.9016277002E-15 -1.9867814564E-15  1.3521663289E-15
  2.0073720000E+02  1.8506885316E-15 -1.9188445232E-15  1.2803046821E-15
  2.0122830000E+02  1.7957911312E-15 -1.8469820940E-15  1.2060615691E-15
  2.0172000000E+02  1.7371051062E-15 -1.7714033425E-15  1.1296352557E-15
  2.0221230000E+02  1.6748074632E-15 -1.6923242198E-15  1.0512271751E-15
  2.0270520000E+02  1.6090821178E-15 -1.6099668812E-15  9.7104142982E-16
  2.0319870000E+02  1.5401193942E-15 -1.5245591045E-15  8.8928429160E-16
  2.0369280000E+02  1.4681155128E-15 -1.4363336995E-15  8.0616370123E-16
  2.0418750000E+02  1.3932720701E-15 -1.3455279127E-15  7.2188876907E-16
  2.0468280000E+02  1.3157955092E-15 -1.2523828262E-15  6.3666927772E-16
  2.0517870000E+02  1.2358965853E-15 -1.1571427532E-15  5.5071518770E-16
  2.0567520000E+02  1.1537898253E-15 -1.0600546322E-15  4.6423614744E-16
  2.0617230000E+02  1.0696929830E-15 -9.6136742014E-16  3.7744100852E-16
  2.0667000000E+02  9.8382649329E-16 -8.6133148684E-16  2.9053734734E-16
  2.0716830000E+02  8.9641292332E-16 -7.6019801160E-16  2.0373099419E-16
  2.0766720000E+02  8.0767642497E-16 -6.5821838353E-16  1.1722557080E-16
  2.0816670000E+02  7.1784218814E-16 -5.5564360698E-16  3.1222037266E-17
  2.0866680000E+02  6.2713589670E-16 -4.5272371344E-16 -5.4081750565E-17
  2.0916750000E+02  5.3578318838E-16 -3.4970718112E-16 -1.3849147246E-16
  2.0966880000E+02  4.4400911975E-16 -2.4684036358E-16 -2.2181676294E-16
  2.1017070000E+02  3.5203763745E-16 -1.4436692869E-16 -3.0387161731E-16
  2.1067320000E+02  2.6009105696E-16 -4.2527308967E-17 -3.8447478392E-16
  2.1117630000E+02  1.6838955007E-16  5.8441835287E-17 -4.6345014165E-16
  2.1168000000E+02  7.7150642008E-17  1.5830813913E-16 -5.4062706212E-16
  2.1218430000E+02 -1.3411280441E-17  2.5684404116E-16 -6.1584075570E-16
  2.1268920000E+02 -1.0308544892E-16  3.5382727575E-16 -6.8893260088E-16
  2.1319470000E+02 -1.9166518057E-16  4.4904134835E-16 -7.5975045626E-16
  2.1370080000E+02 -2.7894833111E-16  5.4227599280E-16 -8.2814895458E-16
  2.1420750000E+02 -3.6473773305E-16  6.3332760987E-16 -8.9398977841E-16
  2.1471480000E+02 -4.4884161819E-16  7.2199968606E-16 -9.5714191688E-16
  2.1522270000E+02 -5.3107402340E-16  8.0810319203E-16 -1.0174819031E-15
  2.1573120000E+02 -6.1125517906E-16  8.9145695961E-16 -1.0748940320E-15
  2.1624030000E+02 -6.8921187924E-16  9.7188803706E-16 -1.1292705580E-15
  2.1675000000E+02 -7.6477783304E-16  1.0492320217E-15 -1.1805118723E-15
  2.1726030000E+02 -8.3779399634E-16  1.1233333693E-15 -1.2285266601E-15
  2.1777120000E+02 -9.0810888342E-16  1.1940456802E-15 -1.2732320365E-15
  2.1828270000E+02 -9.7557885786E-16  1.2612319609E-15 -1.3145536622E-15
  2.1879480000E+02 -1.0400684022E-15  1.3247648610E-15 -1.3524258378E-15
  2.1930750000E+02 -1.1014503660E-15  1.3845268863E-15 -1.3867915773E-15
  2.1982080000E+02 -1.1596061918E-15  1.4404105855E-15 -1.4176026611E-15
  2.2033470000E+02 -1.2144261188E-15  1.4923187125E-15 -1.4448196672E-15
  2.2084920000E+02 -1.2658093635E-15  1.5401643629E-15 -1.4684119827E-15
  2.2136430000E+02 -1.3136642783E-15  1.5838710846E-15 -1.4883577941E-15
  2.2188000000E+02 -1.3579084861E-15  1.6233729636E-15 -1.5046440572E-15
  2.2239630000E+02 -1.3984689919E-15  1.6586146833E-15 -1.5172664477E-15
  2.2291320000E+02 -1.4352822721E-15  1.6895515594E-15 -1.5262292903E-15
  2.2343070000E+02 -1.4682943394E-15  1.7161495480E-15 -1.5315454704E-15
  2.2394880000E+02 -1.4974607849E-15  1.7383852302E-15 -1.5332363248E-15
  2.2446750000E+02 -1.5227467976E-15  1.7562457705E-15 -1.5313315151E-15
  2.2498680000E+02 -1.5441271603E-15  1.7697288514E-15 -1.5258688818E-15
  2.2550670000E+02 -1.5615862235E-15  1.7788425835E-15 -1.5168942818E-15
  2.2602720000E+02 -1.5751178559E-15  1.7836053919E-15 -1.5044614074E-15
  2.2654830000E+02 -1.5847253739E-15  1.7840458797E-15 -1.4886315900E-15
  2.2707000000E+02 -1.5904214485E-15  1.7802026677E-15 -1.4694735866E-15
  2.2759230000E+02 -1.5922279913E-15  1.7721242132E-15 -1.4470633517E-15
  2.2811520000E+02 -1.5901760194E-15  1.7598686065E-15 -1.4214837941E-15
  2.2863870000E+02 -1.5843054997E-15  1.7435033464E-15 -1.3928245201E-15
  2.2916280000E+02 -1.5746651743E-15  1.7231050961E-15 -1.3611815625E-15
  2.2968750000E+02 -1.5613123652E-15  1.6987594192E-15 -1.3266570983E-15
  2.3021280000E+02 -1.5443127616E-15  1.6705604971E-15 -1.2893591532E-15
  2.3073870000E+02 -1.5237401887E-15  1.6386108289E-15 -1.2494012965E-15
  2.3126520000E+02 -1.4996763592E-15  1.6030209138E-15 -1.2069023247E-15
  2.3179230000E+02 -1.4722106085E-15  1.5639089181E-15 -1.1619859360E-15
  2.3232000000E+02 -1.4414396140E-15  1.5214003266E-15 -1.1147803967E-15
  2.3284830000E+02 -1.4074670995E-15  1.4756275798E-15 -1.0654181994E-15
  2.3337720000E+02 -1.3704035257E-15  1.4267296984E-15 -1.0140357146E-15
  2.3390670000E+02 -1.3303657668E-15  1.3748518947E-15 -9.6077283627E-16
  2.3443680000E+02 -1.2874767753E-15  1.3201451738E-15 -9.0577262226E-16
  2.3496750000E+02 -1.2418652353E-15  1.2627659239E-15 -8.4918093065E-16
  2.3549880000E+02 -1.1936652050E-15  1.2028754978E-15 -7.9114605269E-16
  2.3603070000E+02 -1.1430157493E-15  1.1406397864E-15 -7.3181834328E-16
  2.3656320000E+02 -1.0900605646E-15  1.0762287849E-15 -6.7134984992E-16
  2.3709630000E+02 -1.0349475950E-15  1.0098161537E-15 -6.0989394093E-16
  2.3763000000E+02 -9.7782864203E-16  9.4157877390E-16 -5.4760493387E-16
  2.3816430000E+02 -9.1885896900E-16  8.7169629930E-16 -4.8463772504E-16
  2.3869920000E+02 -8.5819689999E-16  8.0035070589E-16 -4.2114742078E-16
  2.3923470000E+02 -7.9600341547E-16  7.2772583960E-16 -3.5728897161E-16
  2.3977080000E+02 -7.3244174492E-16  6.5400696364E-16 -2.9321680985E-16
  2.4030750000E+02 -6.6767695768E-16  5.7938030649E-16 -2.2908449167E-16
  2.4084480000E+02 -6.0187555307E-16  5.0403261140E-16 -1.6504434429E-16
  2.4138270000E+02 -5.3520505051E-16  4.2815068877E-16 -1.0124711911E-16
  2.4192120000E+02 -4.6783358089E-16  3.5192097209E-16 -3.7841651598E-17
  2.4246030000E+02 -3.9992947994E-16  2.7552907868E-16  2.5025471451E-17
  2.4300000000E+02 -3.3166088467E-16  1.9915937624E-16  8.7210236462E-17
  2.4354030000E+02 -2.6319533372E-16  1.2299455596E-16  1.4857151881E-16
  2.4408120000E+02 -1.9469937263E-16  4.7215213414E-17  2.0897138904E-16
  2.4462270000E+02 -1.2633816479E-16 -2.8000562071E-17  2.6827540899E-16
  2.4516480000E+02 -5.8275109140E-17 -1.0247758850E-16  3.2635291713E-16
  2.4570750000E+02  9.3285347853E-18 -1.7604398202E-16  3.8307730269E-16
  2.4625080000E+02  7.6314013412E-17 -2.4853153654E-16  4.3832626780E-16
  2.4679470000E+02  1.4252543660E-16 -3.1977609140E-16  4.9198207744E-16
  2.4733920000E+02  2.0781012528E-16 -3.8961788627E-16  5.4393179641E-16
  2.4788430000E+02  2.7201894843E-16 -4.5790190267E-16  5.9406751312E-16
  2.4843000000E+02  3.3500664877E-16 -5.2447819128E-16  6.4228654966E-16
  2.4897630000E+02  3.9663215642E-16 -5.8920218445E-16  6.8849165776E-16
  2.4952320000E+02  4.5675888996E-16 -6.5193499335E-16  7.3259120049E-16
  2.5007070000E+02  5.1525504422E-16 -7.1254368909E-16  7.7449931906E-16
  2.5061880000E+02  5.7199386425E-16 -7.7090156737E-16  8.1413608484E-16
  2.5116750000E+02  6.2685390496E-16 -8.2688839610E-16  8.5142763611E-16
  2.5171680000E+02  6.7971927589E-16 -8.8039064561E-16  8.8630629936E-16
  2.5226670000E+02  7.3047987075E-16 -9.3130170102E-16  9.1871069520E-16
  2.5281720000E+02  7.7903158108E-16 -9.7952205646E-16  9.4858582847E-16
  2.5336830000E+02  8.2527649404E-16 -1.0249594907E-15  9.7588316270E-16
  2.5392000000E+02  8.6912307362E-16 -1.0675292244E-15  1.0005606788E-15
  2.5447230000E+02  9.1048632514E-16 -1.1071540575E-15  1.0225829179E-15
  2.5502520000E+02  9.4928794291E-16 -1.1437644887E-15  1.0419210084E-15
  2.5557870000E+02  9.8545644052E-16 -1.1772988151E-15  1.0585526778E-15
  2.5613280000E+02  1.0189272640E-15 -1.2077032119E-15  1.0724622481E-15
  2.5668750000E+02  1.0496428872E-15 -1.2349317941E-15  1.0836406164E-15
  2.5724280000E+02  1.0775528903E-15 -1.2589466576E-15  1.0920852204E-15
  2.5779870000E+02  1.1026140197E-15 -1.2797179018E-15  1.0977999880E-15
  2.5835520000E+02  1.1247902310E-15 -1.2972236329E-15  1.1007952732E-15
  2.5891230000E+02  1.1440527149E-15 -1.3114499479E-15  1.1010877763E-15
  2.5947000000E+02  1.1603799044E-15 -1.3223909001E-15  1.0987004511E-15
  2.6002830000E+02  1.1737574656E-15 -1.3300484459E-15  1.0936623968E-15
  2.6058720000E+02  1.1841782711E-15 -1.3344323734E-15  1.0860087379E-15
  2.6114670000E+02  1.1916423566E-15 -1.3355602127E-15  1.0757804897E-15
  2.6170680000E+02  1.1961568603E-15 -1.3334571291E-15  1.0630244120E-15
  2.6226750000E+02  1.1977359465E-15 -1.3281557988E-15  1.0477928496E-15
  2.6282880000E+02  1.1964007125E-15 -1.3196962676E-15  1.0301435621E-15
  2.6339070000E+02  1.1921790804E-15 -1.3081257938E-15  1.0101395415E-15
  2.6395320000E+02  1.1851056727E-15 -1.2934986748E-15  9.8784881948E-16
  2.6451630000E+02  1.1752216737E-15 -1.2758760589E-15  9.6334426458E-16
  2.6508000000E+02  1.1625746761E-15 -1.2553257421E-15  9.3670336908E-16
  2.6564430000E+02  1.1472185135E-15 -1.2319219506E-15  9.0800802751E-16
  2.6620920000E+02  1.1292130793E-15 -1.2057451108E-15  8.7734430615E-16
  2.6677470000E+02  1.1086241333E-15 -1.1768816050E-15  8.4480220494E-16
  2.6734080000E+02  1.0855230950E-15 -1.1454235164E-15  8.1047541196E-16
  2.6790750000E+02  1.0599868257E-15 -1.1114683619E-15  7.7446105129E-16
  2.6847480000E+02  1.0320973993E-15 -1.0751188144E-15  7.3685942496E-16
  2.6904270000E+02  1.0019418624E-15 -1.0364824150E-15  6.9777374950E-16
  2.6961120000E+02  9.6961198461E-16 -9.9567127638E-16  6.5730988782E-16
  2.7018030000E+02  9.3520399953E-16 -9.5280177736E-16  6.1557607706E-16
  2.7075000000E+02  8.9881833753E-16 -9.0799425010E-16  5.7268265321E-16
  2.7132030000E+02  8.6055935030E-16 -8.6137266040E-16  5.2874177290E-16
  2.7189120000E+02  8.2053502851E-16 -8.1306428195E-16  4.8386713331E-16
  2.7246270000E+02  7.7885671305E-16 -7.6319936550E-16  4.3817369075E-16
  2.7303480000E+02  7.3563880063E-16 -7.1191080356E-16  3.9177737855E-16
  2.7360750000E+02  6.9099844450E-16 -6.5933379163E-16  3.4479482500E-16
  2.7418080000E+02  6.4505525103E-16 -6.0560548674E-16  2.9734307193E-16
  2.7475470000E+02  5.9793097285E-16 -5.5086466407E-16  2.4953929470E-16
  2.7532920000E+02  5.4974919948E-16 -4.9525137257E-16  2.0150052407E-16
  2.7590430000E+02  5.0063504597E-16 -4.3890659035E-16  1.5334337079E-16
  2.7648000000E+02  4.5071484048E-16 -3.8197188064E-16  1.0518375331E-16
  2.7705630000E+02  4.0011581153E-16 -3.2458904923E-16  5.7136629482E-17
  2.7763320000E+02  3.4896577559E-16 -2.6689980404E-16  9.3157325744E-18
  2.7821070000E+02  2.9739282577E-16 -2.0904541775E-16 -3.8166687561E-17
  2.7878880000E+02  2.4552502246E-16 -1.5116639416E-16 -8.5200117788E-17
  2.7936750000E+02  1.9349008650E-16 -9.3402139114E-17 -1.3167602881E-16
  2.7994680000E+02  1.4141509561E-16 -3.5890636708E-17 -1.7748811563E-16
  2.8052670000E+02  8.9426184843E-17  2.1231868546E-17 -2.2253253075E-16
  2.8110720000E+02  3.7648251749E-17  7.7831182792E-17 -2.6670810982E-16
  2.8168830000E+02 -1.3795333241E-17  1.3377546656E-16 -3.0991658898E-16
  2.8227000000E+02 -6.4783010319E-17  1.8893553039E-16 -3.5206281369E-16
  2.8285230000E+02 -1.1519530731E-16  2.4318512182E-16 -3.9305493858E-16
  2.8343520000E+02 -1.6491510938E-16  2.9640120304E-16 -4.3280461774E-16
  2.8401870000E+02 -2.1382792100E-16  3.4846421868E-16 -4.7122718541E-16
  2.8460280000E+02 -2.6182211948E-16  3.9925835313E-16 -5.0824182636E-16
  2.8518750000E+02 -3.0878919971E-16  4.4867177695E-16 -5.4377173591E-16
  2.8577280000E+02 -3.5462400940E-16  4.9659688172E-16 -5.7774426922E-16
  2.8635870000E+02 -3.9922497441E-16  5.4293050307E-16 -6.1009107948E-16
  2.8694520000E+02 -4.4249431381E-16  5.8757413127E-16 -6.4074824492E-16
  2.8753230000E+02 -4.8433824406E-16  6.3043410906E-16 -6.6965638435E-16
  2.8812000000E+02 -5.2466717205E-16  6.7142181638E-16 -6.9676076102E-16
  2.8870830000E+02 -5.6339587659E-16  7.1045384159E-16 -7.2201137473E-16
  2.8929720000E+02 -6.0044367795E-16  7.4745213896E-16 -7.4536304203E-16
  2.8988670000E+02 -6.3573459520E-16  7.8234417209E-16 -7.6677546432E-16
  2.9047680000E+02 -6.6919749112E-16  8.1506304308E-16 -7.8621328401E-16
  2.9106750000E+02 -7.0076620426E-16  8.4554760726E-16 -8.0364612846E-16
  2.9165880000E+02 -7.3037966813E-16  8.7374257326E-16 -8.1904864184E-16
  2.9225070000E+02 -7.5798201726E-16  8.9959858842E-16 -8.3240050490E-16
  2.9284320000E+02 -7.8352267991E-16  9.2307230923E-16 -8.4368644263E-16
  2.9343630000E+02 -8.0695645740E-16  9.4412645710E-16 -8.5289622006E-16
  2.9403000000E+02 -8.2824358998E-16  9.6272985900E-16 -8.6002462602E-16
  2.9462430000E+02 -8.4734980918E-16  9.7885747347E-16 -8.6507144536E-16
  2.9521920000E+02 -8.6424637649E-16  9.9249040161E-16 -8.6804141938E-16
  2.9581470000E+02 -8.7891010863E-16  1.0036158834E-15 -8.6894419505E-16
  2.9641080000E+02 -8.9132338925E-16  1.0122272797E-15 -8.6779426289E-16
  2.9700750000E+02 -9.0147416720E-16  1.0183240390E-15 -8.6461088400E-16
  2.9760480000E+02 -9.0935594154E-16  1.0219116510E-15 -8.5941800631E-16
  2.9820270000E+02 -9.1496773334E-16  1.0230015854E-15 -8.5224417048E-16
  2.9880120000E+02 -9.1831404444E-16  1.0216112172E-15 -8.4312240564E-16
  2.9940030000E+02 -9.1940480355E-16  1.0177637383E-15 -8.3209011535E-16
  3.0000000000E+02 -9.1825529952E-16  1.0114880559E-15 -8.1918895411E-16
