  -4.00000000000000        1.76939396666348     
  -3.99000000022352        1.76684864760465     
  -3.98000000044703        1.76430000299270     
  -3.97000000067055        1.76174801967283     
  -3.96000000089407        1.75919268433973     
  -3.95000000111759        1.75663398367066     
  -3.94000000134110        1.75407190419895     
  -3.93000000156462        1.75150643240485     
  -3.92000000178814        1.74893755467084     
  -3.91000000201166        1.74636525724132     
  -3.90000000223517        1.74378952632966     
  -3.89000000245869        1.74121034801316     
  -3.88000000268221        1.73862770832501     
  -3.87000000290573        1.73604159314891     
  -3.86000000312924        1.73345198828444     
  -3.85000000335276        1.73085887943545     
  -3.84000000357628        1.72826225223009     
  -3.83000000379980        1.72566209217525     
  -3.82000000402331        1.72305838463919     
  -3.81000000424683        1.72045111501882     
  -3.80000000447035        1.71784026844025     
  -3.79000000469387        1.71522583002210     
  -3.78000000491738        1.71260778479320     
  -3.77000000514090        1.70998611763023     
  -3.76000000536442        1.70736081329382     
  -3.75000000558794        1.70473185648569     
  -3.74000000581145        1.70209923178793     
  -3.73000000603497        1.69946292362126     
  -3.72000000625849        1.69682291637630     
  -3.71000000648201        1.69417919425636     
  -3.70000000670552        1.69153174139501     
  -3.69000000692904        1.68888054179633     
  -3.68000000715256        1.68622557935455     
  -3.67000000737607        1.68356683783583     
  -3.66000000759959        1.68090430094060     
  -3.65000000782311        1.67823795215687     
  -3.64000000804663        1.67556777493444     
  -3.63000000827014        1.67289375252779     
  -3.62000000849366        1.67021586816295     
  -3.61000000871718        1.66753410484845     
  -3.60000000894070        1.66484844553887     
  -3.59000000916421        1.66215887300840     
  -3.58000000938773        1.65946536993862     
  -3.57000000961125        1.65676791886282     
  -3.56000000983477        1.65406650219406     
  -3.55000001005828        1.65136110219490     
  -3.54000001028180        1.64865170103105     
  -3.53000001050532        1.64593828068843     
  -3.52000001072884        1.64322082306778     
  -3.51000001095235        1.64049930984643     
  -3.50000001117587        1.63777372266616     
  -3.49000001139939        1.63504404297306     
  -3.48000001162291        1.63231025205662     
  -3.47000001184642        1.62957233111229     
  -3.46000001206994        1.62683026110434     
  -3.45000001229346        1.62408402295969     
  -3.44000001251698        1.62133359741760     
  -3.43000001274049        1.61857896499497     
  -3.42000001296401        1.61582010613005     
  -3.41000001318753        1.61305700111874     
  -3.40000001341105        1.61028963003696     
  -3.39000001363456        1.60751797286512     
  -3.38000001385808        1.60474200938352     
  -3.37000001408160        1.60196171922525     
  -3.36000001430511        1.59917708188754     
  -3.35000001452863        1.59638807665048     
  -3.34000001475215        1.59359468266856     
  -3.33000001497567        1.59079687890580     
  -3.32000001519918        1.58799464417967     
  -3.31000001542270        1.58518795708947     
  -3.30000001564622        1.58237679613530     
  -3.29000001586974        1.57956113957476     
  -3.28000001609325        1.57674096551062     
  -3.27000001631677        1.57391625186517     
  -3.26000001654029        1.57108697637687     
  -3.25000001676381        1.56825311662056     
  -3.24000001698732        1.56541464993187     
  -3.23000001721084        1.56257155353666     
  -3.22000001743436        1.55972380437612     
  -3.21000001765788        1.55687132479269     
  -3.20000001788139        1.55401429984301     
  -3.19000001810491        1.55115239713863     
  -3.18000001832843        1.54828577552243     
  -3.17000001855195        1.54541451455064     
  -3.16000001877546        1.54253831928862     
  -3.15000001899898        1.53965727618962     
  -3.14000001922250        1.53677147625600     
  -3.13000001944602        1.53388073129740     
  -3.12000001966953        1.53098512858819     
  -3.11000001989305        1.52808468348880     
  -3.10000002011657        1.52517917136188     
  -3.09000002034009        1.52226888866012     
  -3.08000002056360        1.51935345031371     
  -3.07000002078712        1.51643287207698     
  -3.06000002101064        1.51350755317146     
  -3.05000002123415        1.51057688064192     
  -3.04000002145767        1.50764119712654     
  -3.03000002168119        1.50470035052895     
  -3.02000002190471        1.50175440434676     
  -3.01000002212822        1.49880340101563     
  -3.00000002235174        1.49584702062759     
  -2.99000002257526        1.49288544290388     
  -2.98000002279878        1.48991858580135     
  -2.97000002302229        1.48694643055122     
  -2.96000002324581        1.48396894944598     
  -2.95000002346933        1.48098611300291     
  -2.94000002369285        1.47799789152834     
  -2.93000002391636        1.47500425567799     
  -2.92000002413988        1.47200517533158     
  -2.91000002436340        1.46900062024899     
  -2.90000002458692        1.46599055989244     
  -2.89000002481043        1.46297496343431     
  -2.88000002503395        1.45995379976652     
  -2.87000002525747        1.45692703747181     
  -2.86000002548099        1.45389464483071     
  -2.85000002570450        1.45085658983644     
  -2.84000002592802        1.44781284016116     
  -2.83000002615154        1.44476336316906     
  -2.82000002637506        1.44170812591349     
  -2.81000002659857        1.43864709510046     
  -2.80000002682209        1.43558023719859     
  -2.79000002704561        1.43250751810074     
  -2.78000002726912        1.42942890387540     
  -2.77000002749264        1.42634435959675     
  -2.76000002771616        1.42325385037142     
  -2.75000002793968        1.42015734097906     
  -2.74000002816319        1.41705479578149     
  -2.73000002838671        1.41394617877487     
  -2.72000002861023        1.41083145355314     
  -2.71000002883375        1.40771057700293     
  -2.70000002905726        1.40458353529986     
  -2.69000002928078        1.40145028987587     
  -2.68000002950430        1.39831066360165     
  -2.67000002972782        1.39516489859276     
  -2.66000002995133        1.39201266512672     
  -2.65000003017485        1.38885426687472     
  -2.64000003039837        1.38568936120081     
  -2.63000003062189        1.38251781335077     
  -2.62000003084540        1.37933993880103     
  -2.61000003106892        1.37615550994182     
  -2.60000003129244        1.37296456954947     
  -2.59000003151596        1.36976684407015     
  -2.58000003173947        1.36656262995690     
  -2.57000003196299        1.36335164679110     
  -2.56000003218651        1.36013402240940     
  -2.55000003241003        1.35690939187393     
  -2.54000003263354        1.35367806918568     
  -2.53000003285706        1.35043994205728     
  -2.52000003308058        1.34719476243675     
  -2.51000003330410        1.34394265999635     
  -2.50000003352761        1.34068354558886     
  -2.49000003375113        1.33741737287243     
  -2.48000003397465        1.33414409488998     
  -2.47000003419816        1.33086366424079     
  -2.46000003442168        1.32757603293689     
  -2.45000003464520        1.32428115250623     
  -2.44000003486872        1.32097897387005     
  -2.43000003509223        1.31766944728411     
  -2.42000003531575        1.31435252291527     
  -2.41000003553927        1.31102814957206     
  -2.40000003576279        1.30769627575131     
  -2.39000003598630        1.30435685027248     
  -2.38000003620982        1.30100981985679     
  -2.37000003643334        1.29765513149747     
  -2.36000003665686        1.29429273137850     
  -2.35000003688037        1.29092256503825     
  -2.34000003710389        1.28754457734948     
  -2.33000003732741        1.28415871252443     
  -2.32000003755093        1.28076491412280     
  -2.31000003777444        1.27736312499065     
  -2.30000003799796        1.27395328723664     
  -2.29000003822148        1.27053534251490     
  -2.28000003844500        1.26710923136700     
  -2.27000003866851        1.26367489381142     
  -2.26000003889203        1.26023226916416     
  -2.25000003911555        1.25678129590379     
  -2.24000003933907        1.25332191174230     
  -2.23000003956258        1.24985405363360     
  -2.22000003978610        1.24637765770490     
  -2.21000004000962        1.24289265928697     
  -2.20000004023314        1.23939899288709     
  -2.19000004045665        1.23589659211159     
  -2.18000004068017        1.23238538980128     
  -2.17000004090369        1.22886531788092     
  -2.16000004112720        1.22533622869155     
  -2.15000004135072        1.22179820136427     
  -2.14000004157424        1.21825112654752     
  -2.13000004179776        1.21469497778575     
  -2.12000004202127        1.21112941152368     
  -2.11000004224479        1.20755466966698     
  -2.10000004246831        1.20397053169809     
  -2.09000004269183        1.20037707439690     
  -2.08000004291534        1.19677382756331     
  -2.07000004313886        1.19316112500972     
  -2.06000004336238        1.18953873406555     
  -2.05000004358590        1.18590657485268     
  -2.04000004380941        1.18226457352441     
  -2.03000004403293        1.17861264793834     
  -2.02000004425645        1.17495071468886     
  -2.01000004447997        1.17127868929717     
  -2.00000004470348        1.16759648600888     
  -1.99000004492700        1.16390401784490     
  -1.98000004515052        1.16020119662127     
  -1.97000004537404        1.15648793280091     
  -1.96000004559755        1.15276413560016     
  -1.95000004582107        1.14902971289623     
  -1.94000004604459        1.14528457116572     
  -1.93000004626811        1.14152861554979     
  -1.92000004649162        1.13776174974090     
  -1.91000004671514        1.13398387598859     
  -1.90000004693866        1.13019489508869     
  -1.89000004716218        1.12639470631739     
  -1.88000004738569        1.12258320739180     
  -1.87000004760921        1.11876029448674     
  -1.86000004783273        1.11492586216918     
  -1.85000004805624        1.11107980334032     
  -1.84000004827976        1.10722200924710     
  -1.83000004850328        1.10335236942742     
  -1.82000004872680        1.09947077166391     
  -1.81000004895031        1.09557710194631     
  -1.80000004917383        1.09167124443006     
  -1.79000004939735        1.08775308141942     
  -1.78000004962087        1.08382249330238     
  -1.77000004984438        1.07987935851315     
  -1.76000005006790        1.07592355347125     
  -1.75000005029142        1.07195495258909     
  -1.74000005051494        1.06797342815103     
  -1.73000005073845        1.06397885031269     
  -1.72000005096197        1.05997108705120     
  -1.71000005118549        1.05595000411384     
  -1.70000005140901        1.05191546491354     
  -1.69000005163252        1.04786733055430     
  -1.68000005185604        1.04380545971135     
  -1.67000005207956        1.03972970864729     
  -1.66000005230308        1.03563993104170     
  -1.65000005252659        1.03153597800418     
  -1.64000005275011        1.02741769805053     
  -1.63000005297363        1.02328493694244     
  -1.62000005319715        1.01913753764951     
  -1.61000005342066        1.01497530587599     
  -1.60000005364418        1.01079822544799     
  -1.59000005386770        1.00660589770094     
  -1.58000005409122        1.00239831774815     
  -1.57000005431473       0.998175270469433     
  -1.56000005453825       0.993936580664568     
  -1.55000005476177       0.989682069861796     
  -1.54000005498528       0.985411556143146     
  -1.53000005520880       0.981124854125891     
  -1.52000005543232       0.976821774862898     
  -1.51000005565584       0.972502125726673     
  -1.50000005587935       0.968165710325219     
  -1.49000005610287       0.963812328385161     
  -1.48000005632639       0.959441775675779     
  -1.47000005654991       0.955053843866262     
  -1.46000005677342       0.950648320438456     
  -1.45000005699694       0.946224988565090     
  -1.44000005722046       0.941783626973947     
  -1.43000005744398       0.937324009854707     
  -1.42000005766749       0.932845906701236     
  -1.41000005789101       0.928349082184252     
  -1.40000005811453       0.923833296038099     
  -1.39000005833805       0.919298302880940     
  -1.38000005856156       0.914743852093117     
  -1.37000005878508       0.910169687648651     
  -1.36000005900860       0.905575547973180     
  -1.35000005923212       0.900961165746875     
  -1.34000005945563       0.896326267788839     
  -1.33000005967915       0.891670574810452     
  -1.32000005990267       0.886993801294265     
  -1.31000006012619       0.882295655263790     
  -1.30000006034970       0.877575838098074     
  -1.29000006057322       0.872834044321733     
  -1.28000006079674       0.868069961402050     
  -1.27000006102026       0.863283269515724     
  -1.26000006124377       0.858473641308158     
  -1.25000006146729       0.853640741690945     
  -1.24000006169081       0.848784227552655     
  -1.23000006191432       0.843903747512335     
  -1.22000006213784       0.838998941655045     
  -1.21000006236136       0.834069441252779     
  -1.20000006258488       0.829114868461454     
  -1.19000006280839       0.824134836014355     
  -1.18000006303191       0.819128946917784     
  -1.17000006325543       0.814096794119003     
  -1.16000006347895       0.809037960149528     
  -1.15000006370246       0.803952016772250     
  -1.14000006392598       0.798838524612840     
  -1.13000006414950       0.793697060231127     
  -1.12000006437302       0.788527103403508     
  -1.11000006459653       0.783328149110157     
  -1.10000006482005       0.778099883830795     
  -1.09000006504357       0.772841615255722     
  -1.08000006526709       0.767552897360363     
  -1.07000006549060       0.762233273757153     
  -1.06000006571412       0.756882102689881     
  -1.05000006593764       0.751498853104860     
  -1.04000006616116       0.746082952939993     
  -1.03000006638467       0.740633810218271     
  -1.02000006660819       0.735150815783217     
  -1.01000006683171       0.729633342635037     
  -1.00000006705523       0.724080745223826     
 -0.990000067278743       0.718492358719645     
 -0.980000067502260       0.712867498249598     
 -0.970000067725778       0.707205458083519     
 -0.960000067949295       0.701505510785284     
 -0.950000068172812       0.695766906338441     
 -0.940000068396330       0.689988871190899     
 -0.930000068619847       0.684170607293318     
 -0.920000068843365       0.678311291054123     
 -0.910000069066882       0.672410072258451     
 -0.900000069290400       0.666466072922526     
 -0.890000069513917       0.660478386098275     
 -0.880000069737434       0.654446074590929     
 -0.870000069960952       0.648368169641466     
 -0.860000070184469       0.642243669497155     
 -0.850000070407987       0.636071537954005     
 -0.840000070631504       0.629850702755539     
 -0.830000070855021       0.623580053956453     
 -0.820000071078539       0.617258442180232     
 -0.810000071302056       0.610884676747163     
 -0.800000071525574       0.604457523733306     
 -0.790000071749091       0.597975703895632     
 -0.780000071972609       0.591437890479454     
 -0.770000072196126       0.584842706902268     
 -0.760000072419643       0.578188724282306     
 -0.750000072643161       0.571474458836140     
 -0.740000072866678       0.564698369091575     
 -0.730000073090196       0.557858852975655     
 -0.720000073313713       0.550954244653412     
 -0.710000073537230       0.543982811243973     
 -0.700000073760748       0.536942749203657     
 -0.690000073984265       0.529832180654783     
 -0.680000074207783       0.522649149320974     
 -0.670000074431300       0.515392065938865     
 -0.660000074654818       0.508057648725956     
 -0.650000074878335       0.500644393427524     
 -0.640000075101852       0.493150532668493     
 -0.630000075325370       0.485572320778460     
 -0.620000075548887       0.477908938811129     
 -0.610000075772405       0.470155977059965     
 -0.600000075995922       0.462311831258350     
 -0.590000076219440       0.454373698770939     
 -0.580000076442957       0.446337264185752     
 -0.570000076666474       0.438200635578936     
 -0.560000076889992       0.429960693389792     
 -0.550000077113509       0.421612543471885     
 -0.540000077337027       0.413152720199310     
 -0.530000077560544       0.404579238222619     
 -0.520000077784061       0.395886123788510     
 -0.510000078007579       0.387069628284348     
 -0.500000078231096       0.378125416078966     
 -0.490000078454614       0.369048666951433     
 -0.480000078678131       0.359834383714608     
 -0.470000078901649       0.350477292113061     
 -0.460000079125166       0.340971820431054     
 -0.450000079348683       0.331312078294474     
 -0.440000079572201       0.321491833125162     
 -0.430000079795718       0.311504483137671     
 -0.420000080019236       0.301343033257153     
 -0.410000080242753       0.291000057178912     
 -0.400000080466270       0.280467672426492     
 -0.390000080689788       0.269737497082667     
 -0.380000080913305       0.258800612120914     
 -0.370000081136823       0.247647516487419     
 -0.360000081360340       0.236268078079365     
 -0.350000081583858       0.224651479909356     
 -0.340000081807375       0.212786160381860     
 -0.330000082030892       0.200659747405680     
 -0.320000082254410       0.188258985149282     
 -0.310000082477927       0.175569652930491     
 -0.300000082701445       0.162576474613624     
 -0.290000082924962       0.149263018910715     
 -0.280000083148479       0.135611584968709     
 -0.270000083371997       0.121603077126549     
 -0.260000083595514       0.107216864456570     
 -0.250000083819032       9.243062384984628E-002
 -0.240000084042549       7.722015508658871E-002
 -0.230000084266067       6.155918143221349E-002
 -0.220000084489584       4.541912493320940E-002
 -0.210000084713101       2.876946167811667E-002
 -0.200000084936619       1.158074293607396E-002
 -0.190000085160136      -6.233348473033788E-003
 -0.180000085383654      -2.462817844378511E-002
 -0.170000085607171      -4.369607468127365E-002
 -0.160000085830688      -6.346243129539207E-002
 -0.150000086054206      -8.396755829885565E-002
 -0.140000086277723      -0.105276262703199     
 -0.130000086501241      -0.127778781928012     
 -0.120000086724758      -0.151035372664224     
 -0.110000086948276      -0.175405744315864     
 -9.000008739531040E-002 -0.227144862759049     
 -8.000008761882782E-002 -0.255542946019941     
 -7.000008784234524E-002 -0.285104150389640     
 -6.000008806586266E-002 -0.316451643210073     
 -5.000008828938007E-002 -0.349345203773748     
 -4.000008851289749E-002 -0.384716026072329     
 -3.000008873641491E-002 -0.421983005126566     
 -2.000008895993233E-002 -0.461736672617160     
 -1.000008918344975E-002 -0.504462703149559     
 -8.940696716308594E-008 -0.550577960974256     
  9.999910369515419E-003 -0.599976369420115     
  1.999991014599800E-002 -0.653662838550272     
  2.999990992248058E-002 -0.712078355534413     
  3.999990969896317E-002 -0.775966691683502     
  4.999990947544575E-002 -0.846222971525184     
  5.999990925192833E-002 -0.923949906054100     
  6.999990902841091E-002  -1.01052161551824     
  7.999990880489349E-002  -1.10767275699715     
  8.999990858137608E-002  -1.21762497581271     
  9.999990835785866E-002  -1.34327085667269     
  0.109999908134341       -1.48844786004030     
  0.119999907910824       -1.65835855847544     
  0.129999907687306       -1.86023694010652     
  0.139999907463789       -2.10444728537412     
  0.149999907240272       -2.40638285028576     
  0.159999907016754       -2.78993731663235     
  0.169999906793237       -3.29431245153792     
  0.179999906569719       -3.98861585387215     
  0.189999906346202       -5.00709987920168     
  0.199999906122684       -6.64959161077251     
  0.209999905899167       -9.75053650320029     
  0.219999905675650       -17.8290055069971     
  0.229999905452132       -92.2612146736055     
  0.239999905228615        30.0154484356074     
  0.249999905005097        13.0729973911357     
  0.259999904781580        8.41732877364274     
  0.269999904558063        6.23652609560065     
  0.279999904334545        4.96969182316882     
  0.289999904111028        4.14050486511090     
  0.299999903887510        3.55462781117937     
  0.309999903663993        3.11793941545141     
  0.319999903440475        2.77921383338176     
  0.329999903216958        2.50877513030526     
  0.339999902993441        2.28679564511014     
  0.349999902769923        2.10149112515419     
  0.359999902546406        1.94403530724713     
  0.369999902322888        1.80837271721887     
  0.379999902099371        1.68985263113261     
  0.389999901875854        1.58541046715587     
  0.399999901652336        1.49259414989032     
  0.409999901428819        1.40940627549780     
  0.419999901205301        1.33411140894723     
  0.429999900981784        1.26557807998104     
  0.439999900758266        1.20293336929476     
  0.449999900534749        1.14525609664672     
  0.459999900311232        1.09158288690246     
  0.469999900087714        1.04217856430048     
  0.479999899864197       0.995830257802300     
  0.489999899640679       0.952424422331360     
  0.499999899417162       0.911595511100591     
  0.509999899193645       0.873057235786059     
  0.519999898970127       0.836562958170147     
  0.529999898746610       0.801899021180108     
  0.539999898523092       0.768879383503443     
  0.549999898299575       0.737341264723640     
  0.559999898076057       0.707141590249677     
  0.569999897852540       0.678154068103113     
  0.579999897629023       0.650266766581761     
  0.589999897405505       0.623380103534839     
  0.599999897181988       0.597405159803268     
  0.609999896958470       0.572262260994475     
  0.619999896734953       0.547879781772796     
  0.629999896511436       0.524193124130337     
  0.639999896287918       0.501143853111943     
  0.649999896064401       0.478678951884195     
  0.659999895840883       0.456750178159954     
  0.669999895617366       0.435313519949904     
  0.679999895393848       0.414328711547521     
  0.689999895170331       0.393758819812341     
  0.699999894946814       0.373569880105797     
  0.709999894723296       0.353730577881345     
  0.719999894499779       0.334211976608145     
  0.729999894276261       0.314987263798054     
  0.739999894052744       0.296031538963790     
  0.749999893829226       0.277321622387802     
  0.759999893605709       0.258835880588292     
  0.769999893382192       0.240554083524173     
  0.779999893158674       0.222457255934180     
  0.789999892935157       0.204527567459824     
  0.799999892711639       0.186748222448716     
  0.809999892488122       0.169103353171583     
  0.819999892264605       0.151577946349998     
  0.829999892041087       0.134157748211040     
  0.839999891817570       0.116829207031284     
  0.849999891594052       9.957939122446362E-002
  0.859999891370535       8.239594879042618E-002
  0.869999891147017       6.524969167469856E-002
  0.879999890923500       4.817032455231522E-002
  0.889999890699983       3.114992683250834E-002
  0.899999890476465       1.409926303880890E-002
  0.909999890252948      -2.946692190282654E-003
  0.919999890029430      -1.993408005044107E-002
  0.929999889805913      -3.699796725958077E-002
  0.939999889582396      -5.401683475515291E-002
  0.949999889358878      -7.108899689278861E-002
  0.959999889135361      -8.819718278281070E-002
  0.969999888911843      -0.105350296464574     
  0.979999888688326      -0.122557124831175     
  0.989999888464808      -0.139826349694949     
  0.999999888241291      -0.157166572995601     
   1.00999988801777      -0.174586330244308     
   1.01999988779426      -0.192094132126507     
   1.02999988757074      -0.209698467971805     
   1.03999988734722      -0.227407820324762     
   1.04999988712370      -0.245230710463207     
   1.05999988690019      -0.263175688574363     
   1.06999988667667      -0.281251368400627     
   1.07999988645315      -0.299466448809429     
   1.08999988622963      -0.317829716749004     
   1.09999988600612      -0.336350082431854     
   1.10999988578260      -0.355036594685743     
   1.11999988555908      -0.373898452924182     
   1.12999988533556      -0.392945032183646     
   1.13999988511205      -0.412185904724543     
   1.14999988488853      -0.431630864042550     
   1.15999988466501      -0.451289925247144     
   1.16999988444149      -0.471173380508086     
   1.17999988421798      -0.491291795243954     
   1.18999988399446      -0.511656044761844     
   1.19999988377094      -0.532277327593170     
   1.20999988354743      -0.553167210111338     
   1.21999988332391      -0.574337638943525     
   1.22999988310039      -0.595800967545905     
   1.23999988287687      -0.617570004323458     
   1.24999988265336      -0.639658018222068     
   1.25999988242984      -0.662078805043131     
   1.26999988220632      -0.684846693620880     
   1.27999988198280      -0.707976595754891     
   1.28999988175929      -0.731484057113751     
   1.29999988153577      -0.755385289652564     
   1.30999988131225      -0.779697210024627     
   1.31999988108873      -0.804437518545398     
   1.32999988086522      -0.829624711719222     
   1.33999988064170      -0.855278182337301     
   1.34999988041818      -0.881418246511615     
   1.35999988019466      -0.908066228821430     
   1.36999987997115      -0.935244546470799     
   1.37999987974763      -0.962976741462028     
   1.38999987952411      -0.991287624334795     
   1.39999987930059       -1.02014674318730     
   1.40999987907708       -1.04974273340243     
   1.41999987885356       -1.07996084148936     
   1.42999987863004       -1.11086251815606     
   1.43999987840652       -1.14248887034670     
   1.44999987818301       -1.17487439361024     
   1.45999987795949       -1.20805553259155     
   1.46999987773597       -1.24207104980736     
   1.47999987751245       -1.27696208860204     
   1.48999987728894       -1.31277241947706     
   1.49999987706542       -1.34954861454862     
   1.50999987684190       -1.38734032854434     
   1.51999987661839       -1.42620057705775     
   1.52999987639487       -1.46618597539609     
   1.53999987617135       -1.50735709178447     
   1.54999987594783       -1.54977880000031     
   1.55999987572432       -1.59352067805415     
   1.56999987550080       -1.63865745576164     
   1.57999987527728       -1.68526949631167     
   1.58999987505376       -1.73344334212146     
   1.59999987483025       -1.78327233407978     
   1.60999987460673       -1.83485730829349     
   1.61999987438321       -1.88830735689917     
   1.62999987415969       -1.94374068740145     
   1.63999987393618       -2.00128564952253     
   1.64999987371266       -2.06108180783820     
   1.65999987348914       -2.12328120123440     
   1.66999987326562       -2.18804979919484     
   1.67999987304211       -2.25556914602628     
   1.68999987281859       -2.32603822721416     
   1.69999987259507       -2.39967560873258     
   1.70999987237155       -2.47672192864144     
   1.71999987214804       -2.55744279232907     
   1.72999987192452       -2.64213202002671     
   1.73999987170100       -2.73111564159028     
   1.74999987147748       -2.82475632829041     
   1.75999987125397       -2.92345869862003     
   1.76999987103045       -3.02767562136151     
   1.77999987080693       -3.13791570063261     
   1.78999987058342       -3.25475193306693     
   1.79999987035990       -3.37883266771660     
   1.80999987013638       -3.51089344095176     
   1.81999986991286       -3.65177365304565     
   1.82999986968935       -3.80243435129929     
   1.83999986946583       -3.96398137345904     
   1.84999986924231       -4.13769424813757     
   1.85999986901879       -4.32506107290526     
   1.86999986879528       -4.52805598174380     
   1.87999986857176       -4.74786773291629     
   1.88999986834824       -4.98854070523286     
   1.89999986812472       -5.25107874217783     
   1.90999986790121       -5.54063516886193     
   1.91999986767769       -5.86218704194331     
   1.92999986745417       -6.21442591410861     
   1.93999986723065       -6.61219492194143     
   1.94999986700714       -7.06194485901915     
   1.95999986678362       -7.57171593594230     
   1.96999986656010       -8.15383885216726     
   1.97999986633658       -8.82955701904806     
   1.98999986611307       -9.62155253568163     
   1.99999986588955       -10.5630170357874     
