  2.061153622439000E-007 -4.923109239666610E-015
  2.081868560730650E-007 -5.022572081879515E-015
  2.102791687613270E-007 -5.124009750767678E-015
  2.123925095416982E-007 -5.227547558707280E-015
  2.145270897500181E-007 -5.333148269260121E-015
  2.166831228460860E-007 -5.440835744502634E-015
  2.188608244350085E-007 -5.550758913135582E-015
  2.210604122887591E-007 -5.662902123785937E-015
  2.232821063679562E-007 -5.777333195127240E-015
  2.255261288438591E-007 -5.894036531453953E-015
  2.277927041205855E-007 -6.013038389919483E-015
  2.300820588575518E-007 -6.134535946791111E-015
  2.323944219921395E-007 -6.258558503697595E-015
  2.347300247625892E-007 -6.385006332383742E-015
  2.370891007311241E-007 -6.513950642443729E-015
  2.394718858073070E-007 -6.645507296500861E-015
  2.418786182716312E-007 -6.779837914119467E-015
  2.443095387993488E-007 -6.916711294378110E-015
  2.467648904845383E-007 -7.056509907346988E-015
  2.492449188644143E-007 -7.199046219824469E-015
  2.517498719438816E-007 -7.344485636680294E-015
  2.542800002203354E-007 -7.492817100368807E-015
  2.568355567087120E-007 -7.644254375777187E-015
  2.594167969667899E-007 -7.798652675606826E-015
  2.620239791207458E-007 -7.956228199264664E-015
  2.646573638909678E-007 -8.116972285012074E-015
  2.673172146181275E-007 -8.280921685045324E-015
  2.700037972895140E-007 -8.448252157733743E-015
  2.727173805656335E-007 -8.618817387103623E-015
  2.754582358070747E-007 -8.792981267290761E-015
  2.782266371016460E-007 -8.970598429656290E-015
  2.810228612917836E-007 -9.151803076732088E-015
  2.838471880022370E-007 -9.336684269192607E-015
  2.866998996680307E-007 -9.525332396491627E-015
  2.895812815627086E-007 -9.717695579801255E-015
  2.924916218268613E-007 -9.914057193874915E-015
  2.954312114969406E-007 -1.011431901011703E-014
  2.984003445343630E-007 -1.031872047746915E-014
  3.013993178549066E-007 -1.052711464899516E-014
  3.044284313584026E-007 -1.073974376209635E-014
  3.074879879587257E-007 -1.095675574865877E-014
  3.105782936140856E-007 -1.117805308767486E-014
  3.136996573576229E-007 -1.140388451264642E-014
  3.168523913283132E-007 -1.163430290455462E-014
  3.200368108021809E-007 -1.186926097561352E-014
  3.232532342238271E-007 -1.210906394618388E-014
  3.265019832382742E-007 -1.235361593432319E-014
  3.297833827231311E-007 -1.260322720112032E-014
  3.330977608210807E-007 -1.285780289243812E-014
  3.364454489726948E-007 -1.311760679832164E-014
  3.398267819495783E-007 -1.338249250606484E-014
  3.432420978878466E-007 -1.365293541072050E-014
  3.466917383219398E-007 -1.392868649193082E-014
  3.501760482187759E-007 -1.421012272056645E-014
  3.536953760122483E-007 -1.449720471130084E-014
  3.572500736380690E-007 -1.479010424416335E-014
  3.608404965689629E-007 -1.508888895133107E-014
  3.644670038502152E-007 -1.539373448929400E-014
  3.681299581355759E-007 -1.570471133963642E-014
  3.718297257235262E-007 -1.602189062460142E-014
  3.755666765939080E-007 -1.634567121095576E-014
  3.793411844449224E-007 -1.667580169794988E-014
  3.831536267305001E-007 -1.701268557129263E-014
  3.870043846980465E-007 -1.735651224085196E-014
  3.908938434265675E-007 -1.770714034546740E-014
  3.948223918651771E-007 -1.806476018154233E-014
  3.987904228719929E-007 -1.842978970502324E-014
  4.027983332534224E-007 -1.880220269697558E-014
  4.068465238038437E-007 -1.918208494736962E-014
  4.109353993456852E-007 -1.956963707716197E-014
  4.150653687699086E-007 -1.996494815657911E-014
  4.192368450768980E-007 -2.036810806496397E-014
  4.234502454177603E-007 -2.077955482263437E-014
  4.277059911360407E-007 -2.119950152487064E-014
  4.320045078098576E-007 -2.162781366464727E-014
  4.363462252944604E-007 -2.206458800081837E-014
  4.407315777652157E-007 -2.251027651146851E-014
  4.451610037610251E-007 -2.296522045756374E-014
  4.496349462281793E-007 -2.342917029980574E-014
  4.541538525646534E-007 -2.390246980604569E-014
  4.587181746648468E-007 -2.438522749398557E-014
  4.633283689647730E-007 -2.487791617894425E-014
  4.679848964877040E-007 -2.538040839870178E-014
  4.726882228902725E-007 -2.589330679326393E-014
  4.774388185090382E-007 -2.641624136626729E-014
  4.822371584075218E-007 -2.694994532600047E-014
  4.870837224237117E-007 -2.749442029227179E-014
  4.919789952180485E-007 -2.804966654094870E-014
  4.969234663218909E-007 -2.861643548817554E-014
  5.019176301864698E-007 -2.919460992488897E-014
  5.069619862323334E-007 -2.978419549544716E-014
  5.120570388992901E-007 -3.038596038477656E-014
  5.172032976968522E-007 -3.099979107364766E-014
  5.224012772551882E-007 -3.162582739465183E-014
  5.276514973765856E-007 -3.226485663572104E-014
  5.329544830874317E-007 -3.291677112456470E-014
  5.383107646907167E-007 -3.358145936714855E-014
  5.437208778190647E-007 -3.426011789773064E-014
  5.491853634882967E-007 -3.495211975123429E-014
  5.547047681515337E-007 -3.565814868903389E-014
  5.602796437538412E-007 -3.637863414489184E-014
  5.659105477874254E-007 -3.711347701251662E-014
  5.715980433473820E-007 -3.786311239890204E-014
  5.773426991880067E-007 -3.862798231100755E-014
  5.831450897796707E-007 -3.940853573528774E-014
  5.890057953662685E-007 -4.020468254034255E-014
  5.949254020232427E-007 -4.101715215777478E-014
  6.009045017161921E-007 -4.184585916221561E-014
  6.069436923600686E-007 -4.269099154703504E-014
  6.130435778789690E-007 -4.355385343330615E-014
  6.192047682665288E-007 -4.443325298637172E-014
  6.254278796469210E-007 -4.533106766352289E-014
  6.317135343364694E-007 -4.624694795053689E-014
  6.380623609058812E-007 -4.718110343237403E-014
  6.444749942431040E-007 -4.813403125551447E-014
  6.509520756168154E-007 -4.910652330239859E-014
  6.574942527405504E-007 -5.009851935590932E-014
  6.641021798374731E-007 -5.111024546818106E-014
  6.707765177057999E-007 -5.214280403056469E-014
  6.775179337848795E-007 -5.319614547185060E-014
  6.843271022219378E-007 -5.427109963877008E-014
  6.912047039394927E-007 -5.536732703703209E-014
  6.981514267034474E-007 -5.648626250377816E-014
  7.051679651918673E-007 -5.762727529834835E-014
  7.122550210644483E-007 -5.879122065107632E-014
  7.194133030326836E-007 -5.997896814025844E-014
  7.266435269307352E-007 -6.119049189336307E-014
  7.339464157870182E-007 -6.242667701005404E-014
  7.413226998965040E-007 -6.368750419993955E-014
  7.487731168937503E-007 -6.497418226770726E-014
  7.562984118266657E-007 -6.628639387307161E-014
  7.638993372310146E-007 -6.762567801953322E-014
  7.715766532056714E-007 -6.899172596527142E-014
  7.793311274886315E-007 -7.038547582461779E-014
  7.871635355337853E-007 -7.180756541782865E-014
  7.950746605884642E-007 -7.325832453891788E-014
  8.030652937717663E-007 -7.473840485492683E-014
  8.111362341536690E-007 -7.624782650344543E-014
  8.192882888349362E-007 -7.778789460741064E-014
  8.275222730278293E-007 -7.935928934666894E-014
  8.358390101376295E-007 -8.096204999987101E-014
  8.442393318449782E-007 -8.259784737174455E-014
  8.527240781890465E-007 -8.426706743879442E-014
  8.612940976515395E-007 -8.596877876315420E-014
  8.699502472415452E-007 -8.770534584441017E-014
  8.786933925812359E-007 -8.947717517254550E-014
  8.875244079924318E-007 -9.128467693718701E-014
  8.964441765840330E-007 -9.312826505698888E-014
  9.054535903403319E-007 -9.500971157892980E-014
  9.145535502102119E-007 -9.692945833514741E-014
  9.237449661972436E-007 -9.888658319908243E-014
  9.330287574506850E-007 -1.008842651857624E-013
  9.424058523573979E-007 -1.029215971326781E-013
  9.518771886346875E-007 -1.050004258107664E-013
  9.614437134240741E-007 -1.071219321772963E-013
  9.711063833860089E-007 -1.092859129628035E-013
  9.808661647955404E-007 -1.114928601920560E-013
  9.907240336389425E-007 -1.137453954169618E-013
  1.000680975711315E-006 -1.160433396775553E-013
  1.010737986715162E-006 -1.183886510159043E-013
  1.020896072359964E-006 -1.207804447133493E-013
  1.031156248462753E-006 -1.232199802494475E-013
  1.041519541049687E-006 -1.257078101710481E-013
  1.051986986458663E-006 -1.282474117438572E-013
  1.062559631442943E-006 -1.308386578973213E-013
  1.073238533275836E-006 -1.334814123839186E-013
  1.084024759856425E-006 -1.361770115553212E-013
  1.094919389816357E-006 -1.389283013612230E-013
  1.105923512627707E-006 -1.417359328801216E-013
  1.117038228711926E-006 -1.445990588100977E-013
  1.128264649549883E-006 -1.475205873001465E-013
  1.139603897793020E-006 -1.504996791901988E-013
  1.151057107375609E-006 -1.535408157100117E-013
  1.162625423628153E-006 -1.566424218333292E-013
  1.174310003391917E-006 -1.598059677980699E-013
  1.186112015134616E-006 -1.630337207046023E-013
  1.198032639067258E-006 -1.663272062888452E-013
  1.210073067262170E-006 -1.696879726933124E-013
  1.222234503772207E-006 -1.731160171636136E-013
  1.234518164751152E-006 -1.766129097441874E-013
  1.246925278575342E-006 -1.801810380885002E-013
  1.259457085966497E-006 -1.838212316291724E-013
  1.272114840115799E-006 -1.875351300128868E-013
  1.284899806809213E-006 -1.913243965834002E-013
  1.297813264554060E-006 -1.951890971686232E-013
  1.310856504706878E-006 -1.991325485144867E-013
  1.324030831602551E-006 -2.031556676301049E-013
  1.337337562684746E-006 -2.072585568747876E-013
  1.350778028637662E-006 -2.114454460906370E-013
  1.364353573519093E-006 -2.157173147584151E-013
  1.378065554894842E-006 -2.200751512730206E-013
  1.391915343974472E-006 -2.245216322456705E-013
  1.405904325748432E-006 -2.290561017154237E-013
  1.420033899126559E-006 -2.336846636968321E-013
  1.434305477077963E-006 -2.384067149881773E-013
  1.448720486772334E-006 -2.432233414055254E-013
  1.463280369722653E-006 -2.481356386290381E-013
  1.477986581929349E-006 -2.531464426528275E-013
  1.492840594025897E-006 -2.582638513216412E-013
  1.507843891425886E-006 -2.634821302167397E-013
  1.522997974471558E-006 -2.688041988546086E-013
  1.538304358583846E-006 -2.742330225000425E-013
  1.553764574413918E-006 -2.797733868670222E-013
  1.569380167996239E-006 -2.854248108369232E-013
  1.585152700903180E-006 -2.911921654155848E-013
  1.601083750401178E-006 -2.970714002013778E-013
  1.617174909608456E-006 -3.030728489105252E-013
  1.633427787654345E-006 -3.091943046826506E-013
  1.649844009840194E-006 -3.154408135950264E-013
  1.666425217801901E-006 -3.218138329000605E-013
  1.683173069674081E-006 -3.283129865269508E-013
  1.700089240255878E-006 -3.349452980952754E-013
  1.717175421178446E-006 -3.417123206247735E-013
  1.734433321074116E-006 -3.486156212704026E-013
  1.751864665747259E-006 -3.556586653196932E-013
  1.769471198346869E-006 -3.628449701928029E-013
  1.787254679540878E-006 -3.701743003928699E-013
  1.805216887692224E-006 -3.776540468578368E-013
  1.823359619036693E-006 -3.852840427805232E-013
  1.841684687862537E-006 -3.930660303727402E-013
  1.860193926691909E-006 -4.010075914354936E-013
  1.878889186464117E-006 -4.091105875122066E-013
  1.897772336720718E-006 -4.173749363235329E-013
  1.916845265792473E-006 -4.258064451451391E-013
  1.936109880988184E-006 -4.344070562457575E-013
  1.955568108785423E-006 -4.431807199431695E-013
  1.975221895023187E-006 -4.521334446288743E-013
  1.995073205096477E-006 -4.612673163290111E-013
  2.015124024152843E-006 -4.705844400465175E-013
  2.035376357290900E-006 -4.800910011315603E-013
  2.055832229760839E-006 -4.897912448530058E-013
  2.076493687166953E-006 -4.996853754063845E-013
  2.097362795672201E-006 -5.097776989725176E-013
  2.118441642204824E-006 -5.200787983189711E-013
  2.139732334667041E-006 -5.305807050606921E-013
  2.161237002145842E-006 -5.413003737549982E-013
  2.182957795125894E-006 -5.522361470383915E-013
  2.204896885704596E-006 -5.633947603737364E-013
  2.227056467809289E-006 -5.747703123104868E-013
  2.249438757416649E-006 -5.863823713048937E-013
  2.272045992774289E-006 -5.982251256694498E-013
  2.294880434624585E-006 -6.103098663190460E-013
  2.317944366430750E-006 -6.226350793595148E-013
  2.341240094605185E-006 -6.352122567330497E-013
  2.364769948740120E-006 -6.480487127303278E-013
  2.388536281840578E-006 -6.611430772000572E-013
  2.412541470559673E-006 -6.744983408946234E-013
  2.436787915436282E-006 -6.881308527631842E-013
  2.461278041135098E-006 -7.020304606713748E-013
  2.486014296689100E-006 -7.162137035002433E-013
  2.510999155744455E-006 -7.306793745537832E-013
  2.536235116807892E-006 -7.454443405529791E-013
  2.561724703496545E-006 -7.604984334757724E-013
  2.587470464790326E-006 -7.758587172211215E-013
  2.613474975286819E-006 -7.915333572811230E-013
  2.639740835458743E-006 -8.075213937562338E-013
  2.666270671914005E-006 -8.238404002304152E-013
  2.693067137658357E-006 -8.404849052274554E-013
  2.720132912360706E-006 -8.574680649506238E-013
  2.747470702621075E-006 -8.747891026352019E-013
  2.775083242241273E-006 -8.924566669853347E-013
  2.802973292498272E-006 -9.104843030870399E-013
  2.831143642420341E-006 -9.288809937765949E-013
  2.859597109065945E-006 -9.476462284964124E-013
  2.888336537805461E-006 -9.667842772473688E-013
  2.917364802605713E-006 -9.863188974294512E-013
  2.946684806317371E-006 -1.006240069703395E-012
  2.976299480965240E-006 -1.026571900298650E-012
  3.006211788041463E-006 -1.047309315863659E-012
  3.036424718801675E-006 -1.068461969986078E-012
  3.066941294564129E-006 -1.090049628771309E-012
  3.097764567011833E-006 -1.112067350648913E-012
  3.128897618497717E-006 -1.134525145441352E-012
  3.160343562352875E-006 -1.157448350810819E-012
  3.192105543197895E-006 -1.180822068841431E-012
  3.224186737257333E-006 -1.204682157874813E-012
  3.256590352677327E-006 -1.229024041551477E-012
  3.289319629846424E-006 -1.253842989478245E-012
  3.322377841719614E-006 -1.279175624667321E-012
  3.355768294145633E-006 -1.305022741043303E-012
  3.389494326197550E-006 -1.331385082736628E-012
  3.423559310506675E-006 -1.358273877444797E-012
  3.457966653599826E-006 -1.385716393082476E-012
  3.492719796239985E-006 -1.413708457059940E-012
  3.527822213770378E-006 -1.442267129238742E-012
  3.563277416462010E-006 -1.471409741653608E-012
  3.599088949864695E-006 -1.501121498922351E-012
  3.635260395161617E-006 -1.531452364786833E-012
  3.671795369527450E-006 -1.562387775961274E-012
  3.708697526490075E-006 -1.593956654457719E-012
  3.745970556295941E-006 -1.626155368058906E-012
  3.783618186279089E-006 -1.659013353856163E-012
  3.821644181233890E-006 -1.692538299428226E-012
  3.860052343791530E-006 -1.726726776681109E-012
  3.898846514800269E-006 -1.761608928883346E-012
  3.938030573709538E-006 -1.797192823382123E-012
  3.977608438957880E-006 -1.833497955543309E-012
  4.017584068364803E-006 -1.870532710707862E-012
  4.057961459526561E-006 -1.908317019231938E-012
  4.098744650215917E-006 -1.946871118239469E-012
  4.139937718785926E-006 -1.986203971046894E-012
  4.181544784577773E-006 -2.026324622491892E-012
  4.223570008332711E-006 -2.067253900068476E-012
  4.266017592608136E-006 -2.109024707823617E-012
  4.308891782197847E-006 -2.151635052349330E-012
  4.352196864556534E-006 -2.195094670064807E-012
  4.395937170228519E-006 -2.239437259487762E-012
  4.440117073280820E-006 -2.284649100149859E-012
  4.484740991740559E-006 -2.330812538477800E-012
  4.529813388036769E-006 -2.377890289303466E-012
  4.575338769446639E-006 -2.425929443752004E-012
  4.621321688546249E-006 -2.474928964963019E-012
  4.667766743665828E-006 -2.524924573752208E-012
  4.714678579349592E-006 -2.575927860981234E-012
  4.762061886820203E-006 -2.627975370911246E-012
  4.809921404447894E-006 -2.681066793389120E-012
  4.858261918224311E-006 -2.735226776461999E-012
  4.907088262241116E-006 -2.790492941364380E-012
  4.956405319173398E-006 -2.846852827689588E-012
  5.006218020767949E-006 -2.904357276635092E-012
  5.056531348336439E-006 -2.963019602883351E-012
  5.107350333253554E-006 -3.022904708343025E-012
  5.158680057460133E-006 -3.083949338441128E-012
  5.210525653971372E-006 -3.146257759855681E-012
  5.262892307390128E-006 -3.209818634334614E-012
  5.315785254425382E-006 -3.274659614017215E-012
  5.369209784415913E-006 -3.340808746102425E-012
  5.423171239859242E-006 -3.408307735582549E-012
  5.477675016945882E-006 -3.477145657679168E-012
  5.532726566098960E-006 -3.547364762888723E-012
  5.588331392519269E-006 -3.619061813939875E-012
  5.644495056735788E-006 -3.692145970794443E-012
  5.701223175161743E-006 -3.766714698823976E-012
  5.758521420656249E-006 -3.842812593687422E-012
  5.816395523091605E-006 -3.920457494621228E-012
  5.874851269926282E-006 -3.999667403249140E-012
  5.933894506783677E-006 -4.080460484872046E-012
  5.993531138036679E-006 -4.162855069767223E-012
  6.053767127398112E-006 -4.246953702660567E-012
  6.114608498517106E-006 -4.332776311597315E-012
  6.176061335581476E-006 -4.420286410983269E-012
  6.238131783926139E-006 -4.509588760844659E-012
  6.300826050647656E-006 -4.600675679750146E-012
  6.364150405224943E-006 -4.693596553987342E-012
  6.428111180146228E-006 -4.788459271753134E-012
  6.492714771542306E-006 -4.885199567109343E-012
  6.557967639826152E-006 -4.983839114983356E-012
  6.623876310338971E-006 -5.084546314531005E-012
  6.690447374002740E-006 -5.187286533441971E-012
  6.757687487979300E-006 -5.292083380128365E-012
  6.825603376336083E-006 -5.398930928986852E-012
  6.894201830718521E-006 -5.508002259623684E-012
  6.963489711029219E-006 -5.619293377590224E-012
  7.033473946113947E-006 -5.732799923594144E-012
  7.104161534454534E-006 -5.848608216127875E-012
  7.175559544868721E-006 -5.966714518313673E-012
  7.247675117217048E-006 -6.087267997220939E-012
  7.320515463116846E-006 -6.210235670407941E-012
  7.394087866663405E-006 -6.335676468606796E-012
  7.468399685158392E-006 -6.463650197134644E-012
  7.543458349845581E-006 -6.594248819392574E-012
  7.619271366653990E-006 -6.727440098213579E-012
  7.695846316948479E-006 -6.863317166886439E-012
  7.773190858287890E-006 -7.002038189589840E-012
  7.851312725190810E-006 -7.143477010450541E-012
  7.930219729909032E-006 -7.287729037465035E-012
  8.009919763208783E-006 -7.435020151938049E-012
  8.090420795159810E-006 -7.585224142504332E-012
  8.171730875932394E-006 -7.738439727341093E-012
  8.253858136602368E-006 -7.894767234410357E-012
  8.336810789964242E-006 -8.054242865938669E-012
  8.420597131352476E-006 -8.216936195219362E-012
  8.505225539471033E-006 -8.382917789776720E-012
  8.590704477231249E-006 -8.552292596318230E-012
  8.677042492598133E-006 -8.725100164289421E-012
  8.764248219445169E-006 -8.901380402999964E-012
  8.852330378417714E-006 -9.081173584481423E-012
  8.941297777805069E-006 -9.264656539241185E-012
  9.031159314421309E-006 -9.451872321420165E-012
  9.121923974494983E-006 -9.642795596293068E-012
  9.213600834567735E-006 -9.837538296306017E-012
  9.306199062401971E-006 -1.003628359978860E-011
  9.399727917897638E-006 -1.023900841131666E-011
  9.494196754018227E-006 -1.044596934214872E-011
  9.589615017726075E-006 -1.065686346650803E-011
  9.685992250927068E-006 -1.087216087268275E-011
  9.783338091424841E-006 -1.109177073296118E-011
  9.881662273884565E-006 -1.131588618563769E-011
  9.980974630806424E-006 -1.154448785310921E-011
  1.008128509350887E-005 -1.177770000836312E-011
  1.018260369312177E-005 -1.201557617593547E-011
  1.028494056158950E-005 -1.225817036651069E-011
  1.038830593268422E-005 -1.250583068106195E-011
  1.049271014302915E-005 -1.275854276121095E-011
  1.059816363313233E-005 -1.301629131158879E-011
  1.070467694843066E-005 -1.327928361372558E-011
  1.081226074034443E-005 -1.354743093391460E-011
  1.092092576734248E-005 -1.382116889803230E-011
  1.103068289601807E-005 -1.410033612994265E-011
  1.114154310217553E-005 -1.438514737460354E-011
  1.125351747192785E-005 -1.467582099350065E-011
  1.136661720280533E-005 -1.497234867179092E-011
  1.148085360487530E-005 -1.527472117872902E-011
  1.159623810187317E-005 -1.558316100379849E-011
  1.171278223234479E-005 -1.589805023416632E-011
  1.183049765080033E-005 -1.621915120970621E-011
  1.194939612887973E-005 -1.654685045607561E-011
  1.206948955652988E-005 -1.688098764375071E-011
  1.219078994319362E-005 -1.722195497904012E-011
  1.231330941901071E-005 -1.756991198060292E-011
  1.243706023603083E-005 -1.792477955627200E-011
  1.256205476943880E-005 -1.828687971066876E-011
  1.268830551879213E-005 -1.865637778801935E-011
  1.281582510927096E-005 -1.903319694635412E-011
  1.294462629294061E-005 -1.941774946819759E-011
  1.307472195002678E-005 -1.981004324535117E-011
  1.320612509020358E-005 -2.021025085677485E-011
  1.333884885389455E-005 -2.061846418317215E-011
  1.347290651358665E-005 -2.103511030013689E-011
  1.360831147515758E-005 -2.146011977390340E-011
  1.374507727921631E-005 -2.189358956053383E-011
  1.388321760245723E-005 -2.233578720292182E-011
  1.402274625902779E-005 -2.278715509106534E-011
  1.416367720190991E-005 -2.324762913693222E-011
  1.430602452431532E-005 -2.371714279402821E-011
  1.444980246109490E-005 -2.419614642733770E-011
  1.459502539016212E-005 -2.468509828654523E-011
  1.474170783393093E-005 -2.518359022492639E-011
  1.488986446076792E-005 -2.569243490074818E-011
  1.503951008645925E-005 -2.621140026317244E-011
  1.519065967569219E-005 -2.674095835561404E-011
  1.534332834355163E-005 -2.728123258507213E-011
  1.549753135703158E-005 -2.783234748120694E-011
  1.565328413656187E-005 -2.839460890610762E-011
  1.581060225755028E-005 -2.896832747545991E-011
  1.596950145193998E-005 -2.955345458906226E-011
  1.612999760978284E-005 -3.015048798348559E-011
  1.629210678082839E-005 -3.075993392619218E-011
  1.645584517612882E-005 -3.138119874097127E-011
  1.662122916966012E-005 -3.201516076953705E-011
  1.678827529995945E-005 -3.266196799246974E-011
  1.695700027177905E-005 -3.332158218180336E-011
  1.712742095775671E-005 -3.399471668666774E-011
  1.729955440010305E-005 -3.468152921400580E-011
  1.747341781230574E-005 -3.538198851673197E-011
  1.764902858085089E-005 -3.609682635273717E-011
  1.782640426696169E-005 -3.682601820710148E-011
  1.800556260835458E-005 -3.757011703742615E-011
  1.818652152101299E-005 -3.832871388381298E-011
  1.836929910097899E-005 -3.910295135801330E-011
  1.855391362616288E-005 -3.989301220851165E-011
  1.874038355817104E-005 -4.069888367735370E-011
  1.892872754415205E-005 -4.152114520960951E-011
  1.911896441866147E-005 -4.235978839987774E-011
  1.931111320554528E-005 -4.321540303717694E-011
  1.950519311984229E-005 -4.408858865480843E-011
  1.970122356970567E-005 -4.497894383179591E-011
  1.989922415834376E-005 -4.588768226122428E-011
  2.009921468598042E-005 -4.681461043484746E-011
  2.030121515183509E-005 -4.775993904963885E-011
  2.050524575612267E-005 -4.872491194684433E-011
  2.071132690207363E-005 -4.970934460866702E-011
  2.091947919797429E-005 -5.071367126091712E-011
  2.112972345922771E-005 -5.173791363099189E-011
  2.134208071043522E-005 -5.278335382579412E-011
  2.155657218749889E-005 -5.384981685717866E-011
  2.177321933974518E-005 -5.493712151681830E-011
  2.199204383206985E-005 -5.604721621736071E-011
  2.221306754710450E-005 -5.717950983627351E-011
  2.243631258740481E-005 -5.833469091461658E-011
  2.266180127766085E-005 -5.951345897676665E-011
  2.288955616692955E-005 -6.071521721045838E-011
  2.311960003088964E-005 -6.194198182827137E-011
  2.335195587411921E-005 -6.319360558099775E-011
  2.358664693239622E-005 -6.446993506513815E-011
  2.382369667502208E-005 -6.577258911226048E-011
  2.406312880716859E-005 -6.710187533358636E-011
  2.430496727224849E-005 -6.845720596619829E-011
  2.454923625430982E-005 -6.983978342013780E-011
  2.479596018045435E-005 -7.125083091574361E-011
  2.504516372328029E-005 -7.268931335551619E-011
  2.529687180334960E-005 -7.415783653243548E-011
  2.555110959168004E-005 -7.565537136149886E-011
  2.580790251226231E-005 -7.718364086514895E-011
  2.606727624460247E-005 -7.874300367919205E-011
  2.632925672628988E-005 -8.033428912020217E-011
  2.659387015559105E-005 -8.195692989111795E-011
  2.686114299406941E-005 -8.361270381206965E-011
  2.713110196923153E-005 -8.530247141386474E-011
  2.740377407719991E-005 -8.702472196163095E-011
  2.767918658541256E-005 -8.878270257294926E-011
  2.795736703534981E-005 -9.057586816598117E-011
  2.823834324528849E-005 -9.240607848249045E-011
  2.852214331308372E-005 -9.427230713016568E-011
  2.880879561897880E-005 -9.617741383989611E-011
  2.909832882844318E-005 -9.811988868874016E-011
  2.939077189503909E-005 -1.001021372508899E-010
  2.968615406331690E-005 -1.021246233225972E-010
  2.998450487173959E-005 -1.041868173071144E-010
  3.028585415563662E-005 -1.062911817037188E-010
  3.059023205018751E-005 -1.084382080742088E-010
  3.089766899343537E-005 -1.106288987988593E-010
  3.120819572933071E-005 -1.128642709187022E-010
  3.152184331080590E-005 -1.151443334297936E-010
  3.183864310288046E-005 -1.174701178037680E-010
  3.215862678579760E-005 -1.198431870868110E-010
  3.248182635819227E-005 -1.222635723578881E-010
  3.280827414029103E-005 -1.247339081198921E-010
  3.313800277714414E-005 -1.272532050163149E-010
  3.347104524189006E-005 -1.298246635463735E-010
  3.380743483905280E-005 -1.324467753022564E-010
  3.414720520787241E-005 -1.351217211041596E-010
  3.449039032566889E-005 -1.378522540514974E-010
  3.483702451124003E-005 -1.406357991560030E-010
  3.518714242829325E-005 -1.434772876012600E-010
  3.554077908891202E-005 -1.463763121430216E-010
  3.589796985705708E-005 -1.493313583883040E-010
  3.625875045210293E-005 -1.523496505300761E-010
  3.662315695240971E-005 -1.554275251914657E-010
  3.699122579893114E-005 -1.585667777087367E-010
  3.736299379885858E-005 -1.617703454734886E-010
  3.773849812930184E-005 -1.650389785804439E-010
  3.811777634100688E-005 -1.683734339514505E-010
  3.850086636211095E-005 -1.717733449449287E-010
  3.888780650193538E-005 -1.752440097455368E-010
  3.927863545481662E-005 -1.787828318334372E-010
  3.967339230397565E-005 -1.823951862733708E-010
  4.007211652542635E-005 -1.860807808592903E-010
  4.047484799192313E-005 -1.898393081133383E-010
  4.088162697694826E-005 -1.936751045462938E-010
  4.129249415873922E-005 -1.975879015195438E-010
  4.170749062435658E-005 -2.015797682939074E-010
  4.212665787379273E-005 -2.056504408700916E-010
  4.255003782412192E-005 -2.098055819041254E-010
  4.297767281369201E-005 -2.140425970691013E-010
  4.340960560635832E-005 -2.183672316443030E-010
  4.384587939576005E-005 -2.227793039012983E-010
  4.428653780963972E-005 -2.272798296724557E-010
  4.473162491420592E-005 -2.318710525082360E-010
  4.518118521854002E-005 -2.365540250965025E-010
  4.563526367904709E-005 -2.413347326234823E-010
  4.609390570395158E-005 -2.462081364843821E-010
  4.655715715783817E-005 -2.511840017722779E-010
  4.702506436623831E-005 -2.562585349743969E-010
  4.749767412026275E-005 -2.614341313591853E-010
  4.797503368128075E-005 -2.667157454786911E-010
  4.845719078564621E-005 -2.721020773066088E-010
  4.894419364947136E-005 -2.776007092246051E-010
  4.943609097344842E-005 -2.832091146569508E-010
  4.993293194771970E-005 -2.889285641332507E-010
  5.043476625679667E-005 -2.947655150495105E-010
  5.094164408452843E-005 -3.007213388989708E-010
  5.145361611912016E-005 -3.067948059845121E-010
  5.197073355820196E-005 -3.129938405173592E-010
  5.249304811394866E-005 -3.193159508863572E-010
  5.302061201825112E-005 -3.257665389989535E-010
  5.355347802793938E-005 -3.323470997301466E-010
  5.409169943005849E-005 -3.390645012329955E-010
  5.463533004719717E-005 -3.459136130793633E-010
  5.518442424287016E-005 -3.529013649490128E-010
  5.573903692695461E-005 -3.600293680929213E-010
  5.629922356118111E-005 -3.673019823835833E-010
  5.686504016467991E-005 -3.747236372679332E-010
  5.743654331958286E-005 -3.822905482010802E-010
  5.801379017668172E-005 -3.900182628161076E-010
  5.859683846114323E-005 -3.978947299882554E-010
  5.918574647828172E-005 -4.059272586362933E-010
  5.978057311938966E-005 -4.141317371758714E-010
  6.038137786762685E-005 -4.224960391482674E-010
  6.098822080396878E-005 -4.310333828323184E-010
  6.160116261321479E-005 -4.397400724034506E-010
  6.222026459005659E-005 -4.486238124170063E-010
  6.284558864520780E-005 -4.576866632887784E-010
  6.347719731159503E-005 -4.669336072090078E-010
  6.411515375061126E-005 -4.763697034576338E-010
  6.475952175843203E-005 -4.859912926364282E-010
  6.541036577239508E-005 -4.958093523975612E-010
  6.606775087744418E-005 -5.058261719365553E-010
  6.673174281263768E-005 -5.160440612754244E-010
  6.740240797772241E-005 -5.264683428784221E-010
  6.807981343977377E-005 -5.371044203470746E-010
  6.876402693990248E-005 -5.479547578246343E-010
  6.945511690002872E-005 -5.590248785179229E-010
  7.015315242972443E-005 -5.703142853367318E-010
  7.085820333312427E-005 -5.818347119355181E-010
  7.157034011590611E-005 -5.935857691880509E-010
  7.228963399234170E-005 -6.055794226935235E-010
  7.301615689241808E-005 -6.178122809689778E-010
  7.374998146903070E-005 -6.302964992146658E-010
  7.449118110524875E-005 -6.430287218236701E-010
  7.523982992165351E-005 -6.560149755624612E-010
  7.599600278375051E-005 -6.692677294092553E-010
  7.675977530945610E-005 -6.827837083004162E-010
  7.753122387665932E-005 -6.965755792426311E-010
  7.831042563085978E-005 -7.106465564866859E-010
  7.909745849288223E-005 -7.249998835244192E-010
  7.989240116666873E-005 -7.396486038501367E-010
  8.069533314714912E-005 -7.545928938928977E-010
  8.150633472819056E-005 -7.698361854449808E-010
  8.232548701062700E-005 -7.853918596623161E-010
  8.315287191036930E-005 -8.012569148021274E-010
  8.398857216659692E-005 -8.174382669181155E-010
  8.483267135003191E-005 -8.339597115855870E-010
  8.568525387129605E-005 -8.508016342356939E-010
  8.654640498935192E-005 -8.679948297624042E-010
  8.741621082002897E-005 -8.855229755137064E-010
  8.829475834463511E-005 -9.034173101197084E-010
  8.918213541865493E-005 -9.216752463075557E-010
  9.007843078053531E-005 -9.402871815377014E-010
  9.098373406055935E-005 -9.592849812144462E-010
  9.189813578980947E-005 -9.786591890172409E-010
  9.282172740922061E-005 -9.984352146451701E-010
  9.375460127872437E-005 -1.018603648536540E-009
  9.469685068648510E-005 -1.039183207291851E-009
  9.564856985822878E-005 -1.060178678753507E-009
  9.660985396666569E-005 -1.081587731479790E-009
  9.758079914100775E-005 -1.103429530517392E-009
  9.856150247658151E-005 -1.125723572746289E-009
  9.955206204453779E-005 -1.148467877583907E-009
  1.005525769016588E-004 -1.171674981943490E-009
  1.015631471002642E-004 -1.195335584278865E-009
  1.025838736982157E-004 -1.219484423366522E-009
  1.036148587690240E-004 -1.244127205215751E-009
  1.046562054120551E-004 -1.269254777511971E-009
  1.057080177628413E-004 -1.294895203996322E-009
  1.067704010034941E-004 -1.321054459414593E-009
  1.078434613732228E-004 -1.347738572865839E-009
  1.089273061789587E-004 -1.374961233991459E-009
  1.100220438060855E-004 -1.402751627911515E-009
  1.111277837292783E-004 -1.431077998758479E-009
  1.122446365234509E-004 -1.459985088271087E-009
  1.133727138748133E-004 -1.489487429979880E-009
  1.145121285920407E-004 -1.519576379759118E-009
  1.156629946175544E-004 -1.550274393640208E-009
  1.168254270389161E-004 -1.581588550063282E-009
  1.179995421003365E-004 -1.613541824100225E-009
  1.191854572143001E-004 -1.646133705592807E-009
  1.203832909733068E-004 -1.679395575454114E-009
  1.215931631617306E-004 -1.713303112072329E-009
  1.228151947677985E-004 -1.747920257367127E-009
  1.240495079956894E-004 -1.783230988152870E-009
  1.252962262777549E-004 -1.819259655209606E-009
  1.265554742868621E-004 -1.855998216848542E-009
  1.278273779488612E-004 -1.893504292348648E-009
  1.291120644551783E-004 -1.931745480568484E-009
  1.304096622755347E-004 -1.970780174642620E-009
  1.317203011707938E-004 -2.010584208009821E-009
  1.330441122059372E-004 -2.051200073309732E-009
  1.343812277631716E-004 -2.092628778650502E-009
  1.357317815551671E-004 -2.134930679757369E-009
  1.370959086384284E-004 -2.178039248687535E-009
  1.384737454268004E-004 -2.222058020899255E-009
  1.398654297051103E-004 -2.266928755533190E-009
  1.412711006429456E-004 -2.312713190284789E-009
  1.426908988085715E-004 -2.359439372783530E-009
  1.441249661829877E-004 -2.407118299068363E-009
  1.455734461741268E-004 -2.455743480199498E-009
  1.470364836311949E-004 -2.505343522102210E-009
  1.485142248591569E-004 -2.555947484132497E-009
  1.500068176333671E-004 -2.607567033424393E-009
  1.515144112143468E-004 -2.660249823844514E-009
  1.530371563627103E-004 -2.713990244684890E-009
  1.545752053542415E-004 -2.768800557506769E-009
  1.561287119951212E-004 -2.824711346660145E-009
  1.576978316373081E-004 -2.881771976593765E-009
  1.592827211940740E-004 -2.939995872479968E-009
  1.608835391556954E-004 -2.999378095022654E-009
  1.625004456053024E-004 -3.059969195648605E-009
  1.641336022348874E-004 -3.121820592236632E-009
  1.657831723614744E-004 -3.184890748854543E-009
  1.674493209434506E-004 -3.249231436298254E-009
  1.691322145970627E-004 -3.314876354153760E-009
  1.708320216130786E-004 -3.381821616501543E-009
  1.725489119736162E-004 -3.450120528934285E-009
  1.742830573691424E-004 -3.519808059636245E-009
  1.760346312156419E-004 -3.590919705473066E-009
  1.778038086719590E-004 -3.663452628848516E-009
  1.795907666573136E-004 -3.737481881399502E-009
  1.813956838689935E-004 -3.812966059637695E-009
  1.832187408002238E-004 -3.890000836529331E-009
  1.850601197582169E-004 -3.968584483139969E-009
  1.869200048824031E-004 -4.048754890868416E-009
  1.887985821628447E-004 -4.130570540170184E-009
  1.906960394588353E-004 -4.214010374727247E-009
  1.926125665176857E-004 -4.299133616678751E-009
  1.945483549936988E-004 -4.385980140296421E-009
  1.965035984673355E-004 -4.474549543010192E-009
  1.984784924645725E-004 -4.564943861599291E-009
  2.004732344764552E-004 -4.657184414711144E-009
  2.024880239788472E-004 -4.751230495888513E-009
  2.045230624523776E-004 -4.847227940375653E-009
  2.065785534025897E-004 -4.945157693227151E-009
  2.086547023802914E-004 -5.045042174115059E-009
  2.107517170021107E-004 -5.146988641218983E-009
  2.128698069712572E-004 -5.250957401310256E-009
  2.150091840984929E-004 -5.356993187180624E-009
  2.171700623233133E-004 -5.465248764354338E-009
  2.193526577353418E-004 -5.575620664827768E-009
  2.215571885959383E-004 -5.688220005203086E-009
  2.237838753600260E-004 -5.803159862092899E-009
  2.260329406981369E-004 -5.920423821262781E-009
  2.283046095186790E-004 -6.039994839737422E-009
  2.305991089904274E-004 -6.161988032519059E-009
  2.329166685652415E-004 -6.286520530291195E-009
  2.352575200010099E-004 -6.413487952964760E-009
  2.376218973848271E-004 -6.543053107844221E-009
  2.400100371564016E-004 -6.675246279914844E-009
  2.424221781317008E-004 -6.810098029757799E-009
  2.448585615268323E-004 -6.947684809063753E-009
  2.473194309821660E-004 -7.087992580138290E-009
  2.498050325866981E-004 -7.231237033970266E-009
  2.523156149026604E-004 -7.377360024895599E-009
  2.548514289903768E-004 -7.526348399784896E-009
  2.574127284333690E-004 -7.678422215687343E-009
  2.599997693637159E-004 -7.833523564153464E-009
  2.626128104876664E-004 -7.991734695100334E-009
  2.652521131115104E-004 -8.153234072693849E-009
  2.679179411677097E-004 -8.317917066950499E-009
  2.706105612412915E-004 -8.485964240913115E-009
  2.733302425965069E-004 -8.657366604982875E-009
  2.760772572037580E-004 -8.832259861662099E-009
  2.788518797667946E-004 -9.010684654560156E-009
  2.816543877501851E-004 -9.192681996924039E-009
  2.844850614070635E-004 -9.378489938092826E-009
  2.873441838071543E-004 -9.567906135128837E-009
  2.902320408650801E-004 -9.761120979683520E-009
  2.931489213689532E-004 -9.958328224624807E-009
  2.960951170092547E-004 -1.015947422894504E-008
  2.990709224080040E-004 -1.036465499712220E-008
  3.020766351482207E-004 -1.057401862114358E-008
  3.051125558036835E-004 -1.078756289758467E-008
  3.081789879689881E-004 -1.100548973472738E-008
  3.112762382899062E-004 -1.122785027117550E-008
  3.144046164940510E-004 -1.145459273774944E-008
  3.175644354218500E-004 -1.168597543637174E-008
  3.207560110578290E-004 -1.192200026178340E-008
  3.239796625622114E-004 -1.216287842557719E-008
  3.272357123028340E-004 -1.240861386044263E-008
  3.305244858873842E-004 -1.265936894316101E-008
  3.338463121959611E-004 -1.291504238394756E-008
  3.372015234139638E-004 -1.317585138793664E-008
  3.405904550653101E-004 -1.344201689227885E-008
  3.440134460459893E-004 -1.371365547915293E-008
  3.474708386579519E-004 -1.399061370044589E-008
  3.509629786433403E-004 -1.427328042273097E-008
  3.544902152190631E-004 -1.456150280786226E-008
  3.580529011117173E-004 -1.485578611830944E-008
  3.616513925928612E-004 -1.515597983063569E-008
  3.652860495146414E-004 -1.546192962588497E-008
  3.689572353457793E-004 -1.577426122003923E-008
  3.726653172079170E-004 -1.609304942726329E-008
  3.764106659123311E-004 -1.641803041890009E-008
  3.801936559970129E-004 -1.674972997857715E-008
  3.840146657641236E-004 -1.708822666816484E-008
  3.878740773178239E-004 -1.743337012969699E-008
  3.917722766024855E-004 -1.778558308951622E-008
  3.957096534412853E-004 -1.814483202039316E-008
  3.996866015751884E-004 -1.851143147955257E-008
  4.037035187023224E-004 -1.888523288750905E-008
  4.077608065177472E-004 -1.926667236983924E-008
  4.118588707536257E-004 -1.965595725481644E-008
  4.159981212197964E-004 -2.005294132990549E-008
  4.201789718447553E-004 -2.045819147052945E-008
  4.244018407170490E-004 -2.087144422250691E-008
  4.286671501270838E-004 -2.129303331432930E-008
  4.329753266093551E-004 -2.172329815085291E-008
  4.373268009851013E-004 -2.216209620936611E-008
  4.417220084053862E-004 -2.260989364547360E-008
  4.461613883946145E-004 -2.306654916266403E-008
  4.506453848944847E-004 -2.353253628385144E-008
  4.551744463083835E-004 -2.400783937952138E-008
  4.597490255462263E-004 -2.449294133246591E-008
  4.643695800697493E-004 -2.498770536933907E-008
  4.690365719382552E-004 -2.549249576378060E-008
  4.737504678548200E-004 -2.600742907906405E-008
  4.785117392129637E-004 -2.653275046727203E-008
  4.833208621437898E-004 -2.706883687392290E-008
  4.881783175635990E-004 -2.761581385739219E-008
  4.930845912219812E-004 -2.817367866210376E-008
  4.980401737503908E-004 -2.874281740581509E-008
  5.030455607112102E-004 -2.932336104939303E-008
  5.081012526473069E-004 -2.991557315677638E-008
  5.132077551320874E-004 -3.051998526995364E-008
  5.183655788200556E-004 -3.113660716767207E-008
  5.235752394978785E-004 -3.176558066471496E-008
  5.288372581359655E-004 -3.240731700019100E-008
  5.341521609405652E-004 -3.306196460790350E-008
  5.395204794063872E-004 -3.372980868633602E-008
  5.449427503697519E-004 -3.441113850905456E-008
  5.504195160622739E-004 -3.510638424586224E-008
  5.559513241650865E-004 -3.581543312630894E-008
  5.615387278636101E-004 -3.653899724878598E-008
  5.671822859028704E-004 -3.727724586316497E-008
  5.728825626433746E-004 -3.803034975961944E-008
  5.786401281175469E-004 -3.879848128085781E-008
  5.844555580867326E-004 -3.958237810166148E-008
  5.903294340987749E-004 -4.038194088799470E-008
  5.962623435461700E-004 -4.119763573363334E-008
  6.022548797248065E-004 -4.202993608630120E-008
  6.083076418932963E-004 -4.287874767618070E-008
  6.144212353329002E-004 -4.374483928402274E-008
  6.205962714080567E-004 -4.462841207238454E-008
  6.268333676275193E-004 -4.553025288165795E-008
  6.331331477061076E-004 -4.644969516488185E-008
  6.394962416270792E-004 -4.738812068107661E-008
  6.459232857051288E-004 -4.834515864979166E-008
  6.524149226500201E-004 -4.932161971499576E-008
  6.589718016308573E-004 -5.031832841169247E-008
  6.655945783410026E-004 -5.133492007247024E-008
  6.722839150636460E-004 -5.237162477226988E-008
  6.790404807380342E-004 -5.342958618624523E-008
  6.858649510263652E-004 -5.450874692513844E-008
  6.927580083813549E-004 -5.560965951737479E-008
  6.997203421144829E-004 -5.673319330347389E-008
  7.067526484649246E-004 -5.787930235766402E-008
  7.138556306691753E-004 -5.904887153205202E-008
  7.210299990313746E-004 -6.024154818326775E-008
  7.282764709943374E-004 -6.145854290475262E-008
  7.355957712112987E-004 -6.269982268066667E-008
  7.429886316183797E-004 -6.396630419939130E-008
  7.504557915077816E-004 -6.525891944301190E-008
  7.579979976017164E-004 -6.657701078196358E-008
  7.656160041270783E-004 -6.792183981681471E-008
  7.733105728908685E-004 -6.929436597021895E-008
  7.810824733563754E-004 -7.069360928175068E-008
  7.889324827201221E-004 -7.212216912505341E-008
  7.968613859895868E-004 -7.357907303228524E-008
  8.048699760617038E-004 -7.506497924654881E-008
  8.129590538021542E-004 -7.658188541722736E-008
  8.211294281254529E-004 -7.812881850091691E-008
  8.293819160758410E-004 -7.970713252286977E-008
  8.377173429089906E-004 -8.131719241896331E-008
  8.461365421745311E-004 -8.295970560982624E-008
  8.546403557994053E-004 -8.463607139522765E-008
  8.632296341720621E-004 -8.634497238941891E-008
  8.719052362274964E-004 -8.808953628012174E-008
  8.806680295331436E-004 -8.986879712249916E-008
  8.895188903756367E-004 -9.168385155737104E-008
  8.984587038484355E-004 -9.353651280048842E-008
  9.074883639403372E-004 -9.542651837586087E-008
  9.166087736248758E-004 -9.735430175164401E-008
  9.258208449506200E-004 -9.932100989017808E-008
  9.351254991323793E-004 -1.013270948343849E-007
  9.445236666433257E-004 -1.033744461107890E-007
  9.540162873080421E-004 -1.054628252812100E-007
  9.636043103965054E-004 -1.075934316365371E-007
  9.732886947190147E-004 -1.097667557759612E-007
  9.830704087220726E-004 -1.119847550895103E-007
  9.929504305852307E-004 -1.142472162850388E-007
  1.002929748318909E-003 -1.165539160859198E-007
  1.013009359863196E-003 -1.189090743851411E-007
  1.023190273187647E-003 -1.213102766499929E-007
  1.033473506392079E-003 -1.237618008069981E-007
  1.043860087808380E-003 -1.262612238210677E-007
  1.054351056103348E-003 -1.288121253083608E-007
  1.064947460382556E-003 -1.314151065696271E-007
  1.075650360295261E-003 -1.340700095615481E-007
  1.086460826140374E-003 -1.367782037349942E-007
  1.097379938973488E-003 -1.395410794011007E-007
  1.108408790714985E-003 -1.423600479675837E-007
  1.119548484259231E-003 -1.452357619062022E-007
  1.130800133584864E-003 -1.481696638024253E-007
  1.142164863866191E-003 -1.511632179432018E-007
  1.153643811585712E-003 -1.542179105614101E-007
  1.165238124647765E-003 -1.573328619817519E-007
  1.176948962493318E-003 -1.605111672079235E-007
  1.188777496215914E-003 -1.637543675901860E-007
  1.200724908678782E-003 -1.670607950475938E-007
  1.212792394633126E-003 -1.704368609184678E-007
  1.224981160837598E-003 -1.738793028661074E-007
  1.237292426178973E-003 -1.773913464195050E-007
  1.249727421794048E-003 -1.809754489806108E-007
  1.262287391192744E-003 -1.846324513157361E-007
  1.274973590382470E-003 -1.883615364983535E-007
  1.287787287993715E-003 -1.921677198562504E-007
  1.300729765406920E-003 -1.960502208433395E-007
  1.313802316880610E-003 -2.000116144332140E-007
  1.327006249680827E-003 -2.040511195434983E-007
  1.340342884211854E-003 -2.081730518878318E-007
  1.353813554148259E-003 -2.123783716785258E-007
  1.367419606568260E-003 -2.166680478628419E-007
  1.381162402088439E-003 -2.210473914693185E-007
  1.395043314999798E-003 -2.255104862894389E-007
  1.409063733405198E-003 -2.300652918503800E-007
  1.423225059358161E-003 -2.347146381929292E-007
  1.437528709003086E-003 -2.394560954056782E-007
  1.451976112716855E-003 -2.442942815162929E-007
  1.466568715251880E-003 -2.492267510634677E-007
  1.481307975880575E-003 -2.542635625682059E-007
  1.496195368541286E-003 -2.593987278615212E-007
  1.511232381985684E-003 -2.646406300429428E-007
  1.526420519927645E-003 -2.699850525901089E-007
  1.541761301193620E-003 -2.754386686540918E-007
  1.557256259874520E-003 -2.810045912194835E-007
  1.572906945479126E-003 -2.866804325958400E-007
  1.588714923089039E-003 -2.924711788257835E-007
  1.604681773515195E-003 -2.983819019820455E-007
  1.620809093455942E-003 -3.044102504999379E-007
  1.637098495656713E-003 -3.105575844851954E-007
  1.653551609071303E-003 -3.168328625508510E-007
  1.670170079024764E-003 -3.232337715387284E-007
  1.686955567377941E-003 -3.297636823424572E-007
  1.703909752693657E-003 -3.364240922617650E-007
  1.721034330404571E-003 -3.432203819082474E-007
  1.738331012982726E-003 -3.501541340770128E-007
  1.755801530110794E-003 -3.572289002637438E-007
  1.773447628855045E-003 -3.644423933651760E-007
  1.791271073840059E-003 -3.718080539877569E-007
  1.809273647425189E-003 -3.793177524352959E-007
  1.827457149882794E-003 -3.869811205171868E-007
  1.845823399578274E-003 -3.947999498244538E-007
  1.864374233151902E-003 -4.027720206123957E-007
  1.883111505702496E-003 -4.109092162141922E-007
  1.902037090972925E-003 -4.192114344636042E-007
  1.921152881537488E-003 -4.276805942746636E-007
  1.940460788991171E-003 -4.363227410066111E-007
  1.959962744140808E-003 -4.451378255850549E-007
  1.979660697198168E-003 -4.541278510251021E-007
  1.999556617974969E-003 -4.633031807213584E-007
  2.019652496079871E-003 -4.726638836210674E-007
  2.039950341117431E-003 -4.822142193899925E-007
  2.060452182889067E-003 -4.919521582789354E-007
  2.081160071596040E-003 -5.018904994546739E-007
  2.102076078044479E-003 -5.120294448545713E-007
  2.123202293852459E-003 -5.223734729869965E-007
  2.144540831659165E-003 -5.329249667710518E-007
  2.166093825336160E-003 -5.436906721066600E-007
  2.187863430200773E-003 -5.546752622164541E-007
  2.209851823231631E-003 -5.658834767144236E-007
  2.232061203286362E-003 -5.773135119242218E-007
  2.254493791321479E-003 -5.889767865730399E-007
  2.277151830614479E-003 -6.008715665000596E-007
  2.300037586988174E-003 -6.130094736401558E-007
  2.323153349037271E-003 -6.253933416285067E-007
  2.346501428357240E-003 -6.380260298833214E-007
  2.370084159775469E-003 -6.509149649616152E-007
  2.393903901584753E-003 -6.640676906648745E-007
  2.417963035779121E-003 -6.774781090167137E-007
  2.442263968292043E-003 -6.911630150077109E-007
  2.466809129237021E-003 -7.051348748482901E-007
  2.491600973150604E-003 -7.193784329894297E-007
  2.516641979237843E-003 -7.339108473621270E-007
  2.541934651620214E-003 -7.487354768419188E-007
  2.567481519586034E-003 -7.638604373135598E-007
  2.593285137843387E-003 -7.792844698597187E-007
  2.619348086775602E-003 -7.950253479742264E-007
  2.645672972699293E-003 -8.110867698404522E-007
  2.672262428124988E-003 -8.274724673133707E-007
  2.699119112020388E-003 -8.441958984476544E-007
  2.726245710076264E-003 -8.612463977289904E-007
  2.753644934975027E-003 -8.786473064700921E-007
  2.781319526661998E-003 -8.963928763539322E-007
  2.809272252619410E-003 -9.144969751552900E-007
  2.837505908143152E-003 -9.329737049628532E-007
  2.866023316622305E-003 -9.518174300815132E-007
  2.894827329821480E-003 -9.710524666877158E-007
  2.923920828166001E-003 -9.906733084767773E-007
  2.953306721029949E-003 -1.010684427029547E-006
  2.982987947027096E-003 -1.031100523703981E-006
  3.012967474304777E-003 -1.051936545057705E-006
  3.043248300840704E-003 -1.073176810942676E-006
  3.073833454742763E-003 -1.094862160673434E-006
  3.104725994551833E-003 -1.116982226157032E-006
  3.135929009547639E-003 -1.139542045059212E-006
  3.167445620057682E-003 -1.162567699764971E-006
  3.199278977769278E-003 -1.186043531253538E-006
  3.231432266044725E-003 -1.210006532084941E-006
  3.263908700239646E-003 -1.234441088637159E-006
  3.296711528024524E-003 -1.259374058302500E-006
  3.329844029709473E-003 -1.284811246607797E-006
  3.363309518572272E-003 -1.310769331147708E-006
  3.397111341189696E-003 -1.337248949438504E-006
  3.431252877772174E-003 -1.364261613265132E-006
  3.465737542501817E-003 -1.391824490253197E-006
  3.500568783873834E-003 -1.419938467662695E-006
  3.535750085041388E-003 -1.448609926935677E-006
  3.571284964163915E-003 -1.477889902420727E-006
  3.607176974758939E-003 -1.507740743857734E-006
  3.643429706057430E-003 -1.538191532709431E-006
  3.680046783362728E-003 -1.569260544055519E-006
  3.717031868413078E-003 -1.600966343054047E-006
  3.754388659747807E-003 -1.633316357300425E-006
  3.792120893077178E-003 -1.666318081997303E-006
  3.830232341655968E-003 -1.699990626360325E-006
  3.868726816660794E-003 -1.734318588557843E-006
  3.907608167571236E-003 -1.769344481950131E-006
  3.946880282554787E-003 -1.805099869037122E-006
  3.986547088855670E-003 -1.841546181490166E-006
  4.026612553187573E-003 -1.878750527644110E-006
  4.067080682130316E-003 -1.916709889141430E-006
  4.107955522530517E-003 -1.955421090051912E-006
  4.149241161906279E-003 -1.994928862785651E-006
  4.190941728855944E-003 -2.035230432034846E-006
  4.233061393470959E-003 -2.076347140729229E-006
  4.275604367752883E-003 -2.118300658727718E-006
  4.318574906034598E-003 -2.161088466879987E-006
  4.361977305405740E-003 -2.204732531360185E-006
  4.405815906142417E-003 -2.249267535857713E-006
  4.450095092141232E-003 -2.294703860390182E-006
  4.494819291357688E-003 -2.341051979406384E-006
  4.539992976248974E-003 -2.388347602904870E-006
  4.585620664221224E-003 -2.436601774501571E-006
  4.631706918081261E-003 -2.485825638299442E-006
  4.678256346492874E-003 -2.536055960003233E-006
  4.725273604437696E-003 -2.587291646734126E-006
  4.772763393680704E-003 -2.639544343634482E-006
  4.820730463240395E-003 -2.692864660517274E-006
  4.869179609863700E-003 -2.747265039027673E-006
  4.918115678505653E-003 -2.802784200377298E-006
  4.967543562813901E-003 -2.859395760698936E-006
  5.017468205618064E-003 -2.917178381544891E-006
  5.067894599424026E-003 -2.976105915908282E-006
  5.118827786913189E-003 -3.036204932666925E-006
  5.170272861446748E-003 -3.097542631269544E-006
  5.222234967575027E-003 -3.160106520006440E-006
  5.274719301551940E-003 -3.223951444383738E-006
  5.327731111854623E-003 -3.289065108105908E-006
  5.381275699708282E-003 -3.355516917024460E-006
  5.435358419616323E-003 -3.423281229679288E-006
  5.489984679895806E-003 -3.492442302851882E-006
  5.545159943218281E-003 -3.562988670800725E-006
  5.600889727156061E-003 -3.634964306698231E-006
  5.657179604733979E-003 -3.708385825583948E-006
  5.714035204986703E-003 -3.783298197811116E-006
  5.771462213521638E-003 -3.859747111431879E-006
  5.829466373087492E-003 -3.937693517180847E-006
  5.888053484148560E-003 -4.017269170004959E-006
  5.947229405464770E-003 -4.098435632461666E-006
  6.007000054677568E-003 -4.181211324267019E-006
  6.067371408901684E-003 -4.265731085281972E-006
  6.128349505322849E-003 -4.351927792086777E-006
  6.189940441801521E-003 -4.439791462325012E-006
  6.252150377482675E-003 -4.529459213108774E-006
  6.314985533411720E-003 -4.621011399435520E-006
  6.378452193156611E-003 -4.714321163965974E-006
  6.442556703436212E-003 -4.809558347838362E-006
  6.507305474754973E-003 -4.906715384906603E-006
  6.572704982043981E-003 -5.005814560204439E-006
  6.638761765308467E-003 -5.106939163123098E-006
  6.705482430281803E-003 -5.210112799406906E-006
  6.772873649086087E-003 -5.315328583069164E-006
  6.840942160899361E-003 -5.422671810243711E-006
  6.909694772629528E-003 -5.532198213030830E-006
  6.979138359595057E-003 -5.644026711132953E-006
  7.049279866212513E-003 -5.758027715576169E-006
  7.120126306691010E-003 -5.874352098517397E-006
  7.191684765733635E-003 -5.993026915772253E-006
  7.263962399245923E-003 -6.114111269513024E-006
  7.336966435051459E-003 -6.237601228202774E-006
  7.410704173614658E-003 -6.363620953793753E-006
  7.485182988770826E-003 -6.492135387897939E-006
  7.560410328463545E-003 -6.623303102272216E-006
  7.636393715489472E-003 -6.757089899710512E-006
  7.713140748250632E-003 -6.893624401762965E-006
  7.790659101514255E-003 -7.032872811052619E-006
  7.868956527180266E-003 -7.174932693822437E-006
  7.948040855056482E-003 -7.319936491886386E-006
  8.027919993641592E-003 -7.467751498826737E-006
  8.108601930916023E-003 -7.618678748412891E-006
  8.190094735140737E-003 -7.772552221201669E-006
  8.272406555664065E-003 -7.929541529194008E-006
  8.355545623736655E-003 -8.089751100188003E-006
  8.439520253334597E-003 -8.253115673704683E-006
  8.524338841990829E-003 -8.419843860099507E-006
  8.610009871634900E-003 -8.589940323462726E-006
  8.696541909441165E-003 -8.763478981600143E-006
  8.783943608685518E-003 -8.940499835930787E-006
  8.872223709610716E-003 -9.121183830307704E-006
  8.961391040300420E-003 -9.305361884569476E-006
  9.051454517562004E-003 -9.493287035269018E-006
  9.142423147818249E-003 -9.685145599241507E-006
  9.234306028007988E-003 -9.880840313471135E-006
  9.327112346495808E-003 -1.008041559835593E-005
  9.420851383990897E-003 -1.028406113749085E-005
  9.515532514475121E-003 -1.049175154561590E-005
  9.611165206140429E-003 -1.070367988332060E-005
  9.707759022335682E-003 -1.092004256852857E-005
  9.805323622522994E-003 -1.114052216357335E-005
  9.903868763243690E-003 -1.136553693462450E-005
  1.000340429909396E-002 -1.159521447200142E-005
  1.010394018371034E-002 -1.182938430452447E-005
  1.020548647076507E-002 -1.206839964870068E-005
  1.030805331497147E-002 -1.231216565090560E-005
  1.041165097309945E-002 -1.256096565425570E-005
  1.051628980500114E-002 -1.281470545294098E-005
  1.062198027464693E-002 -1.307351903541596E-005
  1.072873295117187E-002 -1.333761974393638E-005
  1.083655850993256E-002 -1.360706918953573E-005
  1.094546773357475E-002 -1.388200761506379E-005
  1.105547151311154E-002 -1.416234200591527E-005
  1.116658084901257E-002 -1.444844991773825E-005
  1.127880685230402E-002 -1.474031953686320E-005
  1.139216074567974E-002 -1.503809737166047E-005
  1.150665386462352E-002 -1.534177203931121E-005
  1.162229765854267E-002 -1.565173342044682E-005
  1.173910369191296E-002 -1.596797420388332E-005
  1.185708364543506E-002 -1.629040487018574E-005
  1.197624931720263E-002 -1.661958662261479E-005
  1.209661262388217E-002 -1.695527039226130E-005
  1.221818560190464E-002 -1.729777864920149E-005
  1.234098040866916E-002 -1.764719080765232E-005
  1.246500932375873E-002 -1.800375363280840E-005
  1.259028475016822E-002 -1.836729929824166E-005
  1.271681921554466E-002 -1.873841306571758E-005
  1.284462537344004E-002 -1.911692988503716E-005
  1.297371600457665E-002 -1.950310541518780E-005
  1.310410401812519E-002 -1.989702865333507E-005
  1.323580245299567E-002 -2.029896110884601E-005
  1.336882447914131E-002 -2.070899598468084E-005
  1.350318339887560E-002 -2.112740076041566E-005
  1.363889264820246E-002 -2.155418579935566E-005
  1.377596579815993E-002 -2.198971094886730E-005
  1.391441655617722E-002 -2.243390208012596E-005
  1.405425876744551E-002 -2.288694786108582E-005
  1.419550641630247E-002 -2.334930637120385E-005
  1.433817362763069E-002 -2.382108632776266E-005
  1.448227466827019E-002 -2.430221783132875E-005
  1.462782394844512E-002 -2.479335040691255E-005
  1.477483602320478E-002 -2.529405694529919E-005
  1.492332559387917E-002 -2.580517674081763E-005
  1.507330750954910E-002 -2.632628205981628E-005
  1.522479676853111E-002 -2.685804017985391E-005
  1.537780851987735E-002 -2.740039018765254E-005
  1.553235806489046E-002 -2.795382660149733E-005
  1.568846085865373E-002 -2.851866557277225E-005
  1.584613251157663E-002 -2.909447668240812E-005
  1.600538879095584E-002 -2.968232994625736E-005
  1.616624562255202E-002 -3.028179735306511E-005
  1.632871909218236E-002 -3.089358504409239E-005
  1.649282544732924E-002 -3.151764517023889E-005
  1.665858109876491E-002 -3.215450523780301E-005
  1.682600262219266E-002 -3.280412098309944E-005
  1.699510675990435E-002 -3.346683475135267E-005
  1.716591042245466E-002 -3.414299412982276E-005
  1.733843069035219E-002 -3.483255896534801E-005
  1.751268481576749E-002 -3.553647411614664E-005
  1.768869022425833E-002 -3.625451070718169E-005
  1.786646451651221E-002 -3.698663292795823E-005
  1.804602547010652E-002 -3.773400539960824E-005
  1.822739104128624E-002 -3.849620234234294E-005
  1.841057936675963E-002 -3.927359751014637E-005
  1.859560876551190E-002 -4.006697731114706E-005
  1.878249774063711E-002 -4.087632382535919E-005
  1.897126498118852E-002 -4.170202786396037E-005
  1.916192936404749E-002 -4.254427944495850E-005
  1.935450995581120E-002 -4.340389320994818E-005
  1.954902601469929E-002 -4.428065466390054E-005
  1.974549699247977E-002 -4.517539138745471E-005
  1.994394253641412E-002 -4.608789152361046E-005
  2.014438249122213E-002 -4.701857215266141E-005
  2.034683690106630E-002 -4.796828223959523E-005
  2.055132601155633E-002 -4.893724359437751E-005
  2.075787027177368E-002 -4.992589507351095E-005
  2.096649033631649E-002 -5.093424966709771E-005
  2.117720706736506E-002 -5.196296968305186E-005
  2.139004153676810E-002 -5.301294648343018E-005
  2.160501502814991E-002 -5.408355110401617E-005
  2.182214903903878E-002 -5.517612349646444E-005
  2.204146528301673E-002 -5.629114155784272E-005
  2.226298569189094E-002 -5.742753114910119E-005
  2.248673241788688E-002 -5.858732697863711E-005
  2.271272783586362E-002 -5.977125230299685E-005
  2.294099454555128E-002 -6.097868557081982E-005
  2.317155537381105E-002 -6.221035279525502E-005
  2.340443337691791E-002 -6.346653491201176E-005
  2.363965184286621E-002 -6.474889222256656E-005
  2.387723429369857E-002 -6.605727024775963E-005
  2.411720448785807E-002 -6.739104450769144E-005
  2.435958642256409E-002 -6.875283580677036E-005
  2.460440433621209E-002 -7.014156860832766E-005
  2.485168271079745E-002 -7.155802444438180E-005
  2.510144627436369E-002 -7.300394292942820E-005
  2.535372000347531E-002 -7.447824331916119E-005
  2.560852912571544E-002 -7.598220776913812E-005
  2.586589912220866E-002 -7.751714054683858E-005
  2.612585573016910E-002 -7.908292088847920E-005
  2.638842494547416E-002 -8.068039142556094E-005
  2.665363302526420E-002 -8.231089507712784E-005
  2.692150649056821E-002 -8.397334884805034E-005
  2.719207212895593E-002 -8.567008931182634E-005
  2.746535699721668E-002 -8.740003306591930E-005
  2.774138842406503E-002 -8.916604790013990E-005
  2.802019401287368E-002 -9.096805697434172E-005
  2.830180164443387E-002 -9.280497296972780E-005
  2.858623947974340E-002 -9.467971958202892E-005
  2.887353596282286E-002 -9.659172427743513E-005
  2.916371982355996E-002 -9.854345669546342E-005
  2.945682008058260E-002 -1.005338451396217E-004
  2.975286604416073E-002 -1.025643656952804E-004
  3.005188731913742E-002 -1.046360016863866E-004
  3.035391380788934E-002 -1.067502710886460E-004
  3.065897571331706E-002 -1.089055811607386E-004
  3.096710354186534E-002 -1.111050292274359E-004
  3.127832810657381E-002 -1.133501858120890E-004
  3.159268053015830E-002 -1.156399945357958E-004
  3.191019224812314E-002 -1.179755048300487E-004
  3.223089501190469E-002 -1.203593891469150E-004
  3.255482089204662E-002 -1.227900591582990E-004
  3.288200228140684E-002 -1.252702186531849E-004
  3.321247189839698E-002 -1.277998997944551E-004
  3.354626279025410E-002 -1.303818626220220E-004
  3.388340833634556E-002 -1.330150700764848E-004
  3.422394225150692E-002 -1.357023230426535E-004
  3.456789858941348E-002 -1.384420322876432E-004
  3.491531174598565E-002 -1.412375895890592E-004
  3.526621646282862E-002 -1.440913269940842E-004
  3.562064783070648E-002 -1.470027993898089E-004
  3.597864129305139E-002 -1.499715452889042E-004
  3.634023264950790E-002 -1.530005007187940E-004
  3.670545805951299E-002 -1.560903658253303E-004
  3.707435404591201E-002 -1.592429965968273E-004
  3.744695749861103E-002 -1.624602784832617E-004
  3.782330567826581E-002 -1.657418046741651E-004
  3.820343622000794E-002 -1.690894856470150E-004
  3.858738713720837E-002 -1.725040893203292E-004
  3.897519682527879E-002 -1.759887477423030E-004
  3.936690406551117E-002 -1.795430937962011E-004
  3.976254802895596E-002 -1.831679344796112E-004
  4.016216828033922E-002 -1.868688696696863E-004
  4.056580478201910E-002 -1.906419834819864E-004
  4.097349789798213E-002 -1.944929390673101E-004
  4.138528839787965E-002 -1.984202171668024E-004
  4.180121746110482E-002 -2.024283608994421E-004
  4.222132668091057E-002 -2.065195414353706E-004
  4.264565806856896E-002 -2.106885661916193E-004
  4.307425405757237E-002 -2.149437569000165E-004
  4.350715750787687E-002 -2.192861210510128E-004
  4.394441171018824E-002 -2.237154238586569E-004
  4.438606039029110E-002 -2.282314146985468E-004
  4.483214771342150E-002 -2.328426751059584E-004
  4.528271828868348E-002 -2.375452439996528E-004
  4.573781717351005E-002 -2.423440058154078E-004
  4.619748987816896E-002 -2.472387987859779E-004
  4.666178237031371E-002 -2.522320247600525E-004
  4.713074107958044E-002 -2.573261215341735E-004
  4.760441290223089E-002 -2.625222607270327E-004
  4.808284520584203E-002 -2.678242427185808E-004
  4.856608583404293E-002 -2.732332998698556E-004
  4.905418311129910E-002 -2.787506757499939E-004
  4.954718584774503E-002 -2.843816117529209E-004
  5.004514334406519E-002 -2.901260985758036E-004
  5.054810539642417E-002 -2.959841122168257E-004
  5.105612230144637E-002 -3.019610094374110E-004
  5.156924486124562E-002 -3.080595286284899E-004
  5.208752438850550E-002 -3.142810854495339E-004
  5.261101271161066E-002 -3.206271084334325E-004
  5.313976217982963E-002 -3.271031676153515E-004
  5.367382566854987E-002 -3.337107796653237E-004
  5.421325658456530E-002 -3.404473050389608E-004
  5.475810887141705E-002 -3.473212102871950E-004
  5.530843701478785E-002 -3.543354994996575E-004
  5.586429604795065E-002 -3.614932194708739E-004
  5.642574155727198E-002 -3.687903697368827E-004
  5.699282968777064E-002 -3.762399536502126E-004
  5.756561714873226E-002 -3.838351649075755E-004
  5.814416121938026E-002 -3.915834363865813E-004
  5.872851975460383E-002 -3.994952250282165E-004
  5.931875119074346E-002 -4.075579141846706E-004
  5.991491455143462E-002 -4.157878387236959E-004
  6.051706945351018E-002 -4.241898932331104E-004
  6.112527611296215E-002 -4.327542894406232E-004
  6.173959535096332E-002 -4.414888210517978E-004
  6.236008859994942E-002 -4.504014175334641E-004
  6.298681790976243E-002 -4.594941526740498E-004
  6.361984595385561E-002 -4.687721306767142E-004
  6.425923603556088E-002 -4.782405351391734E-004
  6.490505209441925E-002 -4.878985463244143E-004
  6.555735871257479E-002 -4.977514178674387E-004
  6.621622112123289E-002 -5.077952674618114E-004
  6.688170520718349E-002 -5.180508124651771E-004
  6.755387751938975E-002 -5.285143353474221E-004
  6.823280527564303E-002 -5.391882545184258E-004
  6.891855636928473E-002 -5.500718759145291E-004
  6.961119937599569E-002 -5.611802156179061E-004
  7.031080356065378E-002 -5.725064025133064E-004
  7.101743888426046E-002 -5.840624899454451E-004
  7.173117601093697E-002 -5.958543497858777E-004
  7.245208631499074E-002 -6.078847285264593E-004
  7.318024188805296E-002 -6.201596275573226E-004
  7.391571554628772E-002 -6.326753998994744E-004
  7.465858083767374E-002 -6.454478685247930E-004
  7.540891204935922E-002 -6.584800282334241E-004
  7.616678421509060E-002 -6.717716059249607E-004
  7.693227312271603E-002 -6.853355366276786E-004
  7.770545532176416E-002 -6.991650120912817E-004
  7.848640813109924E-002 -7.132798124821645E-004
  7.927520964665298E-002 -7.276799105627975E-004
  8.007193874923428E-002 -7.423652420703511E-004
  8.087667511241735E-002 -7.573458916589808E-004
  8.168949921050911E-002 -7.726321099854279E-004
  8.251049232659673E-002 -7.882274563703572E-004
  8.333973656067598E-002 -8.041389693438643E-004
  8.417731483786131E-002 -8.203737891799998E-004
  8.502331091667843E-002 -8.369287146025887E-004
  8.587780939744021E-002 -8.538249313965278E-004
  8.674089573070681E-002 -8.710558778382433E-004
  8.761265622583081E-002 -8.886395556340098E-004
  8.849317805958817E-002 -9.065765259306108E-004
  8.938254928489606E-002 -9.248708856991610E-004
  9.028085883961814E-002 -9.435339441033239E-004
  9.118819655545848E-002 -9.625844026184554E-004
  9.210465316694479E-002 -9.820050552010523E-004
  9.303032032050192E-002 -1.001822001855223E-003
  9.396529058361662E-002 -1.022047179198126E-003
  9.490965745409435E-002 -1.042670642704603E-003
  9.586351536940915E-002 -1.063711770325031E-003
  9.682695971614742E-002 -1.085175416911565E-003
  9.780008683954670E-002 -1.107066481436958E-003
  9.878299405313028E-002 -1.129397412593945E-003
  9.977577964843860E-002 -1.152188397249014E-003
  0.100778542904859      -1.175444809692540E-003
  0.101791384099551      -1.199149217136774E-003
  0.102814404517481      -1.223337375926610E-003
  0.103847706461540      -1.248030312285755E-003
  0.104891393262787      -1.273210743197706E-003
  0.105945569290769      -1.298892064788053E-003
  0.107010339963968      -1.325087879952127E-003
  0.108085811760340      -1.351827702110881E-003
  0.109172092227959      -1.379094230694738E-003
  0.110269289995778      -1.406901467025226E-003
  0.111377514784488      -1.435287534427325E-003
  0.112496877417492      -1.464227177615785E-003
  0.113627489831985      -1.493767005783481E-003
  0.114769465090151      -1.523897864075983E-003
  0.115922917390468      -1.554634728295154E-003
  0.117087962079126      -1.585984628273702E-003
  0.118264715661566      -1.617979293824420E-003
  0.119453295814126      -1.650601493768379E-003
  0.120653821395813      -1.683891631134276E-003
  0.121866412460184      -1.717840822589469E-003
  0.123091190267357      -1.752490189080176E-003
  0.124328277296133      -1.787839492706716E-003
  0.125577797256246      -1.823888401285997E-003
  0.126839875100733      -1.860653495951449E-003
  0.128114637038430      -1.898168695905818E-003
  0.129402210546594      -1.936442739398108E-003
  0.130702724383648      -1.975484444169532E-003
  0.132016308602060      -2.015302708084690E-003
  0.133343094561345      -2.055932669334096E-003
  0.134683214941207      -2.097383781317234E-003
  0.136036803754799      -2.139647968438694E-003
  0.137403996362131      -2.182769998428109E-003
  0.138784929483603      -2.226759849589347E-003
  0.140179741213677      -2.271645472137158E-003
  0.141588571034690      -2.317428309993006E-003
  0.143011559830797      -2.364118752226526E-003
  0.144448849902064      -2.411763585036561E-003
  0.145900584978696      -2.460355690224331E-003
  0.147366910235410      -2.509924352780741E-003
  0.148847972305953      -2.560517750332366E-003
  0.150343919297768      -2.612073793473549E-003
  0.151854900806799      -2.664696515343959E-003
  0.153381067932457      -2.718379688340814E-003
  0.154922573292726      -2.773154419525480E-003
  0.156479571039428      -2.828995628013038E-003
  0.158052216873633      -2.885991512318575E-003
  0.159640668061236      -2.944098329864263E-003
  0.161245083448679      -3.003424735202732E-003
  0.162865623478839      -3.063888682254563E-003
  0.164502450207069      -3.125580657754457E-003
  0.166155727317405      -3.188514948976336E-003
  0.167825620138936      -3.252725538239533E-003
  0.169512295662337      -3.318187941415736E-003
  0.171215922556564      -3.384975829702719E-003
  0.172936671185727      -3.453124471356320E-003
  0.174674713626124      -3.522609791695590E-003
  0.176430223683446      -3.593507361968429E-003
  0.178203376910161      -3.665833616330797E-003
  0.179994350623071      -3.739605138369499E-003
  0.181803323921040      -3.814859025905949E-003
  0.183630477702903      -3.891612471175031E-003
  0.185475994685563      -3.969903390772243E-003
  0.187340059422255      -4.049770271011937E-003
  0.189222858321007      -4.131252174342150E-003
  0.191124579663277      -4.214326108445273E-003
  0.193045413622784      -4.299094316957953E-003
  0.194985552284525      -4.385534358217154E-003
  0.196945189663983      -4.473729097791724E-003
  0.198924521726530      -4.563677647077251E-003
  0.200923746407019      -4.655421691324838E-003
  0.202943063629587      -4.749003528848659E-003
  0.204982675327637      -4.844509323528339E-003
  0.207042785464040      -4.941831152157241E-003
  0.209123600051525      -5.041164443873408E-003
  0.211225327173285      -5.142466871701832E-003
  0.213348177003785      -5.245805300962652E-003
  0.215492361829776      -5.351181177046686E-003
  0.217658096071527      -5.458640277936906E-003
  0.219845596304268      -5.568296220228258E-003
  0.222055081279844      -5.680062086758955E-003
  0.224286771948595      -5.794120354281584E-003
  0.226540891481447      -5.910497771723943E-003
  0.228817665292232      -6.029129949929611E-003
  0.231117321060228      -6.150226431966630E-003
  0.233440088752929      -6.273631477290037E-003
  0.235786200649039      -6.399556957927292E-003
  0.238155891361703      -6.527939020222317E-003
  0.240549397861967      -6.658899598457426E-003
  0.242966959502475      -6.792421513962619E-003
  0.245408818041408      -6.928676188737377E-003
  0.247875217666652      -7.067600380130035E-003
  0.250366405020226      -7.209320403971918E-003
  0.252882629222942      -7.353916737233428E-003
  0.255424141899316      -7.501278017830709E-003
  0.257991197202735      -7.651581381171640E-003
  0.260584051840867      -7.804909647007321E-003
  0.263202965101337      -7.961248914178785E-003
  0.265848198877654      -8.120683116564680E-003
  0.268520017695399      -8.283297489421056E-003
  0.271218688738682      -8.449178584240939E-003
  0.273944481876854      -8.618314296352054E-003
  0.276697669691503      -8.790842595599377E-003
  0.279478527503702      -8.966752317389078E-003
  0.282287333401552      -9.146183889487347E-003
  0.285124368267981      -9.329178119681685E-003
  0.287989915808842      -9.515776186100231E-003
  0.290884262581277      -9.706019640148417E-003
  0.293807698022374      -9.900105732856232E-003
  0.296760514478113      -1.009797503879713E-002
  0.299743007232602      -1.029977563082494E-002
  0.302755474537600      -1.050555295811774E-002
  0.305798217642350      -1.071545852264663E-002
  0.308871540823696      -1.092948710437430E-002
  0.311975751416519      -1.114773955588234E-002
  0.315111159844464      -1.137021099210360E-002
  0.318278079650987      -1.159716533141810E-002
  0.321476827530707      -1.182854630563377E-002
  0.324707723361079      -1.206456809258806E-002
  0.327971090234378      -1.230512039329269E-002
  0.331267254490010      -1.255058489103716E-002
  0.334596545747148      -1.280074258289979E-002
  0.337959296937692      -1.305581367625526E-002
  0.341355844339564      -1.331585478141423E-002
  0.344786527610334      -1.358109128093952E-002
  0.348251689821188      -1.385147060880023E-002
  0.351751677491235      -1.412722173598322E-002
  0.355286840622158      -1.440834983729383E-002
  0.358857532733217      -1.469503116800920E-002
  0.362464110896598      -1.498709979824559E-002
  0.366106935773123      -1.528507930312715E-002
  0.369786371648316      -1.558903840352116E-002
  0.373502786468830      -1.589869619166944E-002
  0.377256551879244      -1.621446938463642E-002
  0.381048043259227      -1.653631064125895E-002
  0.384877639761078      -1.686452644208776E-002
  0.388745724347637      -1.719919042766603E-002
  0.392652683830586      -1.754013749264390E-002
  0.396598908909131      -1.788804055093975E-002
  0.400584794209066      -1.824225521220207E-002
  0.404610738322244      -1.860370298354463E-002
  0.408677143846431      -1.897222393705780E-002
  0.412784417425568      -1.934765401500557E-002
  0.416932969790436      -1.973044173588450E-002
  0.421123215799729      -2.012079580221809E-002
  0.425355574481538      -2.051830520911688E-002
  0.429630469075260      -2.092392713245769E-002
  0.433948327073916      -2.133712691531046E-002
  0.438309580266904      -2.175836994495126E-002
  0.442714664783177      -2.218774866200950E-002
  0.447164021134860      -2.262548408900511E-002
  0.451658094261293      -2.307154387950724E-002
  0.456197333573536      -2.352628107103670E-002
  0.460782192999302      -2.398966570112189E-002
  0.465413131028355      -2.446192676218945E-002
  0.470090610758355      -2.494329674887922E-002
  0.474815099941175      -2.543374842484326E-002
  0.479587071029670      -2.593378204247681E-002
  0.484407001224925      -2.644297602607656E-002
  0.489275372523976      -2.696223539328992E-002
  0.494192671768011      -2.749113920516432E-002
  0.499159390691051      -2.803020158779546E-002
  0.504176025969127      -2.857953883028439E-002
  0.509243079269949      -2.913913194599668E-002
  0.514361057303068      -2.970964531621922E-002
  0.519530471870553      -3.029079148807558E-002
  0.524751839918169      -3.088269101973868E-002
  0.530025683587071      -3.148588279055114E-002
  0.535352530266021      -3.210049580805508E-002
  0.540732912644127      -3.272666024313136E-002
  0.546167368764109      -3.336450743919143E-002
  0.551656442076109      -3.401445369919645E-002
  0.557200681492031      -3.467663700678807E-002
  0.562800641440438      -3.535090995912245E-002
  0.568456881921992      -3.603798485904897E-002
  0.574169968565453      -3.673771824936620E-002
  0.579940472684247      -3.745054410766423E-002
  0.585768971333595      -3.817661110825324E-002
  0.591656047368219      -3.891606926240900E-002
  0.597602289500628      -3.966936528787041E-002
  0.603608292359990      -4.043635950359740E-002
  0.609674656551598      -4.121780267232932E-002
  0.615801988716924      -4.201385925408754E-002
  0.621990901594292      -4.282379121267066E-002
  0.628242014080147      -4.364896373130894E-002
  0.634555951290946      -4.448924587868407E-002
  0.640933344625674      -4.534480806178967E-002
  0.647374831828976      -4.621551480236574E-002
  0.653881057054943      -4.710246181281716E-002
  0.660452670931517      -4.800521238287742E-002
  0.667090330625564      -4.892425518413461E-002
  0.673794699908584      -4.986008672130006E-002
  0.680566449223092      -5.081321142299609E-002
  0.687406255749663      -5.178319140874701E-002
  0.694314803474649      -5.277021457757244E-002
  0.701292783258581      -5.377511042065060E-002
  0.708340892905250      -5.479840138546455E-002
  0.715459837231497      -5.583932546813416E-002
  0.722650328137685      -5.689872705677895E-002
  0.729913084678898      -5.797648602652351E-002
  0.737248833136841      -5.907346172320320E-002
  0.744658307092474      -6.018953934547517E-002
  0.752142247499367      -6.132559346635851E-002
  0.759701402757797      -6.248084874906217E-002
  0.767336528789590      -6.365685462344153E-002
  0.775048389113711      -6.485317104630418E-002
  0.782837754922619      -6.606934656662186E-002
  0.790705405159386      -6.730695663483643E-002
  0.798652126595593      -6.856624007144065E-002
  0.806678713910004      -6.984675150943447E-002
  0.814785969768042      -7.114941347954135E-002
  0.822974704902046      -7.247412458021113E-002
  0.831245738192356      -7.382043029502186E-002
  0.839599896749192      -7.518996482502967E-002
  0.848038015995371      -7.658263327798938E-002
  0.856560939749851      -7.799868959859842E-002
  0.865169520312109      -7.943767921632829E-002
  0.873864618547375      -8.090092138827400E-002
  0.882647103972719      -8.238832321860555E-002
  0.891517854844001      -8.389942621623556E-002
  0.900477758243703      -8.543666022627351E-002
  0.909527710169629      -8.699739964765456E-002
  0.918668615624514      -8.858408986603912E-002
  0.927901388706522      -9.019627815589974E-002
  0.937226952700654      -9.183423930414336E-002
  0.946646240171081      -9.349750703013100E-002
  0.956160193054400      -9.518859139219814E-002
  0.965769762753827      -9.690479308133761E-002
  0.975475910234340      -9.864863825013982E-002
  0.985279606118776      -0.100418908223165     
  0.995181830784893      -0.102216643423925     
   1.00518357446341      -0.104042901970231     
   1.01528583733703      -0.105897219964304     
   1.02548962964045      -0.107779120749464     
   1.03579597176142      -0.109690447832191     
   1.04620589434273      -0.111629170409391     
   1.05672043838532      -0.113597140976477     
   1.06734065535235      -0.115593877581518     
   1.07806760727436      -0.117619678516406     
   1.08890236685550      -0.119674844638196     
   1.09984601758074      -0.121759679388813     
   1.11089965382429      -0.123873683415289     
   1.12206438095896      -0.126018772151159     
   1.13334131546680      -0.128192828541833     
   1.14473158505063      -0.130396959674325     
   1.15623632874691      -0.132633934807865     
   1.16785669703960      -0.134899143111701     
   1.17959385197521      -0.137196176662589     
   1.19144896727902      -0.139524525908501     
   1.20342322847244      -0.141882829071918     
   1.21551783299155      -0.144273063304441     
   1.22773399030690      -0.146693855197062     
   1.24007292204440      -0.149145501964909     
   1.25253586210750      -0.151628303290208     
   1.26512405680059      -0.154142561340838     
   1.27783876495364      -0.156686853193632     
   1.29068125804805      -0.159262328192583     
   1.30365282034384      -0.161870155369344     
   1.31675474900804      -0.164508016268986     
   1.32998835424444      -0.167177067262941     
   1.34335495942459      -0.169876713263879     
   1.35685590122016      -0.172608123986100     
   1.37049252973656      -0.175368910961612     
   1.38426620864802      -0.178163826698778     
   1.39817831533390      -0.180986873157059     
   1.41223024101646      -0.183839192855843     
   1.42642339089999      -0.186723773553308     
   1.44075918431130      -0.189637239325463     
   1.45523905484168      -0.192580752067455     
   1.46986445049025      -0.195553641092973     
   1.48463683380875      -0.198556150162402     
   1.49955768204784      -0.201586653376411     
   1.51462848730477      -0.204646310440871     
   1.52985075667262      -0.207734411192363     
   1.54522601239102      -0.210850228234943     
   1.56075579199835      -0.213994926002620     
   1.57644164848552      -0.217165851807588     
   1.59228515045124      -0.220364153813748     
   1.60828788225892      -0.223591000702931     
   1.62445144419506      -0.226843686207750     
   1.64077745262934      -0.230121404592852     
   1.65726754017620      -0.233425298993690     
   1.67392335585814      -0.236752578596470     
   1.69074656527060      -0.240106355816312     
   1.70773885074856      -0.243482813376147     
   1.72490191153470      -0.246884076534782     
   1.74223746394943      -0.250308276802623     
   1.75974724156242      -0.253753506036574     
   1.77743299536602      -0.257224947236329     
   1.79529649395037      -0.260716623220707     
   1.81333952368019      -0.264229637561659     
   1.83156388887350      -0.267765114496014     
   1.84997141198201      -0.271319002494935     
   1.86856393377336      -0.274893434296965     
   1.88734331351523      -0.278486385109716     
   1.90631142916125      -0.282100008247300     
   1.92547017753878      -0.285732257702344     
   1.94482147453862      -0.289382110613178     
   1.96436725530661      -0.293048522446326     
   1.98410947443711      -0.296733655797867     
   2.00405010616849      -0.300435388772266     
   2.02419114458053      -0.304152642947599     
   2.04453460379385      -0.307884317448508     
   2.06508251817134      -0.311630386766693     
   2.08583694252156      -0.315389720785148     
   2.10679995230423      -0.319160057107579     
   2.12797364383781      -0.322944661158347     
   2.14936013450908      -0.326737901590684     
   2.17096156298495      -0.330540789102166     
   2.19278008942625      -0.334352091969545     
   2.21481789570382      -0.338168279593842     
   2.23707718561665      -0.341990322694004     
   2.25956018511228      -0.345812894877451     
   2.28226914250939      -0.349635758599011     
   2.30520632872265      -0.353456352804009     
   2.32837403748980      -0.357270317746884     
   2.35177458560101      -0.361075552017535     
   2.37541031313060      -0.364867559328846     
   2.39928358367102      -0.368641756257150     
   2.42339678456921      -0.372395255505812     
   2.44775232716537      -0.376123322971257     
   2.47235264703404      -0.379818731391839     
   2.49720020422772      -0.383477736703776     
   2.52229748352282      -0.387093492364718     
   2.54764699466820      -0.390660241344219     
   2.57325127263610      -0.394171506412748     
   2.59911287787564      -0.397619457507512     
   2.62523439656890      -0.401000450862265     
   2.65161844088952      -0.404305803469246     
   2.67826764926392      -0.407529796182334     
   2.70518468663515      -0.410666922245829     
   2.73237224472936      -0.413711893949791     
   2.75983304232504      -0.416660284116582     
   2.78756982552481      -0.419508229925158     
   2.81558536803012      -0.422253890526565     
   2.84388247141856      -0.424894760211651     
   2.87246396542406      -0.427430889811025     
   2.90133270821982      -0.429861534599185     
   2.93049158670419      -0.432187096368628     
   2.95994351678932      -0.434407015879131     
   2.98969144369275      -0.436521689127021     
   3.01973834223197      -0.438531181562857     
   3.05008721712187      -0.440435545382904     
   3.08074110327523      -0.442234960499622     
   3.11170306610621      -0.443929679672058     
   3.14297620183689      -0.445519953417697     
   3.17456363780692      -0.447006181328656     
   3.20646853278620      -0.448388701808885     
   3.23869407729083      -0.449667618407472     
   3.27124349390210      -0.450843398369074     
   3.30412003758882      -0.451917055214039     
   3.33732699603273      -0.452888591722174     
   3.37086768995737      -0.453758201802580     
   3.40474547346006      -0.454527508894351     
   3.43896373434740      -0.455195350439279     
   3.47352589447398      -0.455764116246881     
   3.50843541008463      -0.456233396839297     
   3.54369577215999      -0.456604947226003     
   3.57931050676566      -0.456877681231219     
   3.61528317540477      -0.457053774679057     
   3.65161737537417      -0.457132541386155     
   3.68831674012413      -0.457116230896628     
   3.72538493962172      -0.457004202550972     
   3.76282568071776      -0.456798040352784     
   3.80064270751757      -0.456497884485215     
   3.83883980175534      -0.456106137557893     
   3.87742078317234      -0.455620750076603     
   3.91638950989885      -0.455043425389700     
   3.95574987884001      -0.454377434435726     
   3.99550582606553      -0.453618489938178     
   4.03566132720326      -0.452772209476487     
   4.07622039783677      -0.451835851385980     
   4.11718709390692      -0.450813608819042     
   4.15856551211746      -0.449701201322248     
   4.20035979034470      -0.448503671360046     
   4.24257410805129      -0.447219879523075     
   4.28521268670417      -0.445847093712720     
   4.32827979019674      -0.444392077730836     
   4.37177972527525      -0.442855352563899     
   4.41571684196944      -0.441231038115757     
   4.46009553402761      -0.439527671776007     
   4.50492023935594      -0.437737755502518     
   4.55019544046231      -0.435866691779032     
   4.59592566490458      -0.433915088793120     
   4.64211548574328      -0.431880285206196     
   4.68876952199901      -0.429767850440822     
   4.73589243911425      -0.427576825136725     
   4.78348894942000      -0.425302898564191     
   4.83156381260694      -0.422951761952344     
   4.88012183620146      -0.420524167565398     
   4.92916787604638      -0.418017499920389     
   4.97870683678656      -0.415434216260008     
   5.02874367235935      -0.412778547102909     
   5.07928338649002      -0.410046206977491     
   5.13033103319208      -0.407238026232874     
   5.18189171727275      -0.404361819724668     
   5.23397059484341      -0.401409835046385     
   5.28657287383521      -0.398388228592153     
   5.33970381451988      -0.395296226855141     
   5.39336873003577      -0.392136598802198     
   5.44757298691916      -0.388908610734964     
   5.50232200564090      -0.385611522630043     
   5.55762126114848      -0.382251793828726     
   5.61347628341355      -0.378825158940469     
   5.66989265798487      -0.375334552746971     
   5.72687602654691      -0.371788463001969     
   5.78443208748403      -0.368179014882512     
   5.84256659645026      -0.364516652421920     
   5.90128536694497      -0.360789761028976     
   5.96059427089412      -0.357016348780263     
   6.02049923923754      -0.353188543131963     
   6.08100626252198      -0.349309624704764     
   6.14212139150020      -0.345382945967319     
   6.20385073773602      -0.341411932157226     
   6.26620047421550      -0.337392430895312     
   6.32917683596426      -0.333327900700220     
   6.39278612067095      -0.329228077512924     
   6.45703468931704      -0.325090782275692     
   6.52192896681295      -0.320918343507050     
   6.58747544264049      -0.316713128660168     
   6.65368067150188      -0.312477539446842     
   6.72055127397517      -0.308214007032489     
   6.78809393717634      -0.303924987139178     
   6.85631541542799      -0.299612955088875     
   6.92522253093480      -0.295280400821474     
   6.99482217446574      -0.290929823916704     
   7.06512130604316      -0.286563728650960     
   7.13612695563881      -0.282184619114184     
   7.20784622387682      -0.277794994413650     
   7.28028628274377      -0.273397343985324     
   7.35345437630592      -0.268994143035149     
   7.42735782143360      -0.264587848126320     
   7.50200400853291      -0.260180892930347     
   7.57740040228476      -0.255775684153485     
   7.65355454239136      -0.251374597652003     
   7.73047404433019      -0.246979974743637     
   7.80816660011553      -0.242594118724774     
   7.88663997906771      -0.238219291596891     
   7.96590202859002      -0.233857711008319     
   8.04596067495346      -0.229511547411550     
   8.12682392408939      -0.225182921439163     
   8.20849986239010      -0.220873901495832     
   8.29099665751749      -0.216586501566981     
   8.37432255921982      -0.212322679239323     
   8.45848590015670      -0.208084333931847     
   8.54349509673235      -0.203873305330696     
   8.62935864993728      -0.199691372025002     
   8.71608514619836      -0.195540250335760     
   8.80368325823749      -0.191421593333672     
   8.89216174593887      -0.187336990037112     
   8.98152945722500      -0.183287964785345     
   9.07179532894149      -0.179275976777535     
   9.16296838775072      -0.175302419772187     
   9.25505775103457      -0.171368621937225     
   9.34807262780609      -0.167475845845084     
   9.44202231963048      -0.163625288602938     
   9.53691622155521      -0.159818082112360     
   9.63276382304955      -0.156055293448623     
   9.72957470895352      -0.152337925354057     
   9.82735856043640      -0.148666916835847     
   9.92612515596481      -0.145043143862954     
   10.0258843722806      -0.141467420152841     
   10.1266461853886      -0.137940498043011     
   10.2284206715540      -0.134463069438439     
   10.3312180083103      -0.131035766830292     
   10.4350484754768      -0.127659164377467     
   10.5399224561867      -0.124333779046779     
   10.6458504379255      -0.121060071803810     
   10.7528430135798      -0.117838448850719     
   10.8609108824961      -0.114669262903530     
   10.9700648515514      -0.111552814505671     
   11.0803158362337      -0.108489353370794     
   11.1916748617332      -0.105479079752135     
   11.3041530640453      -0.102522145831958     
   11.4177616910839      -9.961865712880200E-002
   11.5325121038065      -9.676867391660081E-002
   11.6484157773500      -9.397221265382696E-002
   11.7654843021782      -9.122924741724948E-002
   11.8837293852412      -8.853971133887234E-002
   12.0031628511459      -8.590349804113209E-002
   12.1237966433384      -8.332046306932360E-002
   12.2456428252985      -8.079042531679557E-002
   12.3687135817458      -7.831316844226206E-002
   12.4930212198585      -7.588844227520589E-002
   12.6185781705042      -7.351596420907311E-002
   12.7453969894824      -7.119542057863884E-002
   12.8734903587807      -6.892646802156636E-002
   13.0028710878429      -6.670873482091866E-002
   13.1335521148496      -6.454182222893026E-002
   13.2655465080125      -6.242530576915548E-002
   13.3988674668808      -6.035873651754881E-002
   13.5335283236616      -5.834164235992391E-002
   13.6695425445527      -5.637352922656442E-002
   13.8069237310896      -5.445388230173070E-002
   13.9456856215054      -5.258216720902528E-002
   14.0858420921048      -5.075783117062772E-002
   14.2274071586517      -4.898030414152085E-002
   14.3703949777706      -4.724899991695993E-002
   14.5148198483627      -4.556331721443178E-002
   14.6606962130353      -4.392264072857427E-002
   14.8080386595466      -4.232634216039844E-002
   14.9568619222638      -4.077378121947282E-002
   15.1071808836374      -3.926430660048898E-002
   15.2590105756887      -3.779725693302416E-002
   15.4123661815135      -3.637196170597789E-002
   15.5672630368000      -3.498774216563089E-002
   15.7237166313631      -3.364391218883631E-002
   15.8817426106924      -3.233977913040561E-002
   16.0413567775176      -3.107464464621095E-002
   16.2025750933884      -2.984780549116021E-002
   16.3654136802707      -2.865855429356189E-002
   16.5298888221590      -2.750618030511657E-002
   16.6960169667044      -2.638997012799820E-002
   16.8638147268599      -2.530920841809821E-002
   17.0332988825413      -2.426317856801823E-002
   17.2044863823054      -2.325116336271845E-002
   17.3773943450448      -2.227244561850353E-002
   17.5520400617000      -2.132630879992064E-002
   17.7284409969881      -2.041203761466974E-002
   17.9066147911497      -1.952891859106153E-002
   18.0865792617125      -1.867624063106514E-002
   18.2683524052738      -1.785329554305478E-002
   18.4519523992993      -1.705937855548150E-002
   18.6373976039413      -1.629378881076159E-002
   18.8247065638750      -1.555582984107559E-002
   19.0138980101524      -1.484481002474591E-002
   19.2049908620758      -1.416004302469317E-002
   19.3980042290895      -1.350084820859211E-002
   19.5929574126913      -1.286655105127365E-002
   19.7898699083618      -1.225648351963469E-002
   19.9887614075148      -1.166998444057611E-002
   20.1896517994659      -1.110639985149384E-002
   20.3925611734217      -1.056508333421925E-002
   20.5975098204887      -1.004539633195312E-002
   20.8045182357024      -9.546708450031157E-003
   21.0136071200768      -9.068397740086326E-003
   21.2247973826747      -8.609850968392629E-003
   21.4381101426982      -8.170463867981367E-003
   21.6535667316011      -7.749641375264935E-003
   21.8711886952218      -7.346797850789039E-003
   22.0909977959382      -6.961357284805983E-003
   22.3130160148434      -6.592753487321570E-003
   22.5372655539442      -6.240430263273282E-003
   22.7637688383816      -5.903841572527426E-003
   22.9925485186728      -5.582451675323343E-003
   23.2236274729763      -5.275735262891859E-003
   23.4570288093801      -4.983177573851859E-003
   23.6927758682126      -4.704274496155215E-003
   23.9308922243758      -4.438532655164883E-003
   24.1714016897040      -4.185469487682277E-003
   24.4143283153441      -3.944613302495022E-003
   24.6596963941610      -3.715503327308484E-003
   24.9075304631672      -3.497689742623974E-003
   25.1578553059760      -3.290733702474861E-003
   25.4106959552804      -3.094207342579525E-003
   25.6660776953560      -2.907693775870904E-003
   25.9240260645895      -2.730787075960651E-003
   26.1845668580330      -2.563092248546168E-003
   26.4477261299828      -2.404225191319929E-003
   26.7135301965854      -2.253812642437071E-003
   26.9820056384691      -2.111492118103575E-003
   27.2531793034017      -1.976911839387215E-003
   27.5270783089756      -1.849730648817181E-003
   27.8037300453198      -1.729617916918490E-003
   28.0831621778384      -1.616253439250666E-003
   28.3654026499774      -1.509327324137732E-003
   28.6504796860194      -1.408539871661813E-003
   28.9384217939055      -1.313601444144786E-003
   29.2292577680863      -1.224232328691602E-003
   29.5230166924018      -1.140162592053029E-003
   29.8197279429891      -1.061131928380749E-003
   30.1194211912206      -9.868895001612717E-004
   30.4221264066708      -9.171937728984424E-004
   30.7278738601135      -8.518123438547979E-004
   31.0366941265489      -7.905217654155225E-004
   31.3486180882609      -7.331073634038951E-004
   31.6636769379057      -6.793630509028661E-004
   31.9819021816308      -6.290911379250028E-004
   32.3033256422257      -5.821021374730244E-004
   32.6279794623044      -5.382145683410932E-004
   32.9558961075193      -4.972547551829459E-004
   33.2871083698084      -4.590566261989567E-004
   33.6216493706737      -4.234615089474913E-004
   33.9595525644943      -3.903179246280466E-004
   34.3008517418711      -3.594813813166490E-004
   34.6455810330062      -3.308141664919175E-004
   34.9937749111159      -3.041851393060348E-004
   35.3454681958784      -2.794695229277653E-004
   35.7006960569151      -2.565486973844883E-004
   36.0594940173082      -2.353099932153480E-004
   36.4218979571527      -2.156464863316970E-004
   36.7879441171446      -1.974567943765271E-004
   37.1576691022050      -1.806448749446077E-004
   37.5311098851404      -1.651198259304632E-004
   37.9083038103403      -1.507956883293839E-004
   38.2892885975116      -1.375912517314288E-004
   38.6741023454505      -1.254298627960952E-004
   39.0627835358525      -1.142392369186519E-004
   39.4553710371605      -1.039512733378085E-004
   39.8519041084518      -9.450187386547579E-005
   40.2524224033640      -8.583076545020806E-005
   40.6569659740603      -7.788132672406039E-005
   41.0655752752350      -7.060041870671937E-005
   41.4782911681585      -6.393821978537383E-005
   41.8951549247643      -5.784806510726392E-005
   42.3162082317753      -5.228629047239928E-005
   42.7414931948731      -4.721208082773418E-005
   43.1710523429084      -4.258732342012417E-005
   43.6049286321540      -3.837646567539698E-005
   44.0431654506003      -3.454637783198163E-005
   44.4858066222945      -3.106622036455161E-005
   44.9328964117226      -2.790731619895179E-005
   45.3844795282360      -2.504302772439523E-005
   45.8406011305228      -2.244863857908921E-005
   46.3013068311232      -2.010124018848144E-005
   46.7666427009913      -1.797962300952988E-005
   47.2366552741019      -1.606417243626922E-005
   47.7113915521038      -1.433676929989572E-005
   48.1908990090206      -1.278069489773854E-005
   48.6752255959976      -1.138054046688149E-005
   49.1644197460969      -1.012212101898116E-005
   49.6585303791413      -8.992393437390744E-006
   50.1576069066059      -7.979378738402710E-006
   50.6616992365594      -7.072088385881751E-006
   51.1708577786546      -6.260454549403497E-006
   51.6851334491703      -5.535264186101240E-006
   52.2045776761020      -4.888096827565133E-006
   52.7292424043052      -4.311265945592185E-006
   53.2591801006901      -3.797763772130125E-006
   53.7944437594678      -3.341209443323292E-006
   54.3350869074504      -2.935800339573882E-006
   54.8811636094030      -2.576266489958665E-006
   55.4327284734511      -2.257827911825419E-006
   55.9898366565406      -1.976154754439930E-006
   56.5525438699541      -1.727330118503845E-006
   57.1209063848819      -1.507815422797278E-006
   57.6949810380490      -1.314418192575908E-006
   58.2748252373993      -1.144262144950954E-006
   58.8604969678359      -9.947594502247920E-007
   59.4520547970198      -8.635850497094208E-007
   60.0495578812270      -7.486529145970372E-007
   60.6530659712637      -6.480941327671850E-007
   61.2626394184420      -5.602367146763771E-007
   61.8783391806144      -4.835870123726553E-007
   62.5002268282704      -4.168126500771576E-007
   63.1283645506930      -3.587268680902658E-007
   63.7628151621777      -3.082741862375186E-007
   64.4036421083145      -2.645172966602406E-007
   65.0509094723320      -2.266251001956677E-007
   65.7046819815060      -1.938618043283475E-007
   66.3650250136323      -1.655770050494332E-007
   67.0320046035642      -1.411966787341882E-007
   67.7056874498168      -1.202150143567503E-007
   68.3861409212359      -1.021870200866856E-007
   69.0734330637358      -8.672184231916279E-008
   69.7676326071034      -7.347673879480346E-008
   70.4688089718716      -6.215165123399365E-008
   71.1770322762612      -5.248432633196431E-008
   71.8923733431929      -4.424593746453692E-008
   72.6149037073694      -3.723716265303870E-008
   73.3446956224292      -3.128467755289780E-008
   74.0818220681720      -2.623802517796119E-008
   74.8263567578568      -2.196682699101253E-008
   75.5783741455728      -1.835830267088377E-008
   76.3379494336856      -1.531506848535238E-008
   77.1051585803569      -1.275318660481067E-008
   77.8800783071407      -1.060044001619295E-008
   78.6627861066556      -8.794809830957168E-009
   79.4533602503336      -7.283133816588720E-009
   80.2518797962481      -6.019926869780440E-009
   81.0584245970189      -4.966345884182603E-009
   81.8730753077984      -4.089283142762598E-009
   82.6959133943364      -3.360573828798709E-009
   83.5270211411274      -2.756304689419605E-009
   84.3664816596386      -2.256212151813057E-009
   85.2143788966213      -1.843159383037503E-009
   86.0707976425060      -1.502682873708497E-009
   86.9358235398808      -1.222600115112824E-009
   87.8095430920563      -9.926708487847299E-010
   88.6920436717159      -8.043051888783774E-010
   89.5834135296530      -6.503126677017202E-010
   90.4837418035961      -5.246869291560564E-010
   91.3931185271229      -4.224214086154518E-010
   92.3116346386637      -3.393518827093656E-010
   93.2393819905949      -2.720222648139864E-010
   94.1764533584250      -2.175705015244577E-010
   95.1229424500715      -1.736317039381637E-010
   96.0789439152324      -1.382561666953305E-010
   97.0445533548509      -1.098401006678827E-010
   98.0198673306756      -8.706771017959141E-011
   99.0049833749169      -6.886111873356734E-011
   100.000000000000      -5.434057654365474E-011
