  2.061153622439000E-007  9.989024462913166E-008
  2.081868560730650E-007  1.008941582777328E-007
  2.102791687613270E-007  1.019081614262405E-007
  2.123925095416982E-007  1.029323554758146E-007
  2.145270897500181E-007  1.039668428467135E-007
  2.166831228460860E-007  1.050117269885364E-007
  2.188608244350085E-007  1.060671123905683E-007
  2.210604122887591E-007  1.071331045922287E-007
  2.232821063679562E-007  1.082098101936263E-007
  2.255261288438591E-007  1.092973368662183E-007
  2.277927041205855E-007  1.103957933635784E-007
  2.300820588575518E-007  1.115052895322717E-007
  2.323944219921395E-007  1.126259363228396E-007
  2.347300247625892E-007  1.137578458008950E-007
  2.370891007311241E-007  1.149011311583290E-007
  2.394718858073070E-007  1.160559067246301E-007
  2.418786182716312E-007  1.172222879783173E-007
  2.443095387993488E-007  1.184003915584878E-007
  2.467648904845383E-007  1.195903352764816E-007
  2.492449188644143E-007  1.207922381276619E-007
  2.517498719438816E-007  1.220062203033155E-007
  2.542800002203354E-007  1.232324032026717E-007
  2.568355567087120E-007  1.244709094450421E-007
  2.594167969667899E-007  1.257218628820831E-007
  2.620239791207458E-007  1.269853886101809E-007
  2.646573638909678E-007  1.282616129829613E-007
  2.673172146181275E-007  1.295506636239250E-007
  2.700037972895140E-007  1.308526694392102E-007
  2.727173805656335E-007  1.321677606304837E-007
  2.754582358070747E-007  1.334960687079604E-007
  2.782266371016460E-007  1.348377265035550E-007
  2.810228612917836E-007  1.361928681841651E-007
  2.838471880022370E-007  1.375616292650880E-007
  2.866998996680307E-007  1.389441466235725E-007
  2.895812815627086E-007  1.403405585125066E-007
  2.924916218268613E-007  1.417510045742428E-007
  2.954312114969406E-007  1.431756258545625E-007
  2.984003445343630E-007  1.446145648167813E-007
  3.013993178549066E-007  1.460679653559942E-007
  3.044284313584026E-007  1.475359728134664E-007
  3.074879879587257E-007  1.490187339911670E-007
  3.105782936140856E-007  1.505163971664494E-007
  3.136996573576229E-007  1.520291121068792E-007
  3.168523913283132E-007  1.535570300852111E-007
  3.200368108021809E-007  1.551003038945161E-007
  3.232532342238271E-007  1.566590878634612E-007
  3.265019832382742E-007  1.582335378717424E-007
  3.297833827231311E-007  1.598238113656724E-007
  3.330977608210807E-007  1.614300673739260E-007
  3.364454489726948E-007  1.630524665234424E-007
  3.398267819495783E-007  1.646911710554886E-007
  3.432420978878466E-007  1.663463448418836E-007
  3.466917383219398E-007  1.680181534013852E-007
  3.501760482187759E-007  1.697067639162425E-007
  3.536953760122483E-007  1.714123452489142E-007
  3.572500736380690E-007  1.731350679589548E-007
  3.608404965689629E-007  1.748751043200711E-007
  3.644670038502152E-007  1.766326283373492E-007
  3.681299581355759E-007  1.784078157646553E-007
  3.718297257235262E-007  1.802008441222115E-007
  3.755666765939080E-007  1.820118927143478E-007
  3.793411844449224E-007  1.838411426474327E-007
  3.831536267305001E-007  1.856887768479837E-007
  3.870043846980465E-007  1.875549800809608E-007
  3.908938434265675E-007  1.894399389682422E-007
  3.948223918651771E-007  1.913438420072876E-007
  3.987904228719929E-007  1.932668795899875E-007
  4.027983332534224E-007  1.952092440217026E-007
  4.068465238038437E-007  1.971711295404949E-007
  4.109353993456852E-007  1.991527323365509E-007
  4.150653687699086E-007  2.011542505718018E-007
  4.192368450768980E-007  2.031758843997390E-007
  4.234502454177603E-007  2.052178359854300E-007
  4.277059911360407E-007  2.072803095257349E-007
  4.320045078098576E-007  2.093635112697266E-007
  4.363462252944604E-007  2.114676495393155E-007
  4.407315777652157E-007  2.135929347500818E-007
  4.451610037610251E-007  2.157395794323179E-007
  4.496349462281793E-007  2.179077982522808E-007
  4.541538525646534E-007  2.200978080336594E-007
  4.587181746648468E-007  2.223098277792568E-007
  4.633283689647730E-007  2.245440786928909E-007
  4.679848964877040E-007  2.268007842015150E-007
  4.726882228902725E-007  2.290801699775605E-007
  4.774388185090382E-007  2.313824639615046E-007
  4.822371584075218E-007  2.337078963846641E-007
  4.870837224237117E-007  2.360566997922194E-007
  4.919789952180485E-007  2.384291090664684E-007
  4.969234663218909E-007  2.408253614503157E-007
  5.019176301864698E-007  2.432456965709964E-007
  5.069619862323334E-007  2.456903564640397E-007
  5.120570388992901E-007  2.481595855974721E-007
  5.172032976968522E-007  2.506536308962645E-007
  5.224012772551882E-007  2.531727417670253E-007
  5.276514973765856E-007  2.557171701229407E-007
  5.329544830874317E-007  2.582871704089667E-007
  5.383107646907167E-007  2.608829996272738E-007
  5.437208778190647E-007  2.635049173629468E-007
  5.491853634882967E-007  2.661531858099442E-007
  5.547047681515337E-007  2.688280697973177E-007
  5.602796437538412E-007  2.715298368156950E-007
  5.659105477874254E-007  2.742587570440296E-007
  5.715980433473820E-007  2.770151033766182E-007
  5.773426991880067E-007  2.797991514503912E-007
  5.831450897796707E-007  2.826111796724759E-007
  5.890057953662685E-007  2.854514692480380E-007
  5.949254020232427E-007  2.883203042084019E-007
  6.009045017161921E-007  2.912179714394544E-007
  6.069436923600686E-007  2.941447607103333E-007
  6.130435778789690E-007  2.971009647024046E-007
  6.192047682665288E-007  3.000868790385311E-007
  6.254278796469210E-007  3.031028023126347E-007
  6.317135343364694E-007  3.061490361195561E-007
  6.380623609058812E-007  3.092258850852145E-007
  6.444749942431040E-007  3.123336568970704E-007
  6.509520756168154E-007  3.154726623348950E-007
  6.574942527405504E-007  3.186432153018479E-007
  6.641021798374731E-007  3.218456328558678E-007
  6.707765177057999E-007  3.250802352413788E-007
  6.775179337848795E-007  3.283473459213151E-007
  6.843271022219378E-007  3.316472916094673E-007
  6.912047039394927E-007  3.349804023031540E-007
  6.981514267034474E-007  3.383470113162222E-007
  7.051679651918673E-007  3.417474553123790E-007
  7.122550210644483E-007  3.451820743388574E-007
  7.194133030326836E-007  3.486512118604224E-007
  7.266435269307352E-007  3.521552147937170E-007
  7.339464157870182E-007  3.556944335419546E-007
  7.413226998965040E-007  3.592692220299594E-007
  7.487731168937503E-007  3.628799377395594E-007
  7.562984118266657E-007  3.665269417453341E-007
  7.638993372310146E-007  3.702105987507235E-007
  7.715766532056714E-007  3.739312771244978E-007
  7.793311274886315E-007  3.776893489375950E-007
  7.871635355337853E-007  3.814851900003280E-007
  7.950746605884642E-007  3.853191798999666E-007
  8.030652937717663E-007  3.891917020386955E-007
  8.111362341536690E-007  3.931031436719556E-007
  8.192882888349362E-007  3.970538959471702E-007
  8.275222730278293E-007  4.010443539428585E-007
  8.358390101376295E-007  4.050749167081461E-007
  8.442393318449782E-007  4.091459873026679E-007
  8.527240781890465E-007  4.132579728368762E-007
  8.612940976515395E-007  4.174112845127508E-007
  8.699502472415452E-007  4.216063376649206E-007
  8.786933925812359E-007  4.258435518021968E-007
  8.875244079924318E-007  4.301233506495238E-007
  8.964441765840330E-007  4.344461621903532E-007
  9.054535903403319E-007  4.388124187094412E-007
  9.145535502102119E-007  4.432225568360783E-007
  9.237449661972436E-007  4.476770175877524E-007
  9.330287574506850E-007  4.521762464142507E-007
  9.424058523573979E-007  4.567206932422053E-007
  9.518771886346875E-007  4.613108125200858E-007
  9.614437134240741E-007  4.659470632636451E-007
  9.711063833860089E-007  4.706299091018214E-007
  9.808661647955404E-007  4.753598183231009E-007
  9.907240336389425E-007  4.801372639223470E-007
  1.000680975711315E-006  4.849627236481010E-007
  1.010737986715162E-006  4.898366800503567E-007
  1.020896072359964E-006  4.947596205288162E-007
  1.031156248462753E-006  4.997320373816292E-007
  1.041519541049687E-006  5.047544278546255E-007
  1.051986986458663E-006  5.098272941910370E-007
  1.062559631442943E-006  5.149511436817252E-007
  1.073238533275836E-006  5.201264887159089E-007
  1.084024759856425E-006  5.253538468324045E-007
  1.094919389816357E-006  5.306337407713794E-007
  1.105923512627707E-006  5.359666985266277E-007
  1.117038228711926E-006  5.413532533983692E-007
  1.128264649549883E-006  5.467939440465796E-007
  1.139603897793020E-006  5.522893145448577E-007
  1.151057107375609E-006  5.578399144348328E-007
  1.162625423628153E-006  5.634462987811195E-007
  1.174310003391917E-006  5.691090282268244E-007
  1.186112015134616E-006  5.748286690496112E-007
  1.198032639067258E-006  5.806057932183281E-007
  1.210073067262170E-006  5.864409784502067E-007
  1.222234503772207E-006  5.923348082686329E-007
  1.234518164751152E-006  5.982878720614996E-007
  1.246925278575342E-006  6.043007651401473E-007
  1.259457085966497E-006  6.103740887988948E-007
  1.272114840115799E-006  6.165084503751687E-007
  1.284899806809213E-006  6.227044633102389E-007
  1.297813264554060E-006  6.289627472105620E-007
  1.310856504706878E-006  6.352839279097437E-007
  1.324030831602551E-006  6.416686375311209E-007
  1.337337562684746E-006  6.481175145509772E-007
  1.350778028637662E-006  6.546312038623880E-007
  1.364353573519093E-006  6.612103568397129E-007
  1.378065554894842E-006  6.678556314037321E-007
  1.391915343974472E-006  6.745676920874399E-007
  1.405904325748432E-006  6.813472101024979E-007
  1.420033899126559E-006  6.881948634063573E-007
  1.434305477077963E-006  6.951113367700546E-007
  1.448720486772334E-006  7.020973218466904E-007
  1.463280369722653E-006  7.091535172405939E-007
  1.477986581929349E-006  7.162806285771845E-007
  1.492840594025897E-006  7.234793685735352E-007
  1.507843891425886E-006  7.307504571096444E-007
  1.522997974471558E-006  7.380946213004255E-007
  1.538304358583846E-006  7.455125955684172E-007
  1.553764574413918E-006  7.530051217172281E-007
  1.569380167996239E-006  7.605729490057170E-007
  1.585152700903180E-006  7.682168342229193E-007
  1.601083750401178E-006  7.759375417637266E-007
  1.617174909608456E-006  7.837358437053268E-007
  1.633427787654345E-006  7.916125198844129E-007
  1.649844009840194E-006  7.995683579751665E-007
  1.666425217801901E-006  8.076041535680267E-007
  1.683173069674081E-006  8.157207102492492E-007
  1.700089240255878E-006  8.239188396812660E-007
  1.717175421178446E-006  8.321993616838520E-007
  1.734433321074116E-006  8.405631043161080E-007
  1.751864665747259E-006  8.490109039592671E-007
  1.769471198346869E-006  8.575436054003334E-007
  1.787254679540878E-006  8.661620619165613E-007
  1.805216887692224E-006  8.748671353607851E-007
  1.823359619036693E-006  8.836596962476030E-007
  1.841684687862537E-006  8.925406238404310E-007
  1.860193926691909E-006  9.015108062394290E-007
  1.878889186464117E-006  9.105711404703121E-007
  1.897772336720718E-006  9.197225325740543E-007
  1.916845265792473E-006  9.289658976974912E-007
  1.936109880988184E-006  9.383021601848383E-007
  1.955568108785423E-006  9.477322536701251E-007
  1.975221895023187E-006  9.572571211705580E-007
  1.995073205096477E-006  9.668777151808245E-007
  2.015124024152843E-006  9.765949977683430E-007
  2.035376357290900E-006  9.864099406694697E-007
  2.055832229760839E-006  9.963235253866746E-007
  2.076493687166953E-006  1.006336743286690E-006
  2.097362795672201E-006  1.016450595699650E-006
  2.118441642204824E-006  1.026666094019225E-006
  2.139732334667041E-006  1.036984259803759E-006
  2.161237002145842E-006  1.047406124878430E-006
  2.182957795125894E-006  1.057932731438430E-006
  2.204896885704596E-006  1.068565132153187E-006
  2.227056467809289E-006  1.079304390271632E-006
  2.249438757416649E-006  1.090151579728528E-006
  2.272045992774289E-006  1.101107785251859E-006
  2.294880434624585E-006  1.112174102471307E-006
  2.317944366430750E-006  1.123351638027817E-006
  2.341240094605185E-006  1.134641509684259E-006
  2.364769948740120E-006  1.146044846437206E-006
  2.388536281840578E-006  1.157562788629837E-006
  2.412541470559673E-006  1.169196488065970E-006
  2.436787915436282E-006  1.180947108125242E-006
  2.461278041135098E-006  1.192815823879452E-006
  2.486014296689100E-006  1.204803822210066E-006
  2.510999155744455E-006  1.216912301926907E-006
  2.536235116807892E-006  1.229142473888037E-006
  2.561724703496545E-006  1.241495561120844E-006
  2.587470464790326E-006  1.253972798944345E-006
  2.613474975286819E-006  1.266575435092721E-006
  2.639740835458743E-006  1.279304729840089E-006
  2.666270671914005E-006  1.292161956126531E-006
  2.693067137658357E-006  1.305148399685390E-006
  2.720132912360706E-006  1.318265359171844E-006
  2.747470702621075E-006  1.331514146292773E-006
  2.775083242241273E-006  1.344896085937929E-006
  2.802973292498272E-006  1.358412516312429E-006
  2.831143642420341E-006  1.372064789070573E-006
  2.859597109065945E-006  1.385854269451014E-006
  2.888336537805461E-006  1.399782336413282E-006
  2.917364802605713E-006  1.413850382775680E-006
  2.946684806317371E-006  1.428059815354567E-006
  2.976299480965240E-006  1.442412055105042E-006
  3.006211788041463E-006  1.456908537263041E-006
  3.036424718801675E-006  1.471550711488859E-006
  3.066941294564129E-006  1.486340042012122E-006
  3.097764567011833E-006  1.501278007778206E-006
  3.128897618497717E-006  1.516366102596135E-006
  3.160343562352875E-006  1.531605835287966E-006
  3.192105543197895E-006  1.546998729839667E-006
  3.224186737257333E-006  1.562546325553520E-006
  3.256590352677327E-006  1.578250177202054E-006
  3.289319629846424E-006  1.594111855183519E-006
  3.322377841719614E-006  1.610132945678933E-006
  3.355768294145633E-006  1.626315050810695E-006
  3.389494326197550E-006  1.642659788802803E-006
  3.423559310506675E-006  1.659168794142678E-006
  3.457966653599826E-006  1.675843717744611E-006
  3.492719796239985E-006  1.692686227114859E-006
  3.527822213770378E-006  1.709698006518392E-006
  3.563277416462010E-006  1.726880757147329E-006
  3.599088949864695E-006  1.744236197291051E-006
  3.635260395161617E-006  1.761766062508036E-006
  3.671795369527450E-006  1.779472105799413E-006
  3.708697526490075E-006  1.797356097784265E-006
  3.745970556295941E-006  1.815419826876697E-006
  3.783618186279089E-006  1.833665099464669E-006
  3.821644181233890E-006  1.852093740090644E-006
  3.860052343791530E-006  1.870707591634044E-006
  3.898846514800269E-006  1.889508515495532E-006
  3.938030573709538E-006  1.908498391783163E-006
  3.977608438957880E-006  1.927679119500392E-006
  4.017584068364803E-006  1.947052616735973E-006
  4.057961459526561E-006  1.966620820855774E-006
  4.098744650215917E-006  1.986385688696513E-006
  4.139937718785926E-006  2.006349196761448E-006
  4.181544784577773E-006  2.026513341418019E-006
  4.223570008332711E-006  2.046880139097495E-006
  4.266017592608136E-006  2.067451626496617E-006
  4.308891782197847E-006  2.088229860781269E-006
  4.352196864556534E-006  2.109216919792194E-006
  4.395937170228519E-006  2.130414902252780E-006
  4.440117073280820E-006  2.151825927978941E-006
  4.484740991740559E-006  2.173452138091090E-006
  4.529813388036769E-006  2.195295695228262E-006
  4.575338769446639E-006  2.217358783764370E-006
  4.621321688546249E-006  2.239643610026658E-006
  4.667766743665828E-006  2.262152402516320E-006
  4.714678579349592E-006  2.284887412131364E-006
  4.762061886820203E-006  2.307850912391695E-006
  4.809921404447894E-006  2.331045199666479E-006
  4.858261918224311E-006  2.354472593403768E-006
  4.907088262241116E-006  2.378135436362459E-006
  4.956405319173398E-006  2.402036094846570E-006
  5.006218020767949E-006  2.426176958941863E-006
  5.056531348336439E-006  2.450560442754867E-006
  5.107350333253554E-006  2.475188984654282E-006
  5.158680057460133E-006  2.500065047514821E-006
  5.210525653971372E-006  2.525191118963502E-006
  5.262892307390128E-006  2.550569711628407E-006
  5.315785254425382E-006  2.576203363389951E-006
  5.369209784415913E-006  2.602094637634671E-006
  5.423171239859242E-006  2.628246123511568E-006
  5.477675016945882E-006  2.654660436191023E-006
  5.532726566098960E-006  2.681340217126315E-006
  5.588331392519269E-006  2.708288134317770E-006
  5.644495056735788E-006  2.735506882579566E-006
  5.701223175161743E-006  2.762999183809210E-006
  5.758521420656249E-006  2.790767787259734E-006
  5.816395523091605E-006  2.818815469814624E-006
  5.874851269926282E-006  2.847145036265510E-006
  5.933894506783677E-006  2.875759319592642E-006
  5.993531138036679E-006  2.904661181248201E-006
  6.053767127398112E-006  2.933853511442436E-006
  6.114608498517106E-006  2.963339229432692E-006
  6.176061335581476E-006  2.993121283815340E-006
  6.238131783926139E-006  3.023202652820637E-006
  6.300826050647656E-006  3.053586344610551E-006
  6.364150405224943E-006  3.084275397579580E-006
  6.428111180146228E-006  3.115272880658596E-006
  6.492714771542306E-006  3.146581893621736E-006
  6.557967639826152E-006  3.178205567396388E-006
  6.623876310338971E-006  3.210147064376283E-006
  6.690447374002740E-006  3.242409578737737E-006
  6.757687487979300E-006  3.274996336759070E-006
  6.825603376336083E-006  3.307910597143240E-006
  6.894201830718521E-006  3.341155651343713E-006
  6.963489711029219E-006  3.374734823893614E-006
  7.033473946113947E-006  3.408651472738179E-006
  7.104161534454534E-006  3.442908989570559E-006
  7.175559544868721E-006  3.477510800170982E-006
  7.247675117217048E-006  3.512460364749343E-006
  7.320515463116846E-006  3.547761178291225E-006
  7.394087866663405E-006  3.583416770907398E-006
  7.468399685158392E-006  3.619430708186839E-006
  7.543458349845581E-006  3.655806591553282E-006
  7.619271366653990E-006  3.692548058625383E-006
  7.695846316948479E-006  3.729658783580462E-006
  7.773190858287890E-006  3.767142477521941E-006
  7.851312725190810E-006  3.805002888850451E-006
  7.930219729909032E-006  3.843243803638674E-006
  8.009919763208783E-006  3.881869046009955E-006
  8.090420795159810E-006  3.920882478520719E-006
  8.171730875932394E-006  3.960288002546730E-006
  8.253858136602368E-006  4.000089558673224E-006
  8.336810789964242E-006  4.040291127088984E-006
  8.420597131352476E-006  4.080896727984351E-006
  8.505225539471033E-006  4.121910421953252E-006
  8.590704477231249E-006  4.163336310399264E-006
  8.677042492598133E-006  4.205178535945749E-006
  8.764248219445169E-006  4.247441282850131E-006
  8.852330378417714E-006  4.290128777422319E-006
  8.941297777805069E-006  4.333245288447342E-006
  9.031159314421309E-006  4.376795127612232E-006
  9.121923974494983E-006  4.420782649937197E-006
  9.213600834567735E-006  4.465212254211124E-006
  9.306199062401971E-006  4.510088383431468E-006
  9.399727917897638E-006  4.555415525248542E-006
  9.494196754018227E-006  4.601198212414302E-006
  9.589615017726075E-006  4.647441023235616E-006
  9.685992250927068E-006  4.694148582032100E-006
  9.783338091424841E-006  4.741325559598557E-006
  9.881662273884565E-006  4.788976673672056E-006
  9.980974630806424E-006  4.837106689403713E-006
  1.008128509350887E-005  4.885720419835209E-006
  1.018260369312177E-005  4.934822726380096E-006
  1.028494056158950E-005  4.984418519309946E-006
  1.038830593268422E-005  5.034512758245383E-006
  1.049271014302915E-005  5.085110452652044E-006
  1.059816363313233E-005  5.136216662341532E-006
  1.070467694843066E-005  5.187836497977404E-006
  1.081226074034443E-005  5.239975121586238E-006
  1.092092576734248E-005  5.292637747073844E-006
  1.103068289601807E-005  5.345829640746656E-006
  1.114154310217553E-005  5.399556121838362E-006
  1.125351747192785E-005  5.453822563041846E-006
  1.136661720280533E-005  5.508634391046446E-006
  1.148085360487530E-005  5.563997087080641E-006
  1.159623810187317E-005  5.619916187460166E-006
  1.171278223234479E-005  5.676397284141656E-006
  1.183049765080033E-005  5.733446025281847E-006
  1.194939612887973E-005  5.791068115802393E-006
  1.206948955652988E-005  5.849269317960359E-006
  1.219078994319362E-005  5.908055451924462E-006
  1.231330941901071E-005  5.967432396357083E-006
  1.243706023603083E-005  6.027406089002149E-006
  1.256205476943880E-005  6.087982527278894E-006
  1.268830551879213E-005  6.149167768881629E-006
  1.281582510927096E-005  6.210967932385500E-006
  1.294462629294061E-005  6.273389197858352E-006
  1.307472195002678E-005  6.336437807478750E-006
  1.320612509020358E-005  6.400120066160194E-006
  1.333884885389455E-005  6.464442342181617E-006
  1.347290651358665E-005  6.529411067824223E-006
  1.360831147515758E-005  6.595032740014712E-006
  1.374507727921631E-005  6.661313920974986E-006
  1.388321760245723E-005  6.728261238878373E-006
  1.402274625902779E-005  6.795881388512450E-006
  1.416367720190991E-005  6.864181131948527E-006
  1.430602452431532E-005  6.933167299217860E-006
  1.444980246109490E-005  7.002846788994664E-006
  1.459502539016212E-005  7.073226569285978E-006
  1.474170783393093E-005  7.144313678128478E-006
  1.488986446076792E-005  7.216115224292284E-006
  1.503951008645925E-005  7.288638387991844E-006
  1.519065967569219E-005  7.361890421603960E-006
  1.534332834355163E-005  7.435878650393033E-006
  1.549753135703158E-005  7.510610473243594E-006
  1.565328413656187E-005  7.586093363400202E-006
  1.581060225755028E-005  7.662334869214772E-006
  1.596950145193998E-005  7.739342614901410E-006
  1.612999760978284E-005  7.817124301298861E-006
  1.629210678082839E-005  7.895687706640576E-006
  1.645584517612882E-005  7.975040687332551E-006
  1.662122916966012E-005  8.055191178738979E-006
  1.678827529995945E-005  8.136147195975789E-006
  1.695700027177905E-005  8.217916834712162E-006
  1.712742095775671E-005  8.300508271980112E-006
  1.729955440010305E-005  8.383929766992180E-006
  1.747341781230574E-005  8.468189661967386E-006
  1.764902858085089E-005  8.553296382965431E-006
  1.782640426696169E-005  8.639258440729339E-006
  1.800556260835458E-005  8.726084431536511E-006
  1.818652152101299E-005  8.813783038058373E-006
  1.836929910097899E-005  8.902363030228660E-006
  1.855391362616288E-005  8.991833266120396E-006
  1.874038355817104E-005  9.082202692831719E-006
  1.892872754415205E-005  9.173480347380605E-006
  1.911896441866147E-005  9.265675357608566E-006
  1.931111320554528E-005  9.358796943093444E-006
  1.950519311984229E-005  9.452854416071379E-006
  1.970122356970567E-005  9.547857182368048E-006
  1.989922415834376E-005  9.643814742339237E-006
  2.009921468598042E-005  9.740736691820902E-006
  2.030121515183509E-005  9.838632723088752E-006
  2.050524575612267E-005  9.937512625827478E-006
  2.071132690207363E-005  1.003738628810975E-005
  2.091947919797429E-005  1.013826369738501E-005
  2.112972345922771E-005  1.024015494147825E-005
  2.134208071043522E-005  1.034307020959877E-005
  2.155657218749889E-005  1.044701979335913E-005
  2.177321933974518E-005  1.055201408780433E-005
  2.199204383206985E-005  1.065806359245129E-005
  2.221306754710450E-005  1.076517891233884E-005
  2.243631258740481E-005  1.087337075908823E-005
  2.266180127766085E-005  1.098264995197427E-005
  2.288955616692955E-005  1.109302741900730E-005
  2.311960003088964E-005  1.120451419802600E-005
  2.335195587411921E-005  1.131712143780117E-005
  2.358664693239622E-005  1.143086039915059E-005
  2.382369667502208E-005  1.154574245606519E-005
  2.406312880716859E-005  1.166177909684636E-005
  2.430496727224849E-005  1.177898192525487E-005
  2.454923625430982E-005  1.189736266167121E-005
  2.479596018045435E-005  1.201693314426766E-005
  2.504516372328029E-005  1.213770533019211E-005
  2.529687180334960E-005  1.225969129676377E-005
  2.555110959168004E-005  1.238290324268094E-005
  2.580790251226231E-005  1.250735348924086E-005
  2.606727624460247E-005  1.263305448157189E-005
  2.632925672628988E-005  1.276001878987798E-005
  2.659387015559105E-005  1.288825911069575E-005
  2.686114299406941E-005  1.301778826816413E-005
  2.713110196923153E-005  1.314861921530680E-005
  2.740377407719991E-005  1.328076503532744E-005
  2.767918658541256E-005  1.341423894291819E-005
  2.795736703534981E-005  1.354905428558100E-005
  2.823834324528849E-005  1.368522454496245E-005
  2.852214331308372E-005  1.382276333820193E-005
  2.880879561897880E-005  1.396168441929337E-005
  2.909832882844318E-005  1.410200168046061E-005
  2.939077189503909E-005  1.424372915354666E-005
  2.968615406331690E-005  1.438688101141693E-005
  2.998450487173959E-005  1.453147156937645E-005
  3.028585415563662E-005  1.467751528660149E-005
  3.059023205018751E-005  1.482502676758545E-005
  3.089766899343537E-005  1.497402076359930E-005
  3.120819572933071E-005  1.512451217416679E-005
  3.152184331080590E-005  1.527651604855435E-005
  3.183864310288046E-005  1.543004758727605E-005
  3.215862678579760E-005  1.558512214361367E-005
  3.248182635819227E-005  1.574175522515205E-005
  3.280827414029103E-005  1.589996249532981E-005
  3.313800277714414E-005  1.605975977500578E-005
  3.347104524189006E-005  1.622116304404105E-005
  3.380743483905280E-005  1.638418844289698E-005
  3.414720520787241E-005  1.654885227424928E-005
  3.449039032566889E-005  1.671517100461825E-005
  3.483702451124003E-005  1.688316126601549E-005
  3.518714242829325E-005  1.705283985760707E-005
  3.554077908891202E-005  1.722422374739351E-005
  3.589796985705708E-005  1.739733007390656E-005
  3.625875045210293E-005  1.757217614792308E-005
  3.662315695240971E-005  1.774877945419610E-005
  3.699122579893114E-005  1.792715765320339E-005
  3.736299379885858E-005  1.810732858291343E-005
  3.773849812930184E-005  1.828931026056927E-005
  3.811777634100688E-005  1.847312088449028E-005
  3.850086636211095E-005  1.865877883589196E-005
  3.888780650193538E-005  1.884630268072410E-005
  3.927863545481662E-005  1.903571117152740E-005
  3.967339230397565E-005  1.922702324930869E-005
  4.007211652542635E-005  1.942025804543513E-005
  4.047484799192313E-005  1.961543488354727E-005
  4.088162697694826E-005  1.981257328149151E-005
  4.129249415873922E-005  2.001169295327184E-005
  4.170749062435658E-005  2.021281381102130E-005
  4.212665787379273E-005  2.041595596699318E-005
  4.255003782412192E-005  2.062113973557229E-005
  4.297767281369201E-005  2.082838563530638E-005
  4.340960560635832E-005  2.103771439095803E-005
  4.384587939576005E-005  2.124914693557717E-005
  4.428653780963972E-005  2.146270441259436E-005
  4.473162491420592E-005  2.167840817793517E-005
  4.518118521854002E-005  2.189627980215578E-005
  4.563526367904709E-005  2.211634107260008E-005
  4.609390570395158E-005  2.233861399557838E-005
  4.655715715783817E-005  2.256312079856810E-005
  4.702506436623831E-005  2.278988393243653E-005
  4.749767412026275E-005  2.301892607368589E-005
  4.797503368128075E-005  2.325027012672106E-005
  4.845719078564621E-005  2.348393922614002E-005
  4.894419364947136E-005  2.371995673904730E-005
  4.943609097344842E-005  2.395834626739074E-005
  4.993293194771970E-005  2.419913165032169E-005
  5.043476625679667E-005  2.444233696657898E-005
  5.094164408452843E-005  2.468798653689675E-005
  5.145361611912016E-005  2.493610492643659E-005
  5.197073355820196E-005  2.518671694724407E-005
  5.249304811394866E-005  2.543984766072997E-005
  5.302061201825112E-005  2.569552238017640E-005
  5.355347802793938E-005  2.595376667326822E-005
  5.409169943005849E-005  2.621460636464975E-005
  5.463533004719717E-005  2.647806753850734E-005
  5.518442424287016E-005  2.674417654117773E-005
  5.573903692695461E-005  2.701295998378276E-005
  5.629922356118111E-005  2.728444474489049E-005
  5.686504016467991E-005  2.755865797320306E-005
  5.743654331958286E-005  2.783562709027162E-005
  5.801379017668172E-005  2.811537979323846E-005
  5.859683846114323E-005  2.839794405760679E-005
  5.918574647828172E-005  2.868334814003831E-005
  5.978057311938966E-005  2.897162058117883E-005
  6.038137786762685E-005  2.926279020851248E-005
  6.098822080396878E-005  2.955688613924440E-005
  6.160116261321479E-005  2.985393778321246E-005
  6.222026459005659E-005  3.015397484582836E-005
  6.284558864520780E-005  3.045702733104812E-005
  6.347719731159503E-005  3.076312554437252E-005
  6.411515375061126E-005  3.107230009587770E-005
  6.475952175843203E-005  3.138458190327617E-005
  6.541036577239508E-005  3.170000219500857E-005
  6.606775087744418E-005  3.201859251336664E-005
  6.673174281263768E-005  3.234038471764737E-005
  6.740240797772241E-005  3.266541098733903E-005
  6.807981343977377E-005  3.299370382533909E-005
  6.876402693990248E-005  3.332529606120458E-005
  6.945511690002872E-005  3.366022085443504E-005
  7.015315242972443E-005  3.399851169778855E-005
  7.085820333312427E-005  3.434020242063097E-005
  7.157034011590611E-005  3.468532719231888E-005
  7.228963399234170E-005  3.503392052561668E-005
  7.301615689241808E-005  3.538601728014777E-005
  7.374998146903070E-005  3.574165266588058E-005
  7.449118110524875E-005  3.610086224664962E-005
  7.523982992165351E-005  3.646368194371179E-005
  7.599600278375051E-005  3.683014803933873E-005
  7.675977530945610E-005  3.720029718044487E-005
  7.753122387665932E-005  3.757416638225228E-005
  7.831042563085978E-005  3.795179303199218E-005
  7.909745849288223E-005  3.833321489264368E-005
  7.989240116666873E-005  3.871847010671017E-005
  8.069533314714912E-005  3.910759720003350E-005
  8.150633472819056E-005  3.950063508564674E-005
  8.232548701062700E-005  3.989762306766533E-005
  8.315287191036930E-005  4.029860084521769E-005
  8.398857216659692E-005  4.070360851641508E-005
  8.483267135003191E-005  4.111268658236146E-005
  8.568525387129605E-005  4.152587595120365E-005
  8.654640498935192E-005  4.194321794222215E-005
  8.741621082002897E-005  4.236475428996312E-005
  8.829475834463511E-005  4.279052714841187E-005
  8.918213541865493E-005  4.322057909520828E-005
  9.007843078053531E-005  4.365495313590465E-005
  9.098373406055935E-005  4.409369270826616E-005
  9.189813578980947E-005  4.453684168661485E-005
  9.282172740922061E-005  4.498444438621696E-005
  9.375460127872437E-005  4.543654556771457E-005
  9.469685068648510E-005  4.589319044160167E-005
  9.564856985822878E-005  4.635442467274523E-005
  9.660985396666569E-005  4.682029438495173E-005
  9.758079914100775E-005  4.729084616557963E-005
  9.856150247658151E-005  4.776612707019808E-005
  9.955206204453779E-005  4.824618462729252E-005
  1.005525769016588E-004  4.873106684301762E-005
  1.015631471002642E-004  4.922082220599788E-005
  1.025838736982157E-004  4.971549969217658E-005
  1.036148587690240E-004  5.021514876971330E-005
  1.046562054120551E-004  5.071981940393100E-005
  1.057080177628413E-004  5.122956206231231E-005
  1.067704010034941E-004  5.174442771954659E-005
  1.078434613732228E-004  5.226446786262722E-005
  1.089273061789587E-004  5.278973449600052E-005
  1.100220438060855E-004  5.332028014676605E-005
  1.111277837292783E-004  5.385615786992954E-005
  1.122446365234509E-004  5.439742125370833E-005
  1.133727138748133E-004  5.494412442489029E-005
  1.145121285920407E-004  5.549632205424645E-005
  1.156629946175544E-004  5.605406936199829E-005
  1.168254270389161E-004  5.661742212333962E-005
  1.179995421003365E-004  5.718643667401424E-005
  1.191854572143001E-004  5.776116991594957E-005
  1.203832909733068E-004  5.834167932294686E-005
  1.215931631617306E-004  5.892802294642860E-005
  1.228151947677985E-004  5.952025942124376E-005
  1.240495079956894E-004  6.011844797153126E-005
  1.252962262777549E-004  6.072264841664252E-005
  1.265554742868621E-004  6.133292117712334E-005
  1.278273779488612E-004  6.194932728075604E-005
  1.291120644551783E-004  6.257192836866236E-005
  1.304096622755347E-004  6.320078670146747E-005
  1.317203011707938E-004  6.383596516552625E-005
  1.330441122059372E-004  6.447752727921187E-005
  1.343812277631716E-004  6.512553719926767E-005
  1.357317815551671E-004  6.578005972722296E-005
  1.370959086384284E-004  6.644116031587320E-005
  1.384737454268004E-004  6.710890507582526E-005
  1.398654297051103E-004  6.778336078210863E-005
  1.412711006429456E-004  6.846459488085291E-005
  1.426908988085715E-004  6.915267549603257E-005
  1.441249661829877E-004  6.984767143627920E-005
  1.455734461741268E-004  7.054965220176271E-005
  1.470364836311949E-004  7.125868799114114E-005
  1.485142248591569E-004  7.197484970858074E-005
  1.500068176333671E-004  7.269820897084642E-005
  1.515144112143468E-004  7.342883811446339E-005
  1.530371563627103E-004  7.416681020295100E-005
  1.545752053542415E-004  7.491219903412905E-005
  1.561287119951212E-004  7.566507914749771E-005
  1.576978316373081E-004  7.642552583169145E-005
  1.592827211940740E-004  7.719361513200801E-005
  1.608835391556954E-004  7.796942385801295E-005
  1.625004456053024E-004  7.875302959122077E-005
  1.641336022348874E-004  7.954451069285295E-005
  1.657831723614744E-004  8.034394631167430E-005
  1.674493209434506E-004  8.115141639190777E-005
  1.691322145970627E-004  8.196700168122905E-005
  1.708320216130786E-004  8.279078373884132E-005
  1.725489119736162E-004  8.362284494363122E-005
  1.742830573691424E-004  8.446326850240691E-005
  1.760346312156419E-004  8.531213845821866E-005
  1.778038086719590E-004  8.616953969876335E-005
  1.795907666573136E-004  8.703555796487328E-005
  1.813956838689935E-004  8.791027985909020E-005
  1.832187408002238E-004  8.879379285432581E-005
  1.850601197582169E-004  8.968618530260905E-005
  1.869200048824031E-004  9.058754644392129E-005
  1.887985821628447E-004  9.149796641512049E-005
  1.906960394588353E-004  9.241753625895492E-005
  1.926125665176857E-004  9.334634793316754E-005
  1.945483549936988E-004  9.428449431969175E-005
  1.965035984673355E-004  9.523206923393977E-005
  1.984784924645725E-004  9.618916743418418E-005
  2.004732344764552E-004  9.715588463103386E-005
  2.024880239788472E-004  9.813231749700503E-005
  2.045230624523776E-004  9.911856367618873E-005
  2.065785534025897E-004  1.001147217940152E-004
  2.086547023802914E-004  1.011208914671164E-004
  2.107517170021107E-004  1.021371733132881E-004
  2.128698069712572E-004  1.031636689615511E-004
  2.150091840984929E-004  1.042004810623151E-004
  2.171700623233133E-004  1.052477132976430E-004
  2.193526577353418E-004  1.063054703916195E-004
  2.215571885959383E-004  1.073738581208237E-004
  2.237838753600260E-004  1.084529833249067E-004
  2.260329406981369E-004  1.095429539172755E-004
  2.283046095186790E-004  1.106438788958849E-004
  2.305991089904274E-004  1.117558683541368E-004
  2.329166685652415E-004  1.128790334918900E-004
  2.352575200010099E-004  1.140134866265801E-004
  2.376218973848271E-004  1.151593412044513E-004
  2.400100371564016E-004  1.163167118119013E-004
  2.424221781317008E-004  1.174857141869400E-004
  2.448585615268323E-004  1.186664652307629E-004
  2.473194309821660E-004  1.198590830194420E-004
  2.498050325866981E-004  1.210636868157331E-004
  2.523156149026604E-004  1.222803970810022E-004
  2.548514289903768E-004  1.235093354872719E-004
  2.574127284333690E-004  1.247506249293882E-004
  2.599997693637159E-004  1.260043895373109E-004
  2.626128104876664E-004  1.272707546885257E-004
  2.652521131115104E-004  1.285498470205828E-004
  2.679179411677097E-004  1.298417944437606E-004
  2.706105612412915E-004  1.311467261538563E-004
  2.733302425965069E-004  1.324647726451063E-004
  2.760772572037580E-004  1.337960657232352E-004
  2.788518797667946E-004  1.351407385186368E-004
  2.816543877501851E-004  1.364989254996869E-004
  2.844850614070635E-004  1.378707624861902E-004
  2.873441838071543E-004  1.392563866629631E-004
  2.902320408650801E-004  1.406559365935511E-004
  2.931489213689532E-004  1.420695522340865E-004
  2.960951170092547E-004  1.434973749472830E-004
  2.990709224080040E-004  1.449395475165729E-004
  3.020766351482207E-004  1.463962141603847E-004
  3.051125558036835E-004  1.478675205465661E-004
  3.081789879689881E-004  1.493536138069498E-004
  3.112762382899062E-004  1.508546425520677E-004
  3.144046164940510E-004  1.523707568860113E-004
  3.175644354218500E-004  1.539021084214427E-004
  3.207560110578290E-004  1.554488502947557E-004
  3.239796625622114E-004  1.570111371813897E-004
  3.272357123028340E-004  1.585891253112972E-004
  3.305244858873842E-004  1.601829724845669E-004
  3.338463121959611E-004  1.617928380872040E-004
  3.372015234139638E-004  1.634188831070687E-004
  3.405904550653101E-004  1.650612701499750E-004
  3.440134460459893E-004  1.667201634559518E-004
  3.474708386579519E-004  1.683957289156665E-004
  3.509629786433403E-004  1.700881340870143E-004
  3.544902152190631E-004  1.717975482118745E-004
  3.580529011117173E-004  1.735241422330340E-004
  3.616513925928612E-004  1.752680888112826E-004
  3.652860495146414E-004  1.770295623426784E-004
  3.689572353457793E-004  1.788087389759879E-004
  3.726653172079170E-004  1.806057966303008E-004
  3.764106659123311E-004  1.824209150128224E-004
  3.801936559970129E-004  1.842542756368435E-004
  3.840146657641236E-004  1.861060618398931E-004
  3.878740773178239E-004  1.879764588020712E-004
  3.917722766024855E-004  1.898656535645673E-004
  3.957096534412853E-004  1.917738350483648E-004
  3.996866015751884E-004  1.937011940731328E-004
  4.037035187023224E-004  1.956479233763086E-004
  4.077608065177472E-004  1.976142176323710E-004
  4.118588707536257E-004  1.996002734723084E-004
  4.159981212197964E-004  2.016062895032817E-004
  4.201789718447553E-004  2.036324663284849E-004
  4.244018407170490E-004  2.056790065672063E-004
  4.286671501270838E-004  2.077461148750894E-004
  4.329753266093551E-004  2.098339979645997E-004
  4.373268009851013E-004  2.119428646256950E-004
  4.417220084053862E-004  2.140729257467053E-004
  4.461613883946145E-004  2.162243943354212E-004
  4.506453848944847E-004  2.183974855403952E-004
  4.551744463083835E-004  2.205924166724562E-004
  4.597490255462263E-004  2.228094072264411E-004
  4.643695800697493E-004  2.250486789031439E-004
  4.690365719382552E-004  2.273104556314863E-004
  4.737504678548200E-004  2.295949635909105E-004
  4.785117392129637E-004  2.319024312339973E-004
  4.833208621437898E-004  2.342330893093112E-004
  4.881783175635990E-004  2.365871708844755E-004
  4.930845912219812E-004  2.389649113694794E-004
  4.980401737503908E-004  2.413665485402186E-004
  5.030455607112102E-004  2.437923225622734E-004
  5.081012526473069E-004  2.462424760149249E-004
  5.132077551320874E-004  2.487172539154135E-004
  5.183655788200556E-004  2.512169037434401E-004
  5.235752394978785E-004  2.537416754659148E-004
  5.288372581359655E-004  2.562918215619533E-004
  5.341521609405652E-004  2.588675970481245E-004
  5.395204794063872E-004  2.614692595039533E-004
  5.449427503697519E-004  2.640970690976774E-004
  5.504195160622739E-004  2.667512886122649E-004
  5.559513241650865E-004  2.694321834716925E-004
  5.615387278636101E-004  2.721400217674880E-004
  5.671822859028704E-004  2.748750742855393E-004
  5.728825626433746E-004  2.776376145331733E-004
  5.786401281175469E-004  2.804279187665063E-004
  5.844555580867326E-004  2.832462660180703E-004
  5.903294340987749E-004  2.860929381247153E-004
  5.962623435461700E-004  2.889682197557944E-004
  6.022548797248065E-004  2.918723984416292E-004
  6.083076418932963E-004  2.948057646022642E-004
  6.144212353329002E-004  2.977686115765079E-004
  6.205962714080567E-004  3.007612356512671E-004
  6.268333676275193E-004  3.037839360911759E-004
  6.331331477061076E-004  3.068370151685213E-004
  6.394962416270792E-004  3.099207781934715E-004
  6.459232857051288E-004  3.130355335446060E-004
  6.524149226500201E-004  3.161815926997539E-004
  6.589718016308573E-004  3.193592702671417E-004
  6.655945783410026E-004  3.225688840168540E-004
  6.722839150636460E-004  3.258107549126103E-004
  6.790404807380342E-004  3.290852071438620E-004
  6.858649510263652E-004  3.323925681582102E-004
  6.927580083813549E-004  3.357331686941516E-004
  6.997203421144829E-004  3.391073428141515E-004
  7.067526484649246E-004  3.425154279380503E-004
  7.138556306691753E-004  3.459577648768055E-004
  7.210299990313746E-004  3.494346978665724E-004
  7.282764709943374E-004  3.529465746031279E-004
  7.355957712112987E-004  3.564937462766399E-004
  7.429886316183797E-004  3.600765676067865E-004
  7.504557915077816E-004  3.636953968782271E-004
  7.579979976017164E-004  3.673505959764317E-004
  7.656160041270783E-004  3.710425304238686E-004
  7.733105728908685E-004  3.747715694165572E-004
  7.810824733563754E-004  3.785380858609865E-004
  7.889324827201221E-004  3.823424564114065E-004
  7.968613859895868E-004  3.861850615074930E-004
  8.048699760617038E-004  3.900662854123915E-004
  8.129590538021542E-004  3.939865162511433E-004
  8.211294281254529E-004  3.979461460494980E-004
  8.293819160758410E-004  4.019455707731154E-004
  8.377173429089906E-004  4.059851903671622E-004
  8.461365421745311E-004  4.100654087963062E-004
  8.546403557994053E-004  4.141866340851127E-004
  8.632296341720621E-004  4.183492783588463E-004
  8.719052362274964E-004  4.225537578846833E-004
  8.806680295331436E-004  4.268004931133382E-004
  8.895188903756367E-004  4.310899087211086E-004
  8.984587038484355E-004  4.354224336523418E-004
  9.074883639403372E-004  4.397985011623300E-004
  9.166087736248758E-004  4.442185488606344E-004
  9.258208449506200E-004  4.486830187548464E-004
  9.351254991323793E-004  4.531923572947877E-004
  9.445236666433257E-004  4.577470154171549E-004
  9.540162873080421E-004  4.623474485906128E-004
  9.636043103965054E-004  4.669941168613408E-004
  9.732886947190147E-004  4.716874848990366E-004
  9.830704087220726E-004  4.764280220433837E-004
  9.929504305852307E-004  4.812162023509832E-004
  1.002929748318909E-003  4.860525046427609E-004
  1.013009359863196E-003  4.909374125518471E-004
  1.023190273187647E-003  4.958714145719397E-004
  1.033473506392079E-003  5.008550041061539E-004
  1.043860087808380E-003  5.058886795163608E-004
  1.054351056103348E-003  5.109729441730233E-004
  1.064947460382556E-003  5.161083065055319E-004
  1.075650360295261E-003  5.212952800530481E-004
  1.086460826140374E-003  5.265343835158562E-004
  1.097379938973488E-003  5.318261408072328E-004
  1.108408790714985E-003  5.371710811058380E-004
  1.119548484259231E-003  5.425697389086322E-004
  1.130800133584864E-003  5.480226540843237E-004
  1.142164863866191E-003  5.535303719273563E-004
  1.153643811585712E-003  5.590934432124364E-004
  1.165238124647765E-003  5.647124242496099E-004
  1.176948962493318E-003  5.703878769398927E-004
  1.188777496215914E-003  5.761203688314587E-004
  1.200724908678782E-003  5.819104731763941E-004
  1.212792394633126E-003  5.877587689880208E-004
  1.224981160837598E-003  5.936658410987975E-004
  1.237292426178973E-003  5.996322802188006E-004
  1.249727421794048E-003  6.056586829947944E-004
  1.262287391192744E-003  6.117456520698938E-004
  1.274973590382470E-003  6.178937961438279E-004
  1.287787287993715E-003  6.241037300338087E-004
  1.300729765406920E-003  6.303760747360094E-004
  1.313802316880610E-003  6.367114574876644E-004
  1.327006249680827E-003  6.431105118297906E-004
  1.340342884211854E-003  6.495738776705395E-004
  1.353813554148259E-003  6.561022013491866E-004
  1.367419606568260E-003  6.626961357007631E-004
  1.381162402088439E-003  6.693563401213375E-004
  1.395043314999798E-003  6.760834806339534E-004
  1.409063733405198E-003  6.828782299552300E-004
  1.423225059358161E-003  6.897412675626304E-004
  1.437528709003086E-003  6.966732797624083E-004
  1.451976112716855E-003  7.036749597582358E-004
  1.466568715251880E-003  7.107470077205216E-004
  1.481307975880575E-003  7.178901308564248E-004
  1.496195368541286E-003  7.251050434805742E-004
  1.511232381985684E-003  7.323924670864964E-004
  1.526420519927645E-003  7.397531304187621E-004
  1.541761301193620E-003  7.471877695458579E-004
  1.557256259874520E-003  7.546971279337909E-004
  1.572906945479126E-003  7.622819565204313E-004
  1.588714923089039E-003  7.699430137906038E-004
  1.604681773515195E-003  7.776810658519316E-004
  1.620809093455942E-003  7.854968865114443E-004
  1.637098495656713E-003  7.933912573529571E-004
  1.653551609071303E-003  8.013649678152216E-004
  1.670170079024764E-003  8.094188152708689E-004
  1.686955567377941E-003  8.175536051061427E-004
  1.703909752693657E-003  8.257701508014323E-004
  1.721034330404571E-003  8.340692740126184E-004
  1.738331012982726E-003  8.424518046532329E-004
  1.755801530110794E-003  8.509185809774464E-004
  1.773447628855045E-003  8.594704496638897E-004
  1.791271073840059E-003  8.681082659003154E-004
  1.809273647425189E-003  8.768328934691128E-004
  1.827457149882794E-003  8.856452048336819E-004
  1.845823399578274E-003  8.945460812256722E-004
  1.864374233151902E-003  9.035364127331017E-004
  1.883111505702496E-003  9.126170983893614E-004
  1.902037090972925E-003  9.217890462631106E-004
  1.921152881537488E-003  9.310531735490788E-004
  1.940460788991171E-003  9.404104066597800E-004
  1.959962744140808E-003  9.498616813181450E-004
  1.979660697198168E-003  9.594079426510903E-004
  1.999556617974969E-003  9.690501452840210E-004
  2.019652496079871E-003  9.787892534362890E-004
  2.039950341117431E-003  9.886262410176057E-004
  2.060452182889067E-003  9.985620917254260E-004
  2.081160071596040E-003  1.008597799143311E-003
  2.102076078044479E-003  1.018734366840277E-003
  2.123202293852459E-003  1.028972808471148E-003
  2.144540831659165E-003  1.039314147877904E-003
  2.166093825336160E-003  1.049759419192068E-003
  2.187863430200773E-003  1.060309666938101E-003
  2.209851823231631E-003  1.070965946137849E-003
  2.232061203286362E-003  1.081729322416035E-003
  2.254493791321479E-003  1.092600872106811E-003
  2.277151830614479E-003  1.103581682361382E-003
  2.300037586988174E-003  1.114672851256708E-003
  2.323153349037271E-003  1.125875487905304E-003
  2.346501428357240E-003  1.137190712566140E-003
  2.370084159775469E-003  1.148619656756651E-003
  2.393903901584753E-003  1.160163463365880E-003
  2.417963035779121E-003  1.171823286768756E-003
  2.442263968292043E-003  1.183600292941513E-003
  2.466809129237021E-003  1.195495659578282E-003
  2.491600973150604E-003  1.207510576208837E-003
  2.516641979237843E-003  1.219646244317546E-003
  2.541934651620214E-003  1.231903877463492E-003
  2.567481519586034E-003  1.244284701401824E-003
  2.593285137843387E-003  1.256789954206312E-003
  2.619348086775602E-003  1.269420886393140E-003
  2.645672972699293E-003  1.282178761045940E-003
  2.672262428124988E-003  1.295064853942083E-003
  2.699119112020388E-003  1.308080453680242E-003
  2.726245710076264E-003  1.321226861809229E-003
  2.753644934975027E-003  1.334505392958138E-003
  2.781319526661998E-003  1.347917374967780E-003
  2.809272252619410E-003  1.361464149023454E-003
  2.837505908143152E-003  1.375147069789043E-003
  2.866023316622305E-003  1.388967505542458E-003
  2.894827329821480E-003  1.402926838312445E-003
  2.923920828166001E-003  1.417026464016764E-003
  2.953306721029949E-003  1.431267792601760E-003
  2.982987947027096E-003  1.445652248183331E-003
  3.012967474304777E-003  1.460181269189317E-003
  3.043248300840704E-003  1.474856308503316E-003
  3.073833454742763E-003  1.489678833609946E-003
  3.104725994551833E-003  1.504650326741566E-003
  3.135929009547639E-003  1.519772285026474E-003
  3.167445620057682E-003  1.535046220638585E-003
  3.199278977769278E-003  1.550473660948625E-003
  3.231432266044725E-003  1.566056148676835E-003
  3.263908700239646E-003  1.581795242047208E-003
  3.296711528024524E-003  1.597692514943286E-003
  3.329844029709473E-003  1.613749557065507E-003
  3.363309518572272E-003  1.629967974090144E-003
  3.397111341189696E-003  1.646349387829837E-003
  3.431252877772174E-003  1.662895436395737E-003
  3.465737542501817E-003  1.679607774361277E-003
  3.500568783873834E-003  1.696488072927593E-003
  3.535750085041388E-003  1.713538020090604E-003
  3.571284964163915E-003  1.730759320809764E-003
  3.607176974758939E-003  1.748153697178521E-003
  3.643429706057430E-003  1.765722888596481E-003
  3.680046783362728E-003  1.783468651943299E-003
  3.717031868413078E-003  1.801392761754321E-003
  3.754388659747807E-003  1.819497010397993E-003
  3.792120893077178E-003  1.837783208255039E-003
  3.830232341655968E-003  1.856253183899458E-003
  3.868726816660794E-003  1.874908784281317E-003
  3.907608167571236E-003  1.893751874911399E-003
  3.946880282554787E-003  1.912784340047693E-003
  3.986547088855670E-003  1.932008082883767E-003
  4.026612553187573E-003  1.951425025739017E-003
  4.067080682130316E-003  1.971037110250847E-003
  4.107955522530517E-003  1.990846297568761E-003
  4.149241161906279E-003  2.010854568550417E-003
  4.190941728855944E-003  2.031063923959642E-003
  4.233061393470959E-003  2.051476384666439E-003
  4.275604367752883E-003  2.072093991849001E-003
  4.318574906034598E-003  2.092918807197753E-003
  4.361977305405740E-003  2.113952913121447E-003
  4.405815906142417E-003  2.135198412955321E-003
  4.450095092141232E-003  2.156657431171353E-003
  4.494819291357688E-003  2.178332113590619E-003
  4.539992976248974E-003  2.200224627597795E-003
  4.585620664221224E-003  2.222337162357801E-003
  4.631706918081261E-003  2.244671929034626E-003
  4.678256346492874E-003  2.267231161012349E-003
  4.725273604437696E-003  2.290017114118379E-003
  4.772763393680704E-003  2.313032066848940E-003
  4.820730463240395E-003  2.336278320596810E-003
  4.869179609863700E-003  2.359758199881359E-003
  4.918115678505653E-003  2.383474052580885E-003
  4.967543562813901E-003  2.407428250167288E-003
  5.017468205618064E-003  2.431623187943108E-003
  5.067894599424026E-003  2.456061285280916E-003
  5.118827786913189E-003  2.480744985865145E-003
  5.170272861446748E-003  2.505676757936318E-003
  5.222234967575027E-003  2.530859094537743E-003
  5.274719301551940E-003  2.556294513764678E-003
  5.327731111854623E-003  2.581985559016001E-003
  5.381275699708282E-003  2.607934799248404E-003
  5.435358419616323E-003  2.634144829233137E-003
  5.489984679895806E-003  2.660618269815333E-003
  5.545159943218281E-003  2.687357768175932E-003
  5.600889727156061E-003  2.714365998096230E-003
  5.657179604733979E-003  2.741645660225096E-003
  5.714035204986703E-003  2.769199482348854E-003
  5.771462213521638E-003  2.797030219663889E-003
  5.829466373087492E-003  2.825140655051974E-003
  5.888053484148560E-003  2.853533599358374E-003
  5.947229405464770E-003  2.882211891672724E-003
  6.007000054677568E-003  2.911178399612745E-003
  6.067371408901684E-003  2.940436019610791E-003
  6.128349505322849E-003  2.969987677203273E-003
  6.189940441801521E-003  2.999836327322997E-003
  6.252150377482675E-003  3.029984954594425E-003
  6.314985533411720E-003  3.060436573631900E-003
  6.378452193156611E-003  3.091194229340864E-003
  6.442556703436212E-003  3.122260997222099E-003
  6.507305474754973E-003  3.153639983679016E-003
  6.572704982043981E-003  3.185334326328032E-003
  6.638761765308467E-003  3.217347194312054E-003
  6.705482430281803E-003  3.249681788617107E-003
  6.772873649086087E-003  3.282341342392147E-003
  6.840942160899361E-003  3.315329121272074E-003
  6.909694772629528E-003  3.348648423703978E-003
  6.979138359595057E-003  3.382302581276675E-003
  7.049279866212513E-003  3.416294959053523E-003
  7.120126306691010E-003  3.450628955908605E-003
  7.191684765733635E-003  3.485308004866251E-003
  7.263962399245923E-003  3.520335573443989E-003
  7.336966435051459E-003  3.555715163998921E-003
  7.410704173614658E-003  3.591450314077580E-003
  7.485182988770826E-003  3.627544596769281E-003
  7.560410328463545E-003  3.664001621063036E-003
  7.636393715489472E-003  3.700825032208018E-003
  7.713140748250632E-003  3.738018512077670E-003
  7.790659101514255E-003  3.775585779537432E-003
  7.868956527180266E-003  3.813530590816179E-003
  7.948040855056482E-003  3.851856739881364E-003
  8.027919993641592E-003  3.890568058817931E-003
  8.108601930916023E-003  3.929668418211023E-003
  8.190094735140737E-003  3.969161727532515E-003
  8.272406555664065E-003  4.009051935531431E-003
  8.355545623736655E-003  4.049343030628276E-003
  8.439520253334597E-003  4.090039041313301E-003
  8.524338841990829E-003  4.131144036548769E-003
  8.610009871634900E-003  4.172662126175258E-003
  8.696541909441165E-003  4.214597461322015E-003
  8.783943608685518E-003  4.256954234821430E-003
  8.872223709610716E-003  4.299736681627669E-003
  8.961391040300420E-003  4.342949079239482E-003
  9.051454517562004E-003  4.386595748127253E-003
  9.142423147818249E-003  4.430681052164331E-003
  9.234306028007988E-003  4.475209399062672E-003
  9.327112346495808E-003  4.520185240812841E-003
  9.420851383990897E-003  4.565613074128424E-003
  9.515532514475121E-003  4.611497440894887E-003
  9.611165206140429E-003  4.657842928622927E-003
  9.707759022335682E-003  4.704654170906352E-003
  9.805323622522994E-003  4.751935847884559E-003
  9.903868763243690E-003  4.799692686709623E-003
  1.000340429909396E-002  4.847929462018074E-003
  1.010394018371034E-002  4.896650996407379E-003
  1.020548647076507E-002  4.945862160917203E-003
  1.030805331497147E-002  4.995567875515475E-003
  1.041165097309945E-002  5.045773109589316E-003
  1.051628980500114E-002  5.096482882440885E-003
  1.062198027464693E-002  5.147702263788173E-003
  1.072873295117187E-002  5.199436374270807E-003
  1.083655850993256E-002  5.251690385960910E-003
  1.094546773357475E-002  5.304469522879074E-003
  1.105547151311154E-002  5.357779061515481E-003
  1.116658084901257E-002  5.411624331356233E-003
  1.127880685230402E-002  5.466010715414947E-003
  1.139216074567974E-002  5.520943650769663E-003
  1.150665386462352E-002  5.576428629105103E-003
  1.162229765854267E-002  5.632471197260356E-003
  1.173910369191296E-002  5.689076957782039E-003
  1.185708364543506E-002  5.746251569482969E-003
  1.197624931720263E-002  5.804000748006421E-003
  1.209661262388217E-002  5.862330266396018E-003
  1.221818560190464E-002  5.921245955671309E-003
  1.234098040866916E-002  5.980753705409098E-003
  1.246500932375873E-002  6.040859464330562E-003
  1.259028475016822E-002  6.101569240894241E-003
  1.271681921554466E-002  6.162889103894931E-003
  1.284462537344004E-002  6.224825183068575E-003
  1.297371600457665E-002  6.287383669703145E-003
  1.310410401812519E-002  6.350570817255661E-003
  1.323580245299567E-002  6.414392941975339E-003
  1.336882447914131E-002  6.478856423532951E-003
  1.350318339887560E-002  6.543967705656462E-003
  1.363889264820246E-002  6.609733296773002E-003
  1.377596579815993E-002  6.676159770657241E-003
  1.391441655617722E-002  6.743253767086206E-003
  1.405425876744551E-002  6.811021992500638E-003
  1.419550641630247E-002  6.879471220672928E-003
  1.433817362763069E-002  6.948608293381700E-003
  1.448227466827019E-002  7.018440121093119E-003
  1.462782394844512E-002  7.088973683648968E-003
  1.477483602320478E-002  7.160216030961587E-003
  1.492332559387917E-002  7.232174283715709E-003
  1.507330750954910E-002  7.304855634077293E-003
  1.522479676853111E-002  7.378267346409394E-003
  1.537780851987735E-002  7.452416757995162E-003
  1.553235806489046E-002  7.527311279768014E-003
  1.568846085865373E-002  7.602958397049082E-003
  1.584613251157663E-002  7.679365670291968E-003
  1.600538879095584E-002  7.756540735834907E-003
  1.616624562255202E-002  7.834491306660411E-003
  1.632871909218236E-002  7.913225173162427E-003
  1.649282544732924E-002  7.992750203921142E-003
  1.665858109876491E-002  8.073074346485456E-003
  1.682600262219266E-002  8.154205628163229E-003
  1.699510675990435E-002  8.236152156819361E-003
  1.716591042245466E-002  8.318922121681786E-003
  1.733843069035219E-002  8.402523794155459E-003
  1.751268481576749E-002  8.486965528644409E-003
  1.768869022425833E-002  8.572255763381940E-003
  1.786646451651221E-002  8.658403021269048E-003
  1.804602547010652E-002  8.745415910721149E-003
  1.822739104128624E-002  8.833303126523183E-003
  1.841057936675963E-002  8.922073450693166E-003
  1.859560876551190E-002  9.011735753354335E-003
  1.878249774063711E-002  9.102298993615848E-003
  1.897126498118852E-002  9.193772220462243E-003
  1.916192936404749E-002  9.286164573651673E-003
  1.935450995581120E-002  9.379485284623007E-003
  1.954902601469929E-002  9.473743677411902E-003
  1.974549699247977E-002  9.568949169575906E-003
  1.994394253641412E-002  9.665111273128701E-003
  2.014438249122213E-002  9.762239595483559E-003
  2.034683690106630E-002  9.860343840406110E-003
  2.055132601155633E-002  9.959433808976487E-003
  2.075787027177368E-002  1.005951940056096E-002
  2.096649033631649E-002  1.016061061379313E-002
  2.117720706736506E-002  1.026271754756483E-002
  2.139004153676810E-002  1.036585040202669E-002
  2.160501502814991E-002  1.047001947959864E-002
  2.182214903903878E-002  1.057523518599028E-002
  2.204146528301673E-002  1.068150803123132E-002
  2.226298569189094E-002  1.078884863071211E-002
  2.248673241788688E-002  1.089726770623443E-002
  2.271272783586362E-002  1.100677608707253E-002
  2.294099454555128E-002  1.111738471104466E-002
  2.317155537381105E-002  1.122910462559505E-002
  2.340443337691791E-002  1.134194698888645E-002
  2.363965184286621E-002  1.145592307090354E-002
  2.387723429369857E-002  1.157104425456693E-002
  2.411720448785807E-002  1.168732203685820E-002
  2.435958642256409E-002  1.180476802995588E-002
  2.460440433621209E-002  1.192339396238261E-002
  2.485168271079745E-002  1.204321168016336E-002
  2.510144627436369E-002  1.216423314799514E-002
  2.535372000347531E-002  1.228647045042792E-002
  2.560852912571544E-002  1.240993579305726E-002
  2.586589912220866E-002  1.253464150372846E-002
  2.612585573016910E-002  1.266060003375236E-002
  2.638842494547416E-002  1.278782395913318E-002
  2.665363302526420E-002  1.291632598180808E-002
  2.692150649056821E-002  1.304611893089893E-002
  2.719207212895593E-002  1.317721576397610E-002
  2.746535699721668E-002  1.330962956833465E-002
  2.774138842406503E-002  1.344337356228281E-002
  2.802019401287368E-002  1.357846109644291E-002
  2.830180164443387E-002  1.371490565506505E-002
  2.858623947974340E-002  1.385272085735330E-002
  2.887353596282286E-002  1.399192045880487E-002
  2.916371982355996E-002  1.413251835256212E-002
  2.945682008058260E-002  1.427452857077770E-002
  2.975286604416073E-002  1.441796528599271E-002
  3.005188731913742E-002  1.456284281252834E-002
  3.035391380788934E-002  1.470917560789075E-002
  3.065897571331706E-002  1.485697827418950E-002
  3.096710354186534E-002  1.500626555956965E-002
  3.127832810657381E-002  1.515705235965754E-002
  3.159268053015830E-002  1.530935371902051E-002
  3.191019224812314E-002  1.546318483264055E-002
  3.223089501190469E-002  1.561856104740207E-002
  3.255482089204662E-002  1.577549786359386E-002
  3.288200228140684E-002  1.593401093642550E-002
  3.321247189839698E-002  1.609411607755811E-002
  3.354626279025410E-002  1.625582925664974E-002
  3.388340833634556E-002  1.641916660291553E-002
  3.422394225150692E-002  1.658414440670256E-002
  3.456789858941348E-002  1.675077912107983E-002
  3.491531174598565E-002  1.691908736344319E-002
  3.526621646282862E-002  1.708908591713551E-002
  3.562064783070648E-002  1.726079173308221E-002
  3.597864129305139E-002  1.743422193144223E-002
  3.634023264950790E-002  1.760939380327453E-002
  3.670545805951299E-002  1.778632481222038E-002
  3.707435404591201E-002  1.796503259620147E-002
  3.744695749861103E-002  1.814553496913383E-002
  3.782330567826581E-002  1.832784992265808E-002
  3.820343622000794E-002  1.851199562788570E-002
  3.858738713720837E-002  1.869799043716172E-002
  3.897519682527879E-002  1.888585288584386E-002
  3.936690406551117E-002  1.907560169409825E-002
  3.976254802895596E-002  1.926725576871192E-002
  4.016216828033922E-002  1.946083420492206E-002
  4.056580478201910E-002  1.965635628826233E-002
  4.097349789798213E-002  1.985384149642625E-002
  4.138528839787965E-002  2.005330950114779E-002
  4.180121746110482E-002  2.025478017009940E-002
  4.222132668091057E-002  2.045827356880740E-002
  4.264565806856896E-002  2.066380996258514E-002
  4.307425405757237E-002  2.087140981848378E-002
  4.350715750787687E-002  2.108109380726101E-002
  4.394441171018824E-002  2.129288280536768E-002
  4.438606039029110E-002  2.150679789695274E-002
  4.483214771342150E-002  2.172286037588614E-002
  4.528271828868348E-002  2.194109174780041E-002
  4.573781717351005E-002  2.216151373215053E-002
  4.619748987816896E-002  2.238414826429249E-002
  4.666178237031371E-002  2.260901749758061E-002
  4.713074107958044E-002  2.283614380548375E-002
  4.760441290223089E-002  2.306554978372045E-002
  4.808284520584203E-002  2.329725825241322E-002
  4.856608583404293E-002  2.353129225826211E-002
  4.905418311129910E-002  2.376767507673758E-002
  4.954718584774503E-002  2.400643021429283E-002
  5.004514334406519E-002  2.424758141059581E-002
  5.054810539642417E-002  2.449115264078085E-002
  5.105612230144637E-002  2.473716811772018E-002
  5.156924486124562E-002  2.498565229431534E-002
  5.208752438850550E-002  2.523662986580869E-002
  5.261101271161066E-002  2.549012577211502E-002
  5.313976217982963E-002  2.574616520017354E-002
  5.367382566854987E-002  2.600477358632013E-002
  5.421325658456530E-002  2.626597661868012E-002
  5.475810887141705E-002  2.652980023958175E-002
  5.530843701478785E-002  2.679627064799013E-002
  5.586429604795065E-002  2.706541430196222E-002
  5.642574155727198E-002  2.733725792112251E-002
  5.699282968777064E-002  2.761182848915979E-002
  5.756561714873226E-002  2.788915325634496E-002
  5.814416121938026E-002  2.816925974207002E-002
  5.872851975460383E-002  2.845217573740833E-002
  5.931875119074346E-002  2.873792930769614E-002
  5.991491455143462E-002  2.902654879513564E-002
  6.051706945351018E-002  2.931806282141942E-002
  6.112527611296215E-002  2.961250029037656E-002
  6.173959535096332E-002  2.990989039064033E-002
  6.236008859994942E-002  3.021026259833761E-002
  6.298681790976243E-002  3.051364667980010E-002
  6.361984595385561E-002  3.082007269429731E-002
  6.425923603556088E-002  3.112957099679153E-002
  6.490505209441925E-002  3.144217224071463E-002
  6.555735871257479E-002  3.175790738076693E-002
  6.621622112123289E-002  3.207680767573805E-002
  6.688170520718349E-002  3.239890469134983E-002
  6.755387751938975E-002  3.272423030312139E-002
  6.823280527564303E-002  3.305281669925619E-002
  6.891855636928473E-002  3.338469638355137E-002
  6.961119937599569E-002  3.371990217832913E-002
  7.031080356065378E-002  3.405846722739036E-002
  7.101743888426046E-002  3.440042499899035E-002
  7.173117601093697E-002  3.474580928883669E-002
  7.245208631499074E-002  3.509465422310932E-002
  7.318024188805296E-002  3.544699426150273E-002
  7.391571554628772E-002  3.580286420029016E-002
  7.465858083767374E-002  3.616229917540997E-002
  7.540891204935922E-002  3.652533466557393E-002
  7.616678421509060E-002  3.689200649539760E-002
  7.693227312271603E-002  3.726235083855251E-002
  7.770545532176416E-002  3.763640422094016E-002
  7.848640813109924E-002  3.801420352388789E-002
  7.927520964665298E-002  3.839578598736637E-002
  8.007193874923428E-002  3.878118921322853E-002
  8.087667511241735E-002  3.917045116847025E-002
  8.168949921050911E-002  3.956361018851200E-002
  8.251049232659673E-002  3.996070498050209E-002
  8.333973656067598E-002  4.036177462664065E-002
  8.417731483786131E-002  4.076685858752473E-002
  8.502331091667843E-002  4.117599670551407E-002
  8.587780939744021E-002  4.158922920811741E-002
  8.674089573070681E-002  4.200659671139922E-002
  8.761265622583081E-002  4.242814022340649E-002
  8.849317805958817E-002  4.285390114761559E-002
  8.938254928489606E-002  4.328392128639875E-002
  9.028085883961814E-002  4.371824284450992E-002
  9.118819655545848E-002  4.415690843258988E-002
  9.210465316694479E-002  4.459996107069029E-002
  9.303032032050192E-002  4.504744419181610E-002
  9.396529058361662E-002  4.549940164548649E-002
  9.490965745409435E-002  4.595587770131349E-002
  9.586351536940915E-002  4.641691705259830E-002
  9.682695971614742E-002  4.688256481994471E-002
  9.780008683954670E-002  4.735286655488936E-002
  9.878299405313028E-002  4.782786824354824E-002
  9.977577964843860E-002  4.830761631027927E-002
  0.100778542904859       4.879215762136006E-002
  0.101791384099551       4.928153948868091E-002
  0.102814404517481       4.977580967345210E-002
  0.103847706461540       5.027501638992497E-002
  0.104891393262787       5.077920830912658E-002
  0.105945569290769       5.128843456260689E-002
  0.107010339963968       5.180274474619819E-002
  0.108085811760340       5.232218892378591E-002
  0.109172092227959       5.284681763109028E-002
  0.110269289995778       5.337668187945808E-002
  0.111377514784488       5.391183315966361E-002
  0.112496877417492       5.445232344571845E-002
  0.113627489831985       5.499820519868872E-002
  0.114769465090151       5.554953137051945E-002
  0.115922917390468       5.610635540786496E-002
  0.117087962079126       5.666873125592421E-002
  0.118264715661566       5.723671336228058E-002
  0.119453295814126       5.781035668074461E-002
  0.120653821395813       5.838971667519898E-002
  0.121866412460184       5.897484932344455E-002
  0.123091190267357       5.956581112104634E-002
  0.124328277296133       6.016265908517830E-002
  0.125577797256246       6.076545075846560E-002
  0.126839875100733       6.137424421282335E-002
  0.128114637038430       6.198909805329023E-002
  0.129402210546594       6.261007142185578E-002
  0.130702724383648       6.323722400127992E-002
  0.132016308602060       6.387061601890330E-002
  0.133343094561345       6.451030825044680E-002
  0.134683214941207       6.515636202379875E-002
  0.136036803754799       6.580883922278818E-002
  0.137403996362131       6.646780229094232E-002
  0.138784929483603       6.713331423522680E-002
  0.140179741213677       6.780543862976639E-002
  0.141588571034690       6.848423961954474E-002
  0.143011559830797       6.916978192408085E-002
  0.144448849902064       6.986213084108053E-002
  0.145900584978696       7.056135225006029E-002
  0.147366910235410       7.126751261594200E-002
  0.148847972305953       7.198067899261580E-002
  0.150343919297768       7.270091902646869E-002
  0.151854900806799       7.342830095987683E-002
  0.153381067932457       7.416289363465865E-002
  0.154922573292726       7.490476649548632E-002
  0.156479571039428       7.565398959325297E-002
  0.158052216873633       7.641063358839255E-002
  0.159640668061236       7.717476975414991E-002
  0.161245083448679       7.794646997979758E-002
  0.162865623478839       7.872580677379662E-002
  0.164502450207069       7.951285326689812E-002
  0.166155727317405       8.030768321518193E-002
  0.167825620138936       8.111037100302942E-002
  0.169512295662337       8.192099164602676E-002
  0.171215922556564       8.273962079379465E-002
  0.172936671185727       8.356633473274121E-002
  0.174674713626124       8.440121038873401E-002
  0.176430223683446       8.524432532968682E-002
  0.178203376910161       8.609575776805742E-002
  0.179994350623071       8.695558656325178E-002
  0.181803323921040       8.782389122393049E-002
  0.183630477702903       8.870075191021230E-002
  0.185475994685563       8.958624943577090E-002
  0.187340059422255       9.048046526981880E-002
  0.189222858321007       9.138348153897449E-002
  0.191124579663277       9.229538102900676E-002
  0.193045413622784       9.321624718645119E-002
  0.194985552284525       9.414616412009304E-002
  0.196945189663983       9.508521660231091E-002
  0.198924521726530       9.603349007027512E-002
  0.200923746407019       9.699107062699468E-002
  0.202943063629587       9.795804504220658E-002
  0.204982675327637       9.893450075310073E-002
  0.207042785464040       9.992052586487385E-002
  0.209123600051525       0.100916209151106     
  0.211225327173285       0.101921640053949     
  0.213348177003785       0.102936908684129     
  0.215492361829776       0.103962105820739     
  0.217658096071527       0.104997322910835     
  0.219845596304268       0.106042652068801     
  0.222055081279844       0.107098186075506     
  0.224286771948595       0.108164018377214     
  0.226540891481447       0.109240243084262     
  0.228817665292232       0.110326954969475     
  0.231117321060228       0.111424249466332     
  0.233440088752929       0.112532222666856     
  0.235786200649039       0.113650971319219     
  0.238155891361703       0.114780592825066     
  0.240549397861967       0.115921185236523     
  0.242966959502475       0.117072847252909     
  0.245408818041408       0.118235678217106     
  0.247875217666652       0.119409778111610     
  0.250366405020226       0.120595247554218     
  0.252882629222942       0.121792187793365     
  0.255424141899316       0.123000700703085     
  0.257991197202735       0.124220888777583     
  0.260584051840867       0.125452855125408     
  0.263202965101337       0.126696703463213     
  0.265848198877654       0.127952538109084     
  0.268520017695399       0.129220463975430     
  0.271218688738682       0.130500586561405     
  0.273944481876854       0.131793011944868     
  0.276697669691503       0.133097846773842     
  0.279478527503702       0.134415198257469     
  0.282287333401552       0.135745174156441     
  0.285124368267981       0.137087882772891     
  0.287989915808842       0.138443432939714     
  0.290884262581277       0.139811934009319     
  0.293807698022374       0.141193495841775     
  0.296760514478113       0.142588228792345     
  0.299743007232602       0.143996243698373     
  0.302755474537600       0.145417651865517     
  0.305798217642350       0.146852565053299     
  0.308871540823696       0.148301095459944     
  0.311975751416519       0.149763355706507     
  0.315111159844464       0.151239458820231     
  0.318278079650987       0.152729518217146     
  0.321476827530707       0.154233647683856     
  0.324707723361079       0.155751961358507     
  0.327971090234378       0.157284573710907     
  0.331267254490010       0.158831599521751     
  0.334596545747148       0.160393153860957     
  0.337959296937692       0.161969352065059     
  0.341355844339564       0.163560309713626     
  0.344786527610334       0.165166142604705     
  0.348251689821188       0.166786966729213     
  0.351751677491235       0.168422898244291     
  0.355286840622158       0.170074053445556     
  0.358857532733217       0.171740548738223     
  0.362464110896598       0.173422500607079     
  0.366106935773123       0.175120025585245     
  0.369786371648316       0.176833240221717     
  0.373502786468830       0.178562261047631     
  0.377256551879244       0.180307204541216     
  0.381048043259227       0.182068187091398     
  0.384877639761078       0.183845324960013     
  0.388745724347637       0.185638734242589     
  0.392652683830586       0.187448530827649     
  0.396598908909131       0.189274830354489     
  0.400584794209066       0.191117748169397     
  0.404610738322244       0.192977399280251     
  0.408677143846431       0.194853898309461     
  0.412784417425568       0.196747359445193     
  0.416932969790436       0.198657896390835     
  0.421123215799729       0.200585622312646     
  0.425355574481538       0.202530649785541     
  0.429630469075260       0.204493090736943     
  0.433948327073916       0.206473056388666     
  0.438309580266904       0.208470657196756     
  0.442714664783177       0.210486002789226     
  0.447164021134860       0.212519201901652     
  0.451658094261293       0.214570362310525     
  0.456197333573536       0.216639590764335     
  0.460782192999302       0.218726992912295     
  0.465413131028355       0.220832673230642     
  0.470090610758355       0.222956734946462     
  0.474815099941175       0.225099279958939     
  0.479587071029670       0.227260408757983     
  0.484407001224925       0.229440220340140     
  0.489275372523976       0.231638812121723     
  0.494192671768011       0.233856279849075     
  0.499159390691051       0.236092717505886     
  0.504176025969127       0.238348217217485     
  0.509243079269949       0.240622869152016     
  0.514361057303068       0.242916761418407     
  0.519530471870553       0.245229979961064     
  0.524751839918169       0.247562608451166     
  0.530025683587071       0.249914728174498     
  0.535352530266021       0.252286417915698     
  0.540732912644127       0.254677753838851     
  0.546167368764109       0.257088809364296     
  0.551656442076109       0.259519655041563     
  0.557200681492031       0.261970358418335     
  0.562800641440438       0.264440983905315     
  0.568456881921992       0.266931592636895     
  0.574169968565453       0.269442242327512     
  0.579940472684247       0.271972987123579     
  0.585768971333595       0.274523877450862     
  0.591656047368219       0.277094959857195     
  0.597602289500628       0.279686276850400     
  0.603608292359990       0.282297866731289     
  0.609674656551598       0.284929763421616     
  0.615801988716924       0.287581996286861     
  0.621990901594292       0.290254589953685     
  0.628242014080147       0.292947564121950     
  0.634555951290946       0.295660933371139     
  0.640933344625674       0.298394706961052     
  0.647374831828976       0.301148888626624     
  0.653881057054943       0.303923476366730     
  0.660452670931517       0.306718462226800     
  0.667090330625564       0.309533832075138     
  0.673794699908584       0.312369565372756     
  0.680566449223092       0.315225634936577     
  0.687406255749663       0.318102006695859     
  0.694314803474649       0.320998639441680     
  0.701292783258581       0.323915484569333     
  0.708340892905250       0.326852485813428     
  0.715459837231497       0.329809578975635     
  0.722650328137685       0.332786691644794     
  0.729913084678898       0.335783742909329     
  0.737248833136841       0.338800643061759     
  0.744658307092474       0.341837293295159     
  0.752142247499367       0.344893585391429     
  0.759701402757797       0.347969401401211     
  0.767336528789590       0.351064613315315     
  0.775048389113711       0.354179082727510     
  0.782837754922619       0.357312660488545     
  0.790705405159386       0.360465186351286     
  0.798652126595593       0.363636488606836     
  0.806678713910004       0.366826383711541     
  0.814785969768042       0.370034675904785     
  0.822974704902046       0.373261156817502     
  0.831245738192356       0.376505605071330     
  0.839599896749192       0.379767785868359     
  0.848038015995371       0.383047450571478     
  0.856560939749851       0.386344336275294     
  0.865169520312109       0.389658165367654     
  0.873864618547375       0.392988645081842     
  0.882647103972719       0.396335467039543     
  0.891517854844001       0.399698306784699     
  0.900477758243703       0.403076823308429     
  0.909527710169629       0.406470658565278     
  0.918668615624514       0.409879436980992     
  0.927901388706522       0.413302764952262     
  0.937226952700654       0.416740230338757     
  0.946646240171081       0.420191401947949     
  0.956160193054400       0.423655829013329     
  0.965769762753827       0.427133040666580     
  0.975475910234340       0.430622545404552     
  0.985279606118776       0.434123830551783     
  0.995181830784893       0.437636361719622     
   1.00518357446341       0.441159582262998     
   1.01528583733703       0.444692912736093     
   1.02548962964045       0.448235750348273     
   1.03579597176142       0.451787468421850     
   1.04620589434273       0.455347415853398     
   1.05672043838532       0.458914916580478     
   1.06734065535235       0.462489269055974     
   1.07806760727436       0.466069745732284     
   1.08890236685550       0.469655592557948     
   1.09984601758074       0.473246028489578     
   1.11089965382429       0.476840245022035     
   1.12206438095896       0.480437405740355     
   1.13334131546680       0.484036645896827     
   1.14473158505063       0.487637072017422     
   1.15623632874691       0.491237761541539     
   1.16785669703960       0.494837762499825     
   1.17959385197521       0.498436093234833     
   1.19144896727902       0.502031742169750     
   1.20342322847244       0.505623667630769     
   1.21551783299155       0.509210797728860     
   1.22773399030690       0.512792030307232     
   1.24007292204440       0.516366232960783     
   1.25253586210750       0.519932243134380     
   1.26512405680059       0.523488868306817     
   1.27783876495364       0.527034886267552     
   1.29068125804805       0.530569045493516     
   1.30365282034384       0.534090065633105     
   1.31675474900804       0.537596638104626     
   1.32998835424444       0.541087426816155     
   1.34335495942459       0.544561069013417     
   1.35685590122016       0.548016176261921     
   1.37049252973656       0.551451335568732     
   1.38426620864802       0.554865110648426     
   1.39817831533390       0.558256043336627     
   1.41223024101646       0.561622655152880     
   1.42642339089999       0.564963449012889     
   1.44075918431130       0.568276911087771     
   1.45523905484168       0.571561512805434     
   1.46986445049025       0.574815712985827     
   1.48463683380875       0.578037960098117     
   1.49955768204784       0.581226694623494     
   1.51462848730477       0.584380351502092     
   1.52985075667262       0.587497362637060     
   1.54522601239102       0.590576159421870     
   1.56075579199835       0.593615175249766     
   1.57644164848552       0.596612847956015     
   1.59228515045124       0.599567622134340     
   1.60828788225892       0.602477951259012     
   1.62445144419506       0.605342299532916     
   1.64077745262934       0.608159143370293     
   1.65726754017620       0.610926972410251     
   1.67392335585814       0.613644289943865     
   1.69074656527060       0.616309612623974     
   1.70773885074856       0.618921469313174     
   1.72490191153470       0.621478398911382     
   1.74223746394943       0.623978946991356     
   1.75974724156242       0.626421661058577     
   1.77743299536602       0.628805084241167     
   1.79529649395037       0.631127747208341     
   1.81333952368019       0.633388158111296     
   1.83156388887350       0.635584790341490     
   1.84997141198201       0.637716067907850     
   1.86856393377336       0.639780348249372     
   1.88734331351523       0.641775902323765     
   1.90631142916125       0.643700891848853     
   1.92547017753878       0.645553343623830     
   1.94482147453862       0.647331120923994     
   1.96436725530661       0.649031892048843     
   1.98410947443711       0.650653096211480     
   2.00405010616849       0.652191907090532     
   2.02419114458053       0.653645194526372     
   2.04453460379385       0.655009485034090     
   2.06508251817134       0.656280922027665     
   2.08583694252156       0.657455226904374     
   2.10679995230423       0.658527662424255     
   2.12797364383781       0.659493000134034     
   2.14936013450908       0.660345493922553     
   2.17096156298495       0.661078862145790     
   2.19278008942625       0.661686281109959     
   2.21481789570382       0.662160393029595     
   2.23707718561665       0.662493331855388     
   2.25956018511228       0.662676770554231     
   2.28226914250939       0.662701993469534     
   2.30520632872265       0.662559997225419     
   2.32837403748980       0.662241623177211     
   2.35177458560101       0.661737723542813     
   2.37541031313060       0.661039361937856     
   2.39928358367102       0.660138046912969     
   2.42339678456921       0.659025994047347     
   2.44775232716537       0.657696407939999     
   2.47235264703404       0.656143769760739     
   2.49720020422772       0.654364108526441     
   2.52229748352282       0.652355224544392     
   2.54764699466820       0.650116821043169     
   2.57325127263610       0.647650484357789     
   2.59911287787564       0.644959433554493     
   2.62523439656890       0.642047936420338     
   2.65161844088952       0.638920588960347     
   2.67826764926392       0.635582317469946     
   2.70518468663515       0.632037812546182     
   2.73237224472936       0.628292012103661     
   2.75983304232504       0.624349956610220     
   2.78756982552481       0.620216746251771     
   2.81558536803012       0.615897556792025     
   2.84388247141856       0.611397636010638     
   2.87246396542406       0.606722298861809     
   2.90133270821982       0.601876922667730     
   2.93049158670419       0.596866942230650     
   2.95994351678932       0.591697844853519     
   2.98969144369275       0.586375165266200     
   3.01973834223197       0.580904480453660     
   3.05008721712187       0.575291404385654     
   3.08074110327523       0.569541582647113     
   3.11170306610621       0.563660686972003     
   3.14297620183689       0.557654409683405     
   3.17456363780692       0.551528458046192     
   3.20646853278620       0.545288548539161     
   3.23869407729083       0.538940401057172     
   3.27124349390210       0.532489733054156     
   3.30412003758882       0.525942253641712     
   3.33732699603273       0.519303657658484     
   3.37086768995737       0.512579619728785     
   3.40474547346006       0.505775788329222     
   3.43896373434740       0.498897779885272     
   3.47352589447398       0.491951172904774     
   3.50843541008463       0.484941502244656     
   3.54369577215999       0.477874253392690     
   3.57931050676566       0.470754856928727     
   3.61528317540477       0.463588683121193     
   3.65161737537417       0.456381036697398     
   3.68831674012413       0.449137151810730     
   3.72538493962172       0.441862187228325     
   3.76282568071776       0.434561221759978     
   3.80064270751757       0.427239249948932     
   3.83883980175534       0.419901178041779     
   3.87742078317234       0.412551820253959     
   3.91638950989885       0.405195895343538     
   3.95574987884001       0.397838023504716     
   3.99550582606553       0.390482723588393     
   4.03566132720326       0.383134410655651     
   4.07622039783677       0.375797393865752     
   4.11718709390692       0.368475874698507     
   4.15856551211746       0.361173945506760     
   4.20035979034470       0.353895588393494     
   4.24257410805129       0.346644674402399     
   4.28521268670417       0.339424963011615     
   4.32827979019674       0.332240101917556     
   4.37177972527525       0.325093627083692     
   4.41571684196944       0.317988963048446     
   4.46009553402761       0.310929423459990     
   4.50492023935594       0.303918211818733     
   4.55019544046231       0.296958422407970     
   4.59592566490458       0.290053041377947     
   4.64211548574328       0.283204947965171     
   4.68876952199901       0.276416915817079     
   4.73589243911425       0.269691614396181     
   4.78348894942000       0.263031610436385     
   4.83156381260694       0.256439369426067     
   4.88012183620146       0.249917257092025     
   4.92916787604638       0.243467540861053     
   4.97870683678656       0.237092391276055     
   5.02874367235935       0.230793883346807     
   5.07928338649002       0.224573997816828     
   5.13033103319208       0.218434622330707     
   5.18189171727275       0.212377552488760     
   5.23397059484341       0.206404492779430     
   5.28657287383521       0.200517057381752     
   5.33970381451988       0.194716770835148     
   5.39336873003577       0.189005068575180     
   5.44757298691916       0.183383297338803     
   5.50232200564090       0.177852715444376     
   5.55762126114848       0.172414492956035     
   5.61347628341355       0.167069711743487     
   5.66989265798487       0.161819365452218     
   5.72687602654691       0.156664359399783     
   5.78443208748403       0.151605510417126     
   5.84256659645026       0.146643546655345     
   5.90128536694497       0.141779107376006     
   5.96059427089412       0.137012742751017     
   6.02049923923754       0.132344913690108     
   6.08100626252198       0.127775991718688     
   6.14212139150020       0.123306258928723     
   6.20385073773602       0.118935908019433     
   6.26620047421550       0.114665042449605     
   6.32917683596426       0.110493676717313     
   6.39278612067095       0.106421736783213     
   6.45703468931704       0.102449060650293     
   6.52192896681295       9.857539911202415E-002
   6.58747544264049       9.480041667742727E-002
   6.65368067150188       9.112369268044482E-002
   6.72055127397517       8.754472257758575E-002
   6.78809393717634       8.406291943663674E-002
   6.85631541542799       8.067761561597032E-002
   6.92522253093480       7.738806463293846E-002
   6.99482217446574       7.419344321683818E-002
   7.06512130604316       7.109285354113283E-002
   7.13612695563881       6.808532562695982E-002
   7.20784622387682       6.516981990945575E-002
   7.28028628274377       6.234522995617264E-002
   7.35345437630592       5.961038532668832E-002
   7.42735782143360       5.696405456066794E-002
   7.50200400853291       5.440494828178899E-002
   7.57740040228476       5.193172240349213E-002
   7.65355454239136       4.954298142298091E-002
   7.73047404433019       4.723728178880308E-002
   7.80816660011553       4.501313532807583E-002
   7.88663997906771       4.286901271864307E-002
   7.96590202859002       4.080334699240021E-002
   8.04596067495346       3.881453705552019E-002
   8.12682392408939       3.690095121242492E-002
   8.20849986239010       3.506093068006925E-002
   8.29099665751749       3.329279308032859E-002
   8.37432255921982       3.159483589818080E-002
   8.45848590015670       2.996533989466683E-002
   8.54349509673235       2.840257246364567E-002
   8.62935864993728       2.690479092268488E-002
   8.71608514619836       2.547024572855190E-002
   8.80368325823749       2.409718360909613E-002
   8.89216174593887       2.278385060349592E-002
   8.98152945722500       2.152849500414207E-002
   9.07179532894149       2.032937019364752E-002
   9.16296838775072       1.918473737172046E-002
   9.25505775103457       1.809286816687152E-002
   9.34807262780609       1.705204712910470E-002
   9.44202231963048       1.606057409997616E-002
   9.53691622155521       1.511676645750339E-002
   9.63276382304955       1.421896123362957E-002
   9.72957470895352       1.336551710296009E-002
   9.82735856043640       1.255481624168703E-002
   9.92612515596481       1.178526605654147E-002
   10.0258843722806       1.105530078378062E-002
   10.1266461853886       1.036338295905177E-002
   10.2284206715540       9.708004759107224E-003
   10.3312180083103       9.087689217089094E-003
   10.4350484754768       8.500991313199341E-003
   10.5399224561867       7.946498943225718E-003
   10.6458504379255       7.422833767454980E-003
   10.7528430135798       6.928651943073284E-003
   10.8609108824961       6.462644743179100E-003
   10.9700648515514       6.023539066019783E-003
   11.0803158362337       5.610097838054298E-003
   11.1916748617332       5.221120314852063E-003
   11.3041530640453       4.855442283797488E-003
   11.4177616910839       4.511936172903549E-003
   11.5325121038065       4.189511069968089E-003
   11.6484157773500       3.887112656572315E-003
   11.7654843021782       3.603723061324190E-003
   11.8837293852412       3.338360636953283E-003
   12.0031628511459       3.090079665742475E-003
   12.1237966433384       2.857969997929513E-003
   12.2456428252985       2.641156627568977E-003
   12.3687135817458       2.438799210442430E-003
   12.4930212198585       2.250091528443551E-003
   12.6185781705042       2.074260904917993E-003
   12.7453969894824       1.910567575261072E-003
   12.8734903587807       1.758304017090638E-003
   13.0028710878429       1.616794244123429E-003
   13.1335521148496       1.485393067863937E-003
   13.2655465080125       1.363485331016693E-003
   13.3988674668808       1.250485116484904E-003
   13.5335283236616       1.145834935614396E-003
   13.6695425445527       1.049004899270011E-003
   13.8069237310896       9.594918751244539E-004
   13.9456856215054       8.768186344487727E-004
   14.0858420921048       8.005329914858497E-004
   14.2274071586517       7.302069383828432E-004
   14.3703949777706       6.654357784525864E-004
   14.5148198483627       6.058372604177806E-004
   14.6606962130353       5.510507160901600E-004
   14.8080386595466       5.007362038135132E-004
   14.9568619222638       4.545736598040481E-004
   15.1071808836374       4.122620593946752E-004
   15.2590105756887       3.735185900022438E-004
   15.4123661815135       3.380778375093721E-004
   15.5672630368000       3.056909875743396E-004
   15.7237166313631       2.761250432571994E-004
   15.8817426106924       2.491620601828701E-004
   16.0413567775176       2.245984003409204E-004
   16.2025750933884       2.022440054662272E-004
   16.3654136802707       1.819216908297976E-004
   16.5298888221590       1.634664601262581E-004
   16.6960169667044       1.467248420369925E-004
   16.8638147268599       1.315542489179577E-004
   17.0332988825413       1.178223579719876E-004
   17.2044863823054       1.054065151135310E-004
   17.3773943450448       9.419316171517922E-005
   17.5520400617000       8.407728425280030E-005
   17.7284409969881       7.496188681713278E-005
   17.9066147911497       6.675748638532977E-005
   18.0865792617125       5.938163063113266E-005
   18.2683524052738       5.275843802921683E-005
   18.4519523992993       4.681815993104571E-005
   18.6373976039413       4.149676422692721E-005
   18.8247065638750       3.673554016388881E-005
   19.0138980101524       3.248072383573962E-005
   19.2049908620758       2.868314382835153E-005
   19.3980042290895       2.529788646307785E-005
   19.5929574126913       2.228398005354173E-005
   19.7898699083618       1.960409756494935E-005
   19.9887614075148       1.722427704441266E-005
   20.1896517994659       1.511365917305381E-005
   20.3925611734217       1.324424128047031E-005
   20.5975098204887       1.159064715190039E-005
   20.8045182357024       1.012991195538533E-005
   21.0136071200768       8.841281613430928E-006
   21.2247973826747       7.706025946862669E-006
   21.4381101426982       6.707264922152437E-006
   21.6535667316011       5.829807341981969E-006
   21.8711886952218       5.060001327720545E-006
   22.0909977959382       4.385595955345378E-006
   22.3130160148434       3.795613419556968E-006
   22.5372655539442       3.280231117156344E-006
   22.7637688383816       2.830673057324240E-006
   22.9925485186728       2.439110025364843E-006
   23.2236274729763       2.098567945509008E-006
   23.4570288093801       1.802843909108572E-006
   23.6927758682126       1.546429355235258E-006
   23.9308922243758       1.324439912530153E-006
   24.1714016897040       1.132551432760640E-006
   24.4143283153441       9.669417688352352E-007
   24.6596963941610       8.242378719401683E-007
   24.9075304631672       7.014678046699442E-007
   25.1578553059760       5.960172887097987E-007
   25.4106959552804       5.055904272946166E-007
   25.6660776953560       4.281742636924860E-007
   25.9240260645895       3.620068577177791E-007
   26.1845668580330       3.055485822978184E-007
   26.4477261299828       2.574563616808172E-007
   26.7135301965854       2.165605916313016E-007
   26.9820056384691       1.818445001259195E-007
   27.2531793034017       1.524257243829548E-007
   27.5270783089756       1.275398966967057E-007
   27.8037300453198       1.065260473228788E-007
   28.0831621778384       8.881364770160626E-008
   28.3654026499774       7.391113148769312E-008
   28.6504796860194       6.139574428644707E-008
   28.9384217939055       5.090458558887173E-008
   29.2292577680863       4.212671824749549E-008
   29.5230166924018       3.479623188766015E-008
   29.8197279429891       2.868615698129354E-008
   30.1194211912206       2.360313589948989E-008
   30.4221264066708       1.938276616979308E-008
   30.7278738601135       1.588553938998427E-008
   31.0366941265489       1.299330684837603E-008
   31.3486180882609       1.060620987939866E-008
   31.6636769379057       8.640019392746469E-009
   31.9819021816308       7.023834870855467E-009
   32.3033256422257       5.698098478107257E-009
   32.6279794623044       4.612884787033334E-009
   32.9558961075193       3.726431042499933E-009
   33.2871083698084       3.003876877909401E-009
   33.6216493706737       2.416186004201857E-009
   33.9595525644943       1.939225637013402E-009
   34.3008517418711       1.552982342061351E-009
   34.6455810330062       1.240895587165880E-009
   34.9937749111159       9.892926197479253E-010
   35.3454681958784       7.869103631575306E-010
   35.7006960569151       6.244918685965221E-010
   36.0594940173082       4.944464916960921E-010
   36.4218979571527       3.905644053705255E-010
   36.7879441171446       3.077773311170559E-010
   37.1576691022050       2.419584876583305E-010
   37.5311098851404       1.897557341040615E-010
   37.9083038103403       1.484527399242846E-010
   38.2892885975116       1.158537590623962E-010
   38.6741023454505       9.018823314720742E-011
   39.0627835358525       7.003200992840856E-011
   39.4553710371605       5.424244813600051E-011
   39.8519041084518       4.190509794584359E-011
   40.2524224033640       3.229000550442240E-011
   40.6569659740603       2.481599780585959E-011
   41.0655752752350       1.902156730759598E-011
   41.4782911681585       1.454119982075361E-011
   41.8951549247643       1.108617967604561E-011
   42.3162082317753       8.429067503773215E-012
   42.7414931948731       6.391182259639182E-012
   43.1710523429084       4.832533904900030E-012
   43.6049286321540       3.643749537032621E-012
   44.0431654506003       2.739616458016591E-012
   44.4858066222945       2.053933024912818E-012
   44.9328964117226       1.535414177456351E-012
   45.3844795282360       1.144445041962299E-012
   45.8406011305228       8.505144729037402E-013
   46.3013068311232       6.301921090678019E-013
   46.7666427009913       4.655385896987222E-013
   47.2366552741019       3.428599377291069E-013
   47.7113915521038       2.517345651651705E-013
   48.1908990090206       1.842555627002014E-013
   48.6752255959976       1.344424657463913E-013
   49.1644197460969       9.778601703344955E-014
   49.6585303791413       7.089696725442887E-014
   50.1576069066059       5.123600026143411E-014
   50.6616992365594       3.690671144947781E-014
   51.1708577786546       2.649743380712111E-014
   51.6851334491703       1.896078196951478E-014
   52.2045776761020       1.352222370607076E-014
   52.7292424043052       9.610915734458295E-015
   53.2591801006901       6.807558692482443E-015
   53.7944437594678       4.805217325656870E-015
   54.3350869074504       3.379983525944602E-015
   54.8811636094030       2.369085779490509E-015
   55.4327284734511       1.654612242224880E-015
   55.9898366565406       1.151450743126236E-015
   56.5525438699541       7.983851734005476E-016
   57.1209063848819       5.515458959909004E-016
   57.6949810380490       3.796093642837566E-016
   58.2748252373993       2.602927390838425E-016
   58.8604969678359       1.778036684449764E-016
   59.4520547970198       1.209919277252670E-016
   60.0495578812270       8.201483510110189E-017
   60.6530659712637       5.537732029392425E-017
   61.2626394184420       3.724414003865983E-017
   61.8783391806144       2.494900816129438E-017
   62.5002268282704       1.664564372327343E-017
   63.1283645506930       1.106069369494242E-017
   63.7628151621777       7.319491477364343E-018
   64.4036421083145       4.823678622349385E-018
   65.0509094723320       3.165604800929114E-018
   65.7046819815060       2.068700824206889E-018
   66.3650250136323       1.346117429079808E-018
   67.0320046035642       8.721554580298464E-019
   67.7056874498168       5.626156390176963E-019
   68.3861409212359       3.613413820526524E-019
   69.0734330637358       2.310428242835108E-019
   69.7676326071034       1.470675448607602E-019
   70.4688089718716       9.319042202333382E-020
   71.1770322762612       5.878088334421564E-020
   71.8923733431929       3.690553081986644E-020
   72.6149037073694       2.306307731776282E-020
   73.3446956224292       1.434475857003651E-020
   74.0818220681720       8.879713729958486E-021
   74.8263567578568       5.470333038997787E-021
   75.5783741455728       3.353642772374785E-021
   76.3379494336856       2.045912297417915E-021
   77.1051585803569       1.241947263686060E-021
   77.8800783071407       7.501425036400650E-022
   78.6627861066556       4.508034304826919E-022
   79.4533602503336       2.695327916118961E-022
   80.2518797962481       1.603226554412781E-022
   81.0584245970189       9.486692010576559E-023
   81.8730753077984       5.584044064317536E-023
   82.6959133943364       3.269447061482977E-023
   83.5270211411274       1.904006009522619E-023
   84.3664816596386       1.102827873365635E-023
   85.2143788966213       6.352859288892317E-024
   86.0707976425060       3.639395665673344E-024
   86.9358235398808       2.073309251213574E-024
   87.8095430920563       1.174491003629442E-024
   88.6920436717159       6.615488054563243E-025
   89.5834135296530       3.704898146982654E-025
   90.4837418035961       2.062852644417617E-025
   91.3931185271229       1.141859497871790E-025
   92.3116346386637       6.283260357742796E-026
   93.2393819905949       3.436832294758653E-026
   94.1764533584250       1.868541892444292E-026
   95.1229424500715       1.009767201841422E-026
   96.0789439152324       5.421902774616810E-027
   97.0445533548509       2.890919876198651E-027
   98.0198673306756       1.532864202796026E-027
   99.0049833749169       8.068195767698974E-028
   100.000000000000       4.235305524030694E-028
