  -4.00000000000000        1.81478610523010     
  -3.99000000022352        1.81230571723857     
  -3.98000000044703        1.80982228210889     
  -3.97000000067055        1.80733577672818     
  -3.96000000089407        1.80484619495773     
  -3.95000000111759        1.80235352386474     
  -3.94000000134110        1.79985775240979     
  -3.93000000156462        1.79735886899557     
  -3.92000000178814        1.79485686194922     
  -3.91000000201166        1.79235171952235     
  -3.90000000223517        1.78984342989751     
  -3.89000000245869        1.78733198117859     
  -3.88000000268221        1.78481736139749     
  -3.87000000290573        1.78229955850442     
  -3.86000000312924        1.77977856037896     
  -3.85000000335276        1.77725435482299     
  -3.84000000357628        1.77472692955565     
  -3.83000000379980        1.77219627222023     
  -3.82000000402331        1.76966237038185     
  -3.81000000424683        1.76712521152251     
  -3.80000000447035        1.76458478304606     
  -3.79000000469387        1.76204107227262     
  -3.78000000491738        1.75949406644142     
  -3.77000000514090        1.75694375270729     
  -3.76000000536442        1.75439011814161     
  -3.75000000558794        1.75183314973131     
  -3.74000000581145        1.74927283437728     
  -3.73000000603497        1.74670915889554     
  -3.72000000625849        1.74414211001286     
  -3.71000000648201        1.74157167436967     
  -3.70000000670552        1.73899783851766     
  -3.69000000692904        1.73642058891765     
  -3.68000000715256        1.73383991194132     
  -3.67000000737607        1.73125579386892     
  -3.66000000759959        1.72866822088819     
  -3.65000000782311        1.72607717909442     
  -3.64000000804663        1.72348265448847     
  -3.63000000827014        1.72088463297678     
  -3.62000000849366        1.71828310036958     
  -3.61000000871718        1.71567804238115     
  -3.60000000894070        1.71306944462820     
  -3.59000000916421        1.71045729262843     
  -3.58000000938773        1.70784157180052     
  -3.57000000961125        1.70522226746278     
  -3.56000000983477        1.70259936483242     
  -3.55000001005828        1.69997284902299     
  -3.54000001028180        1.69734270504656     
  -3.53000001050532        1.69470891780896     
  -3.52000001072884        1.69207147211190     
  -3.51000001095235        1.68943035265056     
  -3.50000001117587        1.68678554401209     
  -3.49000001139939        1.68413703067472     
  -3.48000001162291        1.68148479700766     
  -3.47000001184642        1.67882882726941     
  -3.46000001206994        1.67616910560650     
  -3.45000001229346        1.67350561605203     
  -3.44000001251698        1.67083834252570     
  -3.43000001274049        1.66816726883051     
  -3.42000001296401        1.66549237865480     
  -3.41000001318753        1.66281365557049     
  -3.40000001341105        1.66013108302074     
  -3.39000001363456        1.65744464434405     
  -3.38000001385808        1.65475432274728     
  -3.37000001408160        1.65206010131725     
  -3.36000001430511        1.64936196301695     
  -3.35000001452863        1.64665989068392     
  -3.34000001475215        1.64395386702997     
  -3.33000001497567        1.64124387463828     
  -3.32000001519918        1.63852989596343     
  -3.31000001542270        1.63581191024299     
  -3.30000001564622        1.63308990892731     
  -3.29000001586974        1.63036385960422     
  -3.28000001609325        1.62763376292276     
  -3.27000001631677        1.62489958461896     
  -3.26000001654029        1.62216131279496     
  -3.25000001676381        1.61941893138228     
  -3.24000001698732        1.61667241118653     
  -3.23000001721084        1.61392174679605     
  -3.22000001743436        1.61116690849158     
  -3.21000001765788        1.60840787977599     
  -3.20000001788139        1.60564465280700     
  -3.19000001810491        1.60287719798373     
  -3.18000001832843        1.60010548987924     
  -3.17000001855195        1.59732951424506     
  -3.16000001877546        1.59454926305334     
  -3.15000001899898        1.59176470128177     
  -3.14000001922250        1.58897581322183     
  -3.13000001944602        1.58618258480224     
  -3.12000001966953        1.58338497441905     
  -3.11000001989305        1.58058298946040     
  -3.10000002011657        1.57777659908117     
  -3.09000002034009        1.57496577217250     
  -3.08000002056360        1.57215049662683     
  -3.07000002078712        1.56933075137231     
  -3.06000002101064        1.56650651263792     
  -3.05000002123415        1.56367776189776     
  -3.04000002145767        1.56084447130092     
  -3.03000002168119        1.55800662223936     
  -3.02000002190471        1.55516419756288     
  -3.01000002212822        1.55231716826005     
  -3.00000002235174        1.54946551349746     
  -2.99000002257526        1.54660920960450     
  -2.98000002279878        1.54374823823282     
  -2.97000002302229        1.54088257318096     
  -2.96000002324581        1.53801218788149     
  -2.95000002346933        1.53513706580439     
  -2.94000002369285        1.53225717547011     
  -2.93000002391636        1.52937249784347     
  -2.92000002413988        1.52648301086293     
  -2.91000002436340        1.52358868233763     
  -2.90000002458692        1.52068950068516     
  -2.89000002481043        1.51778543236062     
  -2.88000002503395        1.51487644824397     
  -2.87000002525747        1.51196253147283     
  -2.86000002548099        1.50904365344515     
  -2.85000002570450        1.50611978918205     
  -2.84000002592802        1.50319091270871     
  -2.83000002615154        1.50025699802388     
  -2.82000002637506        1.49731801888134     
  -2.81000002659857        1.49437394882610     
  -2.80000002682209        1.49142476114473     
  -2.79000002704561        1.48847042890499     
  -2.78000002726912        1.48551092492200     
  -2.77000002749264        1.48254622177076     
  -2.76000002771616        1.47957629178057     
  -2.75000002793968        1.47660110702672     
  -2.74000002816319        1.47362063933132     
  -2.73000002838671        1.47063486026102     
  -2.72000002861023        1.46764374112456     
  -2.71000002883375        1.46464725295926     
  -2.70000002905726        1.46164536654194     
  -2.69000002928078        1.45863805237300     
  -2.68000002950430        1.45562528068468     
  -2.67000002972782        1.45260702141887     
  -2.66000002995133        1.44958324425756     
  -2.65000003017485        1.44655391857040     
  -2.64000003039837        1.44351901344944     
  -2.63000003062189        1.44047849769554     
  -2.62000003084540        1.43743233980717     
  -2.61000003106892        1.43438050798123     
  -2.60000003129244        1.43132297010810     
  -2.59000003151596        1.42825969376604     
  -2.58000003173947        1.42519064622403     
  -2.57000003196299        1.42211579442013     
  -2.56000003218651        1.41903510498305     
  -2.55000003241003        1.41594854419586     
  -2.54000003263354        1.41285607802364     
  -2.53000003285706        1.40975767208297     
  -2.52000003308058        1.40665329164526     
  -2.51000003330410        1.40354290164191     
  -2.50000003352761        1.40042646665050     
  -2.49000003375113        1.39730395087957     
  -2.48000003397465        1.39417531818254     
  -2.47000003419816        1.39104053203956     
  -2.46000003442168        1.38789955555592     
  -2.45000003464520        1.38475235145604     
  -2.44000003486872        1.38159888207923     
  -2.43000003509223        1.37843910936907     
  -2.42000003531575        1.37527299487124     
  -2.41000003553927        1.37210049972811     
  -2.40000003576279        1.36892158466909     
  -2.39000003598630        1.36573621000659     
  -2.38000003620982        1.36254433562820     
  -2.37000003643334        1.35934592099047     
  -2.36000003665686        1.35614092511254     
  -2.35000003688037        1.35292930656767     
  -2.34000003710389        1.34971102347701     
  -2.33000003732741        1.34648603350286     
  -2.32000003755093        1.34325429383947     
  -2.31000003777444        1.34001576120666     
  -2.30000003799796        1.33677039184168     
  -2.29000003822148        1.33351814148564     
  -2.28000003844500        1.33025896540026     
  -2.27000003866851        1.32699281740236     
  -2.26000003889203        1.32371965444548     
  -2.25000003911555        1.32043942491637     
  -2.24000003933907        1.31715209064715     
  -2.23000003956258        1.31385759507683     
  -2.22000003978610        1.31055589712808     
  -2.21000004000962        1.30724694331166     
  -2.20000004023314        1.30393068816269     
  -2.19000004045665        1.30060708143050     
  -2.18000004068017        1.29727606886127     
  -2.17000004090369        1.29393760418421     
  -2.16000004112720        1.29059163423126     
  -2.15000004135072        1.28723810797970     
  -2.14000004157424        1.28387697162843     
  -2.13000004179776        1.28050817433510     
  -2.12000004202127        1.27713165533674     
  -2.11000004224479        1.27374736657846     
  -2.10000004246831        1.27035525100395     
  -2.09000004269183        1.26695525022897     
  -2.08000004291534        1.26354731203716     
  -2.07000004313886        1.26013137371753     
  -2.06000004336238        1.25670738054093     
  -2.05000004358590        1.25327527042159     
  -2.04000004380941        1.24983498796401     
  -2.03000004403293        1.24638646751277     
  -2.02000004425645        1.24292965140209     
  -2.01000004447997        1.23946447537930     
  -2.00000004470348        1.23599087771015     
  -1.99000004492700        1.23250879397254     
  -1.98000004515052        1.22901815812220     
  -1.97000004537404        1.22551890582902     
  -1.96000004559755        1.22201097055739     
  -1.95000004582107        1.21849428436176     
  -1.94000004604459        1.21496877832744     
  -1.93000004626811        1.21143438359535     
  -1.92000004649162        1.20789102948984     
  -1.91000004671514        1.20433864452163     
  -1.90000004693866        1.20077715615954     
  -1.89000004716218        1.19720649080663     
  -1.88000004738569        1.19362657377493     
  -1.87000004760921        1.19003732926021     
  -1.86000004783273        1.18643868031487     
  -1.85000004805624        1.18283054882105     
  -1.84000004827976        1.17921285546149     
  -1.83000004850328        1.17558551969085     
  -1.82000004872680        1.17194845970452     
  -1.81000004895031        1.16830159240745     
  -1.80000004917383        1.16464483338106     
  -1.79000004939735        1.16097809684962     
  -1.78000004962087        1.15730129564491     
  -1.77000004984438        1.15361434116933     
  -1.76000005006790        1.14991714335851     
  -1.75000005029142        1.14620961064139     
  -1.74000005051494        1.14249164989957     
  -1.73000005073845        1.13876316642464     
  -1.72000005096197        1.13502406387386     
  -1.71000005118549        1.13127424422419     
  -1.70000005140901        1.12751360772423     
  -1.69000005163252        1.12374205284439     
  -1.68000005185604        1.11995947622472     
  -1.67000005207956        1.11616577262087     
  -1.66000005230308        1.11236083484730     
  -1.65000005252659        1.10854455371843     
  -1.64000005275011        1.10471681798694     
  -1.63000005297363        1.10087751427929     
  -1.62000005319715        1.09702652702871     
  -1.61000005342066        1.09316373840460     
  -1.60000005364418        1.08928902823892     
  -1.59000005386770        1.08540227394929     
  -1.58000005409122        1.08150335045816     
  -1.57000005431473        1.07759213010814     
  -1.56000005453825        1.07366848257334     
  -1.55000005476177        1.06973227476638     
  -1.54000005498528        1.06578337074024     
  -1.53000005520880        1.06182163158587     
  -1.52000005543232        1.05784691532398     
  -1.51000005565584        1.05385907679157     
  -1.50000005587935        1.04985796752195     
  -1.49000005610287        1.04584343561911     
  -1.48000005632639        1.04181532562467     
  -1.47000005654991        1.03777347837747     
  -1.46000005677342        1.03371773086594     
  -1.45000005699694        1.02964791607139     
  -1.44000005722046        1.02556386280288     
  -1.43000005744398        1.02146539552237     
  -1.42000005766749        1.01735233415915     
  -1.41000005789101        1.01322449391393     
  -1.40000005811453        1.00908168505021     
  -1.39000005833805        1.00492371267335     
  -1.38000005856156        1.00075037649596     
  -1.37000005878508       0.996561470588127     
  -1.36000005900860       0.992356783111521     
  -1.35000005923212       0.988136096036427     
  -1.34000005945563       0.983899184839946     
  -1.33000005967915       0.979645818184037     
  -1.32000005990267       0.975375757572119     
  -1.31000006012619       0.971088756979737     
  -1.30000006034970       0.966784562462281     
  -1.29000006057322       0.962462911733190     
  -1.28000006079674       0.958123533711850     
  -1.27000006102026       0.953766148037283     
  -1.26000006124377       0.949390464547041     
  -1.25000006146729       0.944996182717395     
  -1.24000006169081       0.940582988599991     
  -1.23000006191432       0.936150566451055     
  -1.22000006213784       0.931698570022046     
  -1.21000006236136       0.927226663599550     
  -1.20000006258488       0.922734469918567     
  -1.19000006280839       0.918221631743346     
  -1.18000006303191       0.913687726669328     
  -1.17000006325543       0.909132375760661     
  -1.16000006347895       0.904555132386873     
  -1.15000006370246       0.899955565687906     
  -1.14000006392598       0.895333183146688     
  -1.13000006414950       0.890687519714367     
  -1.12000006437302       0.886018043614368     
  -1.11000006459653       0.881324233606725     
  -1.10000006482005       0.876605507654049     
  -1.09000006504357       0.871861259831289     
  -1.08000006526709       0.867090917727094     
  -1.07000006549060       0.862293737262264     
  -1.06000006571412       0.857469105535210     
  -1.05000006593764       0.852616211756418     
  -1.04000006616116       0.847734312817785     
  -1.03000006638467       0.842822553916450     
  -1.02000006660819       0.837880062186042     
  -1.01000006683171       0.832905899372778     
  -1.00000006705523       0.827899052222209     
 -0.990000067278743       0.822858442027553     
 -0.980000067502260       0.817782925011674     
 -0.970000067725778       0.812671276130235     
 -0.960000067949295       0.807522156956872     
 -0.950000068172812       0.802334147030603     
 -0.940000068396330       0.797105701698849     
 -0.930000068619847       0.791835152949086     
 -0.920000068843365       0.786520693365021     
 -0.910000069066882       0.781160355917639     
 -0.900000069290400       0.775751997038042     
 -0.890000069513917       0.770293273939878     
 -0.880000069737434       0.764781618930723     
 -0.870000069960952       0.759214209572828     
 -0.860000070184469       0.753587933898196     
 -0.850000070407987       0.747899349688136     
 -0.840000070631504       0.742144636596105     
 -0.830000070855021       0.736319539605169     
 -0.820000071078539       0.730419301925933     
 -0.810000071302056       0.724438584952299     
 -0.800000071525574       0.718371372273788     
 -0.790000071749091       0.712210853895761     
 -0.780000071972609       0.705949285724385     
 -0.770000072196126       0.699577817999772     
 -0.760000072419643       0.693086284108254     
 -0.750000072643161       0.686462939119245     
 -0.740000072866678       0.679694132951362     
 -0.730000073090196       0.672763898733968     
 -0.720000073313713       0.665653429190133     
 -0.710000073537230       0.658340404017775     
 -0.700000073760748       0.650798116192307     
 -0.690000073984265       0.642994323433818     
 -0.680000074207783       0.634889718348517     
 -0.670000074431300       0.626435860877058     
 -0.660000074654818       0.617572338815528     
 -0.650000074878335       0.608222797841266     
 -0.640000075101852       0.598289278579154     
 -0.630000075325370       0.587643953937267     
 -0.620000075548887       0.576116758917957     
 -0.610000075772405       0.563476315358290     
 -0.600000075995922       0.549399490321933     
 -0.590000076219440       0.533420815120225     
 -0.580000076442957       0.514844294171783     
 -0.570000076666474       0.492580361724073     
 -0.560000076889992       0.464821654815168     
 -0.550000077113509       0.428335026069558     
 -0.540000077337027       0.376709638195889     
 -0.530000077560544       0.295180257019720     
 -0.520000077784061       0.140439860548245     
 -0.510000078007579      -0.292831834982375     
 -0.500000078231096       -13.0766322637058     
 -0.490000078454614        1.59547507730670     
 -0.480000078678131        1.06334416270582     
 -0.470000078901649       0.890213930201348     
 -0.460000079125166       0.802064182625830     
 -0.450000079348683       0.747167307794299     
 -0.440000079572201       0.708682758555039     
 -0.430000079795718       0.679488871929224     
 -0.420000080019236       0.656055548276833     
 -0.410000080242753       0.636433466170810     
 -0.400000080466270       0.619458176083337     
 -0.390000080689788       0.604391073153658     
 -0.380000080913305       0.590740924676687     
 -0.370000081136823       0.578168209973957     
 -0.360000081360340       0.566430661003696     
 -0.350000081583858       0.555350687274702     
 -0.340000081807375       0.544795069311880     
 -0.330000082030892       0.534661848103991     
 -0.320000082254410       0.524871863099582     
 -0.310000082477927       0.515361484418691     
 -0.300000082701445       0.506080952541228     
 -0.290000082924962       0.496989350733463     
 -0.280000083148479       0.488052316400132     
 -0.270000083371997       0.479242885690327     
 -0.260000083595514       0.470536649661109     
 -0.250000083819032       0.461913775050081     
 -0.240000084042549       0.453357309859362     
 -0.230000084266067       0.444852765869221     
 -0.220000084489584       0.436387250909291     
 -0.210000084713101       0.427949059190189     
 -0.200000084936619       0.419528795759367     
 -0.190000085160136       0.411117681062888     
 -0.180000085383654       0.402707700584880     
 -0.170000085607171       0.394291438326925     
 -0.160000085830688       0.385862593971805     
 -0.150000086054206       0.377415619805644     
 -0.140000086277723       0.368944183643069     
 -0.130000086501241       0.360444400219366     
 -0.120000086724758       0.351910311397880     
 -0.110000086948276       0.343338332422253     
 -9.000008739531040E-002  0.326062553460294     
 -8.000008761882782E-002  0.317350685641607     
 -7.000008784234524E-002  0.308585469238578     
 -6.000008806586266E-002  0.299762396793307     
 -5.000008828938007E-002  0.290877766019052     
 -4.000008851289749E-002  0.281928752057803     
 -3.000008873641491E-002  0.272911648353908     
 -2.000008895993233E-002  0.263823022647266     
 -1.000008918344975E-002  0.254660235495906     
 -8.940696716308594E-008  0.245419136130124     
  9.999910369515419E-003  0.236097069217894     
  1.999991014599800E-002  0.226689996036669     
  2.999990992248058E-002  0.217195699708456     
  3.999990969896317E-002  0.207609703716340     
  4.999990947544575E-002  0.197929325345402     
  5.999990925192833E-002  0.188150516201459     
  6.999990902841091E-002  0.178270468307557     
  7.999990880489349E-002  0.168285111957579     
  8.999990858137608E-002  0.158190672149490     
  9.999990835785866E-002  0.147983728592633     
  0.109999908134341       0.137660210271709     
  0.119999907910824       0.127216292341564     
  0.129999907687306       0.116647796067548     
  0.139999907463789       0.105950580565150     
  0.149999907240272       9.512028669394706E-002
  0.159999907016754       8.415243071985119E-002
  0.169999906793237       7.304237305123568E-002
  0.179999906569719       6.178530728960561E-002
  0.189999906346202       5.037624879045606E-002
  0.199999906122684       3.881002263991992E-002
  0.209999905899167       2.708125103312906E-002
  0.219999905675650       1.518433995005797E-002
  0.229999905452132       3.113465054171558E-003
  0.239999905228615      -9.137443231035674E-003
  0.249999905005097      -2.157471558860276E-002
  0.259999904781580      -3.420496067331510E-002
  0.269999904558063      -4.703508308610998E-002
  0.279999904334545      -6.007230259114756E-002
  0.289999904111028      -7.332417463978456E-002
  0.299999903887510      -8.679861230997050E-002
  0.309999903663993      -0.100503909921300     
  0.319999903440475      -0.114448768327647     
  0.329999903216958      -0.128642322120366     
  0.339999902993441      -0.143094168932442     
  0.349999902769923      -0.157814401017033     
  0.359999902546406      -0.172813639334545     
  0.369999902322888      -0.188103070390256     
  0.379999902099371      -0.203694486094739     
  0.389999901875854      -0.219600326945514     
  0.399999901652336      -0.235833728874309     
  0.409999901428819      -0.252408574123048     
  0.419999901205301      -0.269339546579040     
  0.429999900981784      -0.286642192028437     
  0.439999900758266      -0.304332983858317     
  0.449999900534749      -0.322429394791596     
  0.459999900311232      -0.340949975327055     
  0.469999900087714      -0.359914439617656     
  0.479999899864197      -0.379343759642336     
  0.489999899640679      -0.399260268618148     
  0.499999899417162      -0.419687774735692     
  0.509999899193645      -0.440651686443650     
  0.519999898970127      -0.462179150679938     
  0.529999898746610      -0.484299205642635     
  0.539999898523092      -0.507042949916032     
  0.549999898299575      -0.530443730033265     
  0.559999898076057      -0.554537348904100     
  0.569999897852540      -0.579362297790190     
  0.579999897629023      -0.604960015077348     
  0.589999897405505      -0.631375175517790     
  0.599999897181988      -0.658656014106940     
  0.609999896958470      -0.686854689748796     
  0.619999896734953      -0.716027694306804     
  0.629999896511436      -0.746236313939151     
  0.639999896287918      -0.777547150642676     
  0.649999896064401      -0.810032713362882     
  0.659999895840883      -0.843772089782363     
  0.669999895617366      -0.878851711908830     
  0.679999895393848      -0.915366231100733     
  0.689999895170331      -0.953419521286695     
  0.699999894946814      -0.993125832752373     
  0.709999894723296       -1.03461112363171     
  0.719999894499779       -1.07801460180109     
  0.729999894276261       -1.12349051707212     
  0.739999894052744       -1.17121021537012     
  0.749999893829226       -1.22136477380787     
  0.759999893605709       -1.27416753696941     
  0.769999893382192       -1.32985777737791     
  0.779999893158674       -1.38870479326348     
  0.789999892935157       -1.45101253755255     
  0.799999892711639       -1.51712551896367     
  0.809999892488122       -1.58743589711247     
  0.819999892264605       -1.66239181883244     
  0.829999892041087       -1.74250767585846     
  0.839999891817570       -1.82837761774052     
  0.849999891594052       -1.92069031349363     
  0.859999891370535       -2.02024961303741     
  0.869999891147017       -2.12799968418662     
  0.879999890923500       -2.24505643449710     
  0.889999890699983       -2.37274792722508     
  0.899999890476465       -2.51267058645086     
  0.909999890252948       -2.66675386806473     
  0.919999890029430       -2.83735945810902     
  0.929999889805913       -3.02740581424638     
  0.939999889582396       -3.24054209085073     
  0.949999889358878       -3.48139277833630     
  0.959999889135361       -3.75590819812522     
  0.969999888911843       -4.07187297894836     
  0.979999888688326       -4.43967731658078     
  0.989999888464808       -4.87350138073626     
  0.999999888241291       -5.39321606935216     
   1.00999988801777       -6.02757003390347     
   1.01999988779426       -6.81974346506264     
   1.02999988757074       -7.83773685921822     
   1.03999988734722       -9.19516212051214     
   1.04999988712370       -11.0972496562185     
   1.05999988690019       -13.9563938887769     
   1.06999988667667       -18.7419877222892     
   1.07999988645315       -28.3999848479673     
   1.08999988622963       -58.1286672620284     
   1.09999988600612        1466.69971743224     
   1.10999988578260        54.1792108646100     
   1.11999988555908        27.6728755883165     
   1.12999988533556        18.6106906927229     
   1.13999988511205        14.0334050143976     
   1.14999988488853        11.2704822606053     
   1.15999988466501        9.42046877322979     
   1.16999988444149        8.09422839564450     
   1.17999988421798        7.09626725073559     
   1.18999988399446        6.31760983689330     
   1.19999988377094        5.69270462452920     
   1.20999988354743        5.17975426104447     
   1.21999988332391        4.75084943282091     
   1.22999988310039        4.38664297458417     
   1.23999988287687        4.07330028581307     
   1.24999988265336        3.80066647867590     
   1.25999988242984        3.56111920686193     
   1.26999988220632        3.34882546933888     
   1.27999988198280        3.15924562124269     
   1.28999988175929        2.98879369805624     
   1.29999988153577        2.83459944803288     
   1.30999988131225        2.69433823179485     
   1.31999988108873        2.56610723229460     
   1.32999988086522        2.44833390423453     
   1.33999988064170        2.33970727458500     
   1.34999988041818        2.23912570582988     
   1.35999988019466        2.14565669599696     
   1.36999987997115        2.05850559935406     
   1.37999987974763        1.97699104060140     
   1.38999987952411        1.90052540904729     
   1.39999987930059        1.82859924886987     
   1.40999987907708        1.76076866687443     
   1.41999987885356        1.69664509839829     
   1.42999987863004        1.63588693175255     
   1.43999987840652        1.57819260896591     
   1.44999987818301        1.52329490792242     
   1.45999987795949        1.47095617638540     
   1.46999987773597        1.42096433801245     
   1.47999987751245        1.37312952834160     
   1.48999987728894        1.32728124769109     
   1.49999987706542        1.28326594068731     
   1.50999987684190        1.24094492959973     
   1.51999987661839        1.20019264257013     
   1.52999987639487        1.16089508879084     
   1.53999987617135        1.12294854135194     
   1.54999987594783        1.08625839549952     
   1.55999987572432        1.05073817560157     
   1.56999987550080        1.01630866873289     
   1.57999987527728       0.982897166405321     
   1.58999987505376       0.950436798933213     
   1.59999987483025       0.918865949661026     
   1.60999987460673       0.888127737834890     
   1.61999987438321       0.858169561145582     
   1.62999987415969       0.828942689834551     
   1.63999987393618       0.800401905885767     
   1.64999987371266       0.772505181363971     
   1.65999987348914       0.745213391191884     
   1.66999987326562       0.718490056015749     
   1.67999987304211       0.692301111561190     
   1.68999987281859       0.666614701341464     
   1.69999987259507       0.641400990000281     
   1.70999987237155       0.616631994896065     
   1.71999987214804       0.592281433863076     
   1.72999987192452       0.568324587404274     
   1.73999987170100       0.544738173634241     
   1.74999987147748       0.521500232706233     
   1.75999987125397       0.498590033396870     
   1.76999987103045       0.475987962825896     
   1.77999987080693       0.453675440786267     
   1.78999987058342       0.431634837146773     
   1.79999987035990       0.409849528058583     
   1.80999987013638       0.388303525197493     
   1.81999986991286       0.366981708807392     
   1.82999986968935       0.345869659898530     
   1.83999986946583       0.324953644110344     
   1.84999986924231       0.304220447860555     
   1.85999986901879       0.283657456140816     
   1.86999986879528       0.263252697570256     
   1.87999986857176       0.242994486278833     
   1.88999986834824       0.222871755201590     
   1.89999986812472       0.202873667908378     
   1.90999986790121       0.182989984078760     
   1.91999986767769       0.163210784978919     
   1.92999986745417       0.143526269528145     
   1.93999986723065       0.123927286648869     
   1.94999986700714       0.104404590399648     
   1.95999986678362       8.494956242231350E-002
   1.96999986656010       6.555360158507416E-002
   1.97999986633658       4.620842770201625E-002
   1.98999986611307       2.690589893454165E-002
   1.99999986588955       7.638110827556580E-003
