  2.061153622439000E-007 -3.840054117626703E-021
  2.081868560730650E-007 -3.957001176135956E-021
  2.102791687613270E-007 -4.077509802809323E-021
  2.123925095416982E-007 -4.201688463545343E-021
  2.145270897500181E-007 -4.329648927521064E-021
  2.166831228460860E-007 -4.461506367808300E-021
  2.188608244350085E-007 -4.597379464988306E-021
  2.210604122887591E-007 -4.737390514020226E-021
  2.232821063679562E-007 -4.881665534299291E-021
  2.255261288438591E-007 -5.030334383082653E-021
  2.277927041205855E-007 -5.183530872369632E-021
  2.300820588575518E-007 -5.341392889341812E-021
  2.323944219921395E-007 -5.504062520470362E-021
  2.347300247625892E-007 -5.671686179403978E-021
  2.370891007311241E-007 -5.844414738750665E-021
  2.394718858073070E-007 -6.022403665873317E-021
  2.418786182716312E-007 -6.205813162821155E-021
  2.443095387993488E-007 -6.394808310521770E-021
  2.467648904845383E-007 -6.589559217365786E-021
  2.492449188644143E-007 -6.790241172315568E-021
  2.517498719438816E-007 -6.997034802676935E-021
  2.542800002203354E-007 -7.210126236676449E-021
  2.568355567087120E-007 -7.429707270988615E-021
  2.594167969667899E-007 -7.655975543366657E-021
  2.620239791207458E-007 -7.889134710529372E-021
  2.646573638909678E-007 -8.129394631465800E-021
  2.673172146181275E-007 -8.376971556323142E-021
  2.700037972895140E-007 -8.632088321045478E-021
  2.727173805656335E-007 -8.894974547942144E-021
  2.754582358070747E-007 -9.165866852362579E-021
  2.782266371016460E-007 -9.445009055666898E-021
  2.810228612917836E-007 -9.732652404680663E-021
  2.838471880022370E-007 -1.002905579783450E-020
  2.866998996680307E-007 -1.033448601819036E-020
  2.895812815627086E-007 -1.064921797356368E-020
  2.924916218268613E-007 -1.097353494395930E-020
  2.954312114969406E-007 -1.130772883654266E-020
  2.984003445343630E-007 -1.165210044837615E-020
  3.013993178549066E-007 -1.200695973715606E-020
  3.044284313584026E-007 -1.237262610019648E-020
  3.074879879587257E-007 -1.274942866190674E-020
  3.105782936140856E-007 -1.313770657002833E-020
  3.136996573576229E-007 -1.353780930088762E-020
  3.168523913283132E-007 -1.395009697394997E-020
  3.200368108021809E-007 -1.437494067595219E-020
  3.232532342238271E-007 -1.481272279490319E-020
  3.265019832382742E-007 -1.526383736426204E-020
  3.297833827231311E-007 -1.572869041759189E-020
  3.330977608210807E-007 -1.620770035401946E-020
  3.364454489726948E-007 -1.670129831482218E-020
  3.398267819495783E-007 -1.720992857148321E-020
  3.432420978878466E-007 -1.773404892556748E-020
  3.466917383219398E-007 -1.827413112077301E-020
  3.501760482187759E-007 -1.883066126753226E-020
  3.536953760122483E-007 -1.940414028054401E-020
  3.572500736380690E-007 -1.999508432963143E-020
  3.608404965689629E-007 -2.060402530432912E-020
  3.644670038502152E-007 -2.123151129261863E-020
  3.681299581355759E-007 -2.187810707424630E-020
  3.718297257235262E-007 -2.254439462906162E-020
  3.755666765939080E-007 -2.323097366084126E-020
  3.793411844449224E-007 -2.393846213705809E-020
  3.831536267305001E-007 -2.466749684509856E-020
  3.870043846980465E-007 -2.541873396541097E-020
  3.908938434265675E-007 -2.619284966211425E-020
  3.948223918651771E-007 -2.699054069158932E-020
  3.987904228719929E-007 -2.781252502960916E-020
  4.027983332534224E-007 -2.865954251756351E-020
  4.068465238038437E-007 -2.953235552836784E-020
  4.109353993456852E-007 -3.043174965264730E-020
  4.150653687699086E-007 -3.135853440582636E-020
  4.192368450768980E-007 -3.231354395674198E-020
  4.234502454177603E-007 -3.329763787845536E-020
  4.277059911360407E-007 -3.431170192192581E-020
  4.320045078098576E-007 -3.535664881324157E-020
  4.363462252944604E-007 -3.643341907514371E-020
  4.407315777652157E-007 -3.754298187355067E-020
  4.451610037610251E-007 -3.868633588988061E-020
  4.496349462281793E-007 -3.986451021992483E-020
  4.541538525646534E-007 -4.107856530011133E-020
  4.587181746648468E-007 -4.232959386196317E-020
  4.633283689647730E-007 -4.361872191563449E-020
  4.679848964877040E-007 -4.494710976339141E-020
  4.726882228902725E-007 -4.631595304396633E-020
  4.774388185090382E-007 -4.772648380871167E-020
  4.822371584075218E-007 -4.917997163053115E-020
  4.870837224237117E-007 -5.067772474657463E-020
  4.919789952180485E-007 -5.222109123575169E-020
  4.969234663218909E-007 -5.381146023208179E-020
  5.019176301864698E-007 -5.545026317501550E-020
  5.069619862323334E-007 -5.713897509782406E-020
  5.120570388992901E-007 -5.887911595523009E-020
  5.172032976968522E-007 -6.067225199146882E-020
  5.224012772551882E-007 -6.251999715001200E-020
  5.276514973765856E-007 -6.442401452623227E-020
  5.329544830874317E-007 -6.638601786429021E-020
  5.383107646907167E-007 -6.840777309963336E-020
  5.437208778190647E-007 -7.049109994844516E-020
  5.491853634882967E-007 -7.263787354551575E-020
  5.547047681515337E-007 -7.485002613199904E-020
  5.602796437538412E-007 -7.712954879454474E-020
  5.659105477874254E-007 -7.947849325742561E-020
  5.715980433473820E-007 -8.189897372921361E-020
  5.773426991880067E-007 -8.439316880572515E-020
  5.831450897796707E-007 -8.696332343088701E-020
  5.890057953662685E-007 -8.961175091735844E-020
  5.949254020232427E-007 -9.234083502865117E-020
  6.009045017161921E-007 -9.515303212468344E-020
  6.069436923600686E-007 -9.805087337267013E-020
  6.130435778789690E-007 -1.010369670253494E-019
  6.192047682665288E-007 -1.041140007685727E-019
  6.254278796469210E-007 -1.072847441404143E-019
  6.317135343364694E-007 -1.105520510239467E-019
  6.380623609058812E-007 -1.139188622159120E-019
  6.444749942431040E-007 -1.173882080736512E-019
  6.509520756168154E-007 -1.209632112426246E-019
  6.574942527405504E-007 -1.246470894670048E-019
  6.641021798374731E-007 -1.284431584858647E-019
  6.707765177057999E-007 -1.323548350175631E-019
  6.775179337848795E-007 -1.363856398350274E-019
  6.843271022219378E-007 -1.405392009346789E-019
  6.912047039394927E-007 -1.448192568018851E-019
  6.981514267034474E-007 -1.492296597758397E-019
  7.051679651918673E-007 -1.537743795169305E-019
  7.122550210644483E-007 -1.584575065797032E-019
  7.194133030326836E-007 -1.632832560946329E-019
  7.266435269307352E-007 -1.682559715620349E-019
  7.339464157870182E-007 -1.733801287615018E-019
  7.413226998965040E-007 -1.786603397803996E-019
  7.487731168937503E-007 -1.841013571650736E-019
  7.562984118266657E-007 -1.897080781984560E-019
  7.638993372310146E-007 -1.954855493079381E-019
  7.715766532056714E-007 -2.014389706075115E-019
  7.793311274886315E-007 -2.075737005782156E-019
  7.871635355337853E-007 -2.138952608911289E-019
  7.950746605884642E-007 -2.204093413772563E-019
  8.030652937717663E-007 -2.271218051487531E-019
  8.111362341536690E-007 -2.340386938761066E-019
  8.192882888349362E-007 -2.411662332260974E-019
  8.275222730278293E-007 -2.485108384652503E-019
  8.358390101376295E-007 -2.560791202340645E-019
  8.442393318449782E-007 -2.638778904970014E-019
  8.527240781890465E-007 -2.719141686737399E-019
  8.612940976515395E-007 -2.801951879570998E-019
  8.699502472415452E-007 -2.887284018234346E-019
  8.786933925812359E-007 -2.975214907412224E-019
  8.875244079924318E-007 -3.065823690840457E-019
  8.964441765840330E-007 -3.159191922540449E-019
  9.054535903403319E-007 -3.255403640223236E-019
  9.145535502102119E-007 -3.354545440929325E-019
  9.237449661972436E-007 -3.456706558971616E-019
  9.330287574506850E-007 -3.561978946252466E-019
  9.424058523573979E-007 -3.670457355026517E-019
  9.518771886346875E-007 -3.782239423184233E-019
  9.614437134240741E-007 -3.897425762132435E-019
  9.711063833860089E-007 -4.016120047351559E-019
  9.808661647955404E-007 -4.138429111710500E-019
  9.907240336389425E-007 -4.264463041623266E-019
  1.000680975711315E-006 -4.394335276134239E-019
  1.010737986715162E-006 -4.528162709021313E-019
  1.020896072359964E-006 -4.666065794007700E-019
  1.031156248462753E-006 -4.808168653178602E-019
  1.041519541049687E-006 -4.954599188699576E-019
  1.051986986458663E-006 -5.105489197936900E-019
  1.062559631442943E-006 -5.260974492084360E-019
  1.073238533275836E-006 -5.421195018402265E-019
  1.084024759856425E-006 -5.586294986179664E-019
  1.094919389816357E-006 -5.756422996532056E-019
  1.105923512627707E-006 -5.931732176152870E-019
  1.117038228711926E-006 -6.112380315137552E-019
  1.128264649549883E-006 -6.298530009005292E-019
  1.139603897793020E-006 -6.490348805045840E-019
  1.151057107375609E-006 -6.688009353124215E-019
  1.162625423628153E-006 -6.891689561075935E-019
  1.174310003391917E-006 -7.101572754837343E-019
  1.186112015134616E-006 -7.317847843450154E-019
  1.198032639067258E-006 -7.540709489093270E-019
  1.210073067262170E-006 -7.770358282291440E-019
  1.222234503772207E-006 -8.007000922460278E-019
  1.234518164751152E-006 -8.250850403950006E-019
  1.246925278575342E-006 -8.502126207754034E-019
  1.259457085966497E-006 -8.761054499057730E-019
  1.272114840115799E-006 -9.027868330801695E-019
  1.284899806809213E-006 -9.302807853444563E-019
  1.297813264554060E-006 -9.586120531115906E-019
  1.310856504706878E-006 -9.878061364350023E-019
  1.324030831602551E-006 -1.017889311960353E-018
  1.337337562684746E-006 -1.048888656576273E-018
  1.350778028637662E-006 -1.080832071785455E-018
  1.364353573519093E-006 -1.113748308817852E-018
  1.378065554894842E-006 -1.147666994508683E-018
  1.391915343974472E-006 -1.182618657964678E-018
  1.405904325748432E-006 -1.218634758042263E-018
  1.420033899126559E-006 -1.255747711662667E-018
  1.434305477077963E-006 -1.293990922989363E-018
  1.448720486772334E-006 -1.333398813494057E-018
  1.463280369722653E-006 -1.374006852938294E-018
  1.477986581929349E-006 -1.415851591298742E-018
  1.492840594025897E-006 -1.458970691664510E-018
  1.507843891425886E-006 -1.503402964136579E-018
  1.522997974471558E-006 -1.549188400759461E-018
  1.538304358583846E-006 -1.596368211516708E-018
  1.553764574413918E-006 -1.644984861422774E-018
  1.569380167996239E-006 -1.695082108744325E-018
  1.585152700903180E-006 -1.746705044385582E-018
  1.601083750401178E-006 -1.799900132473295E-018
  1.617174909608456E-006 -1.854715252177549E-018
  1.633427787654345E-006 -1.911199740806168E-018
  1.649844009840194E-006 -1.969404438211833E-018
  1.666425217801901E-006 -2.029381732551095E-018
  1.683173069674081E-006 -2.091185607437466E-018
  1.700089240255878E-006 -2.154871690530304E-018
  1.717175421178446E-006 -2.220497303603251E-018
  1.734433321074116E-006 -2.288121514138028E-018
  1.751864665747259E-006 -2.357805188488861E-018
  1.769471198346869E-006 -2.429611046666470E-018
  1.787254679540878E-006 -2.503603718790304E-018
  1.805216887692224E-006 -2.579849803259896E-018
  1.823359619036693E-006 -2.658417926698152E-018
  1.841684687862537E-006 -2.739378805719610E-018
  1.860193926691909E-006 -2.822805310580383E-018
  1.878889186464117E-006 -2.908772530766411E-018
  1.897772336720718E-006 -2.997357842578771E-018
  1.916845265792473E-006 -3.088640978777844E-018
  1.936109880988184E-006 -3.182704100348089E-018
  1.955568108785423E-006 -3.279631870448304E-018
  1.975221895023187E-006 -3.379511530614459E-018
  1.995073205096477E-006 -3.482432979282742E-018
  2.015124024152843E-006 -3.588488852704393E-018
  2.035376357290900E-006 -3.697774608324641E-018
  2.055832229760839E-006 -3.810388610700393E-018
  2.076493687166953E-006 -3.926432220035596E-018
  2.097362795672201E-006 -4.046009883411846E-018
  2.118441642204824E-006 -4.169229228797854E-018
  2.139732334667041E-006 -4.296201161922147E-018
  2.161237002145842E-006 -4.427039966095431E-018
  2.182957795125894E-006 -4.561863405073343E-018
  2.204896885704596E-006 -4.700792829051877E-018
  2.227056467809289E-006 -4.843953283890550E-018
  2.249438757416649E-006 -4.991473623662472E-018
  2.272045992774289E-006 -5.143486626631368E-018
  2.294880434624585E-006 -5.300129114761183E-018
  2.317944366430750E-006 -5.461542076864890E-018
  2.341240094605185E-006 -5.627870795504157E-018
  2.364769948740120E-006 -5.799264977753192E-018
  2.388536281840578E-006 -5.975878889945668E-018
  2.412541470559673E-006 -6.157871496524412E-018
  2.436787915436282E-006 -6.345406603120025E-018
  2.461278041135098E-006 -6.538653003987764E-018
  2.486014296689100E-006 -6.737784633932689E-018
  2.510999155744455E-006 -6.942980724863934E-018
  2.536235116807892E-006 -7.154425967114257E-018
  2.561724703496545E-006 -7.372310675674872E-018
  2.587470464790326E-006 -7.596830961490957E-018
  2.613474975286819E-006 -7.828188907975592E-018
  2.639740835458743E-006 -8.066592752897737E-018
  2.666270671914005E-006 -8.312257075810639E-018
  2.693067137658357E-006 -8.565402991187767E-018
  2.720132912360706E-006 -8.826258347440811E-018
  2.747470702621075E-006 -9.095057931998929E-018
  2.775083242241273E-006 -9.372043682632436E-018
  2.802973292498272E-006 -9.657464905214589E-018
  2.831143642420341E-006 -9.951578498111874E-018
  2.859597109065945E-006 -1.025464918341109E-017
  2.888336537805461E-006 -1.056694974518740E-017
  2.917364802605713E-006 -1.088876127502729E-017
  2.946684806317371E-006 -1.122037342503060E-017
  2.976299480965240E-006 -1.156208466851641E-017
  3.006211788041463E-006 -1.191420256867108E-017
  3.036424718801675E-006 -1.227704405537230E-017
  3.066941294564129E-006 -1.265093571045199E-017
  3.097764567011833E-006 -1.303621406163739E-017
  3.128897618497717E-006 -1.343322588545184E-017
  3.160343562352875E-006 -1.384232851933594E-017
  3.192105543197895E-006 -1.426389018327576E-017
  3.224186737257333E-006 -1.469829031122515E-017
  3.256590352677327E-006 -1.514591989262209E-017
  3.289319629846424E-006 -1.560718182430623E-017
  3.322377841719614E-006 -1.608249127315218E-017
  3.355768294145633E-006 -1.657227604974794E-017
  3.389494326197550E-006 -1.707697699345397E-017
  3.423559310506675E-006 -1.759704836918843E-017
  3.457966653599826E-006 -1.813295827629572E-017
  3.492719796239985E-006 -1.868518906986674E-017
  3.527822213770378E-006 -1.925423779489245E-017
  3.563277416462010E-006 -1.984061663363820E-017
  3.599088949864695E-006 -2.044485336664015E-017
  3.635260395161617E-006 -2.106749184774529E-017
  3.671795369527450E-006 -2.170909249361666E-017
  3.708697526490075E-006 -2.237023278814444E-017
  3.745970556295941E-006 -2.305150780222196E-017
  3.783618186279089E-006 -2.375353072935073E-017
  3.821644181233890E-006 -2.447693343755234E-017
  3.860052343791530E-006 -2.522236703809507E-017
  3.898846514800269E-006 -2.599050247153877E-017
  3.938030573709538E-006 -2.678203111162381E-017
  3.977608438957880E-006 -2.759766538755623E-017
  4.017584068364803E-006 -2.843813942524122E-017
  4.057961459526561E-006 -2.930420970804746E-017
  4.098744650215917E-006 -3.019665575769083E-017
  4.139937718785926E-006 -3.111628083585785E-017
  4.181544784577773E-006 -3.206391266719579E-017
  4.223570008332711E-006 -3.304040418431952E-017
  4.266017592608136E-006 -3.404663429551099E-017
  4.308891782197847E-006 -3.508350867579187E-017
  4.352196864556534E-006 -3.615196058209591E-017
  4.395937170228519E-006 -3.725295169326263E-017
  4.440117073280820E-006 -3.838747297561114E-017
  4.484740991740559E-006 -3.955654557487766E-017
  4.529813388036769E-006 -4.076122173531619E-017
  4.575338769446639E-006 -4.200258574679107E-017
  4.621321688546249E-006 -4.328175492070589E-017
  4.667766743665828E-006 -4.459988059566486E-017
  4.714678579349592E-006 -4.595814917375096E-017
  4.762061886820203E-006 -4.735778318837142E-017
  4.809921404447894E-006 -4.880004240461765E-017
  4.858261918224311E-006 -5.028622495314071E-017
  4.907088262241116E-006 -5.181766849855375E-017
  4.956405319173398E-006 -5.339575144342158E-017
  5.006218020767949E-006 -5.502189416892259E-017
  5.056531348336439E-006 -5.669756031327608E-017
  5.107350333253554E-006 -5.842425808912315E-017
  5.158680057460133E-006 -6.020354164101905E-017
  5.210525653971372E-006 -6.203701244426400E-017
  5.262892307390128E-006 -6.392632074634624E-017
  5.315785254425382E-006 -6.587316705227003E-017
  5.369209784415913E-006 -6.787930365512404E-017
  5.423171239859242E-006 -6.994653621327371E-017
  5.477675016945882E-006 -7.207672537556370E-017
  5.532726566098960E-006 -7.427178845602902E-017
  5.588331392519269E-006 -7.653370115961760E-017
  5.644495056735788E-006 -7.886449936044327E-017
  5.701223175161743E-006 -8.126628093422362E-017
  5.758521420656249E-006 -8.374120764649946E-017
  5.816395523091605E-006 -8.629150709837584E-017
  5.874851269926282E-006 -8.891947473150789E-017
  5.933894506783677E-006 -9.162747589416301E-017
  5.993531138036679E-006 -9.441794797018088E-017
  6.053767127398112E-006 -9.729340257279287E-017
  6.114608498517106E-006 -1.002564278052408E-016
  6.176061335581476E-006 -1.033096905902465E-016
  6.238131783926139E-006 -1.064559390704157E-016
  6.300826050647656E-006 -1.096980050817603E-016
  6.364150405224943E-006 -1.130388067025381E-016
  6.428111180146228E-006 -1.164813508797196E-016
  6.492714771542306E-006 -1.200287361354416E-016
  6.557967639826152E-006 -1.236841553558935E-016
  6.623876310338971E-006 -1.274508986651167E-016
  6.690447374002740E-006 -1.313323563863587E-016
  6.757687487979300E-006 -1.353320220935745E-016
  6.825603376336083E-006 -1.394534957558875E-016
  6.894201830718521E-006 -1.437004869777983E-016
  6.963489711029219E-006 -1.480768183380912E-016
  7.033473946113947E-006 -1.525864288304042E-016
  7.104161534454534E-006 -1.572333774085842E-016
  7.175559544868721E-006 -1.620218466400296E-016
  7.247675117217048E-006 -1.669561464702900E-016
  7.320515463116846E-006 -1.720407181022792E-016
  7.394087866663405E-006 -1.772801379936878E-016
  7.468399685158392E-006 -1.826791219760957E-016
  7.543458349845581E-006 -1.882425294995269E-016
  7.619271366653990E-006 -1.939753680062886E-016
  7.695846316948479E-006 -1.998827974380241E-016
  7.773190858287890E-006 -2.059701348799875E-016
  7.851312725190810E-006 -2.122428593467804E-016
  7.930219729909032E-006 -2.187066167138449E-016
  8.009919763208783E-006 -2.253672247991323E-016
  8.090420795159810E-006 -2.322306785995219E-016
  8.171730875932394E-006 -2.393031556867364E-016
  8.253858136602368E-006 -2.465910217675581E-016
  8.336810789964242E-006 -2.541008364134034E-016
  8.420597131352476E-006 -2.618393589643903E-016
  8.505225539471033E-006 -2.698135546131760E-016
  8.590704477231249E-006 -2.780306006741232E-016
  8.677042492598133E-006 -2.864978930433530E-016
  8.764248219445169E-006 -2.952230528555590E-016
  8.852330378417714E-006 -3.042139333435398E-016
  8.941297777805069E-006 -3.134786269066359E-016
  9.031159314421309E-006 -3.230254723944462E-016
  9.121923974494983E-006 -3.328630626123290E-016
  9.213600834567735E-006 -3.430002520555606E-016
  9.306199062401971E-006 -3.534461648789080E-016
  9.399727917897638E-006 -3.642102031090316E-016
  9.494196754018227E-006 -3.753020551069359E-016
  9.589615017726075E-006 -3.867317042881540E-016
  9.685992250927068E-006 -3.985094381084567E-016
  9.783338091424841E-006 -4.106458573233203E-016
  9.881662273884565E-006 -4.231518855292604E-016
  9.980974630806424E-006 -4.360387789958658E-016
  1.008128509350887E-005 -4.493181367971295E-016
  1.018260369312177E-005 -4.630019112514617E-016
  1.028494056158950E-005 -4.771024186795535E-016
  1.038830593268422E-005 -4.916323504899103E-016
  1.049271014302915E-005 -5.066047846019673E-016
  1.059816363313233E-005 -5.220331972170764E-016
  1.070467694843066E-005 -5.379314749480656E-016
  1.081226074034443E-005 -5.543139273180412E-016
  1.092092576734248E-005 -5.711952996399995E-016
  1.103068289601807E-005 -5.885907862885542E-016
  1.114154310217553E-005 -6.065160443759089E-016
  1.125351747192785E-005 -6.249872078443551E-016
  1.136661720280533E-005 -6.440209019878451E-016
  1.148085360487530E-005 -6.636342584159321E-016
  1.159623810187317E-005 -6.838449304733174E-016
  1.171278223234479E-005 -7.046711091291444E-016
  1.183049765080033E-005 -7.261315393500009E-016
  1.194939612887973E-005 -7.482455369717336E-016
  1.206948955652988E-005 -7.710330060849065E-016
  1.219078994319362E-005 -7.945144569499366E-016
  1.231330941901071E-005 -8.187110244576447E-016
  1.243706023603083E-005 -8.436444871521102E-016
  1.256205476943880E-005 -8.693372868328389E-016
  1.268830551879213E-005 -8.958125487538287E-016
  1.281582510927096E-005 -9.230941024379618E-016
  1.294462629294061E-005 -9.512065031251058E-016
  1.307472195002678E-005 -9.801750538735431E-016
  1.320612509020358E-005 -1.010025828334369E-015
  1.333884885389455E-005 -1.040785694219581E-015
  1.347290651358665E-005 -1.072482337484822E-015
  1.360831147515758E-005 -1.105144287248656E-015
  1.374507727921631E-005 -1.138800941470594E-015
  1.388321760245723E-005 -1.173482593411295E-015
  1.402274625902779E-005 -1.209220458898657E-015
  1.416367720190991E-005 -1.246046704423932E-015
  1.430602452431532E-005 -1.283994476093984E-015
  1.444980246109490E-005 -1.323097929464865E-015
  1.459502539016212E-005 -1.363392260284112E-015
  1.474170783393093E-005 -1.404913736169489E-015
  1.488986446076792E-005 -1.447699729252028E-015
  1.503951008645925E-005 -1.491788749813644E-015
  1.519065967569219E-005 -1.537220480948955E-015
  1.534332834355163E-005 -1.584035814282736E-015
  1.549753135703158E-005 -1.632276886775070E-015
  1.565328413656187E-005 -1.681987118647595E-015
  1.581060225755028E-005 -1.733211252464540E-015
  1.596950145193998E-005 -1.785995393404012E-015
  1.612999760978284E-005 -1.840387050755970E-015
  1.629210678082839E-005 -1.896435180683487E-015
  1.645584517612882E-005 -1.954190230286933E-015
  1.662122916966012E-005 -2.013704183009540E-015
  1.678827529995945E-005 -2.075030605425942E-015
  1.695700027177905E-005 -2.138224695456102E-015
  1.712742095775671E-005 -2.203343332046726E-015
  1.729955440010305E-005 -2.270445126366339E-015
  1.747341781230574E-005 -2.339590474559340E-015
  1.764902858085089E-005 -2.410841612106562E-015
  1.782640426696169E-005 -2.484262669841441E-015
  1.800556260835458E-005 -2.559919731671860E-015
  1.818652152101299E-005 -2.637880894060534E-015
  1.836929910097899E-005 -2.718216327316222E-015
  1.855391362616288E-005 -2.800998338751506E-015
  1.874038355817104E-005 -2.886301437764665E-015
  1.892872754415205E-005 -2.974202402902965E-015
  1.911896441866147E-005 -3.064780350968428E-015
  1.931111320554528E-005 -3.158116808228616E-015
  1.950519311984229E-005 -3.254295783795362E-015
  1.970122356970567E-005 -3.353403845238837E-015
  1.989922415834376E-005 -3.455530196504463E-015
  2.009921468598042E-005 -3.560766758202059E-015
  2.030121515183509E-005 -3.669208250340774E-015
  2.050524575612267E-005 -3.780952277583518E-015
  2.071132690207363E-005 -3.896099417097798E-015
  2.091947919797429E-005 -4.014753309081769E-015
  2.112972345922771E-005 -4.137020750047526E-015
  2.134208071043522E-005 -4.263011788945185E-015
  2.155657218749889E-005 -4.392839826214455E-015
  2.177321933974518E-005 -4.526621715852325E-015
  2.199204383206985E-005 -4.664477870590227E-015
  2.221306754710450E-005 -4.806532370272667E-015
  2.243631258740481E-005 -4.952913073538513E-015
  2.266180127766085E-005 -5.103751732901520E-015
  2.288955616692955E-005 -5.259184113337123E-015
  2.311960003088964E-005 -5.419350114479506E-015
  2.335195587411921E-005 -5.584393896541116E-015
  2.358664693239622E-005 -5.754464010066650E-015
  2.382369667502208E-005 -5.929713529638352E-015
  2.406312880716859E-005 -6.110300191653272E-015
  2.430496727224849E-005 -6.296386536297135E-015
  2.454923625430982E-005 -6.488140053841286E-015
  2.479596018045435E-005 -6.685733335395234E-015
  2.504516372328029E-005 -6.889344228250245E-015
  2.529687180334960E-005 -7.099155995953784E-015
  2.555110959168004E-005 -7.315357483259433E-015
  2.580790251226231E-005 -7.538143286099605E-015
  2.606727624460247E-005 -7.767713926735453E-015
  2.632925672628988E-005 -8.004276034239888E-015
  2.659387015559105E-005 -8.248042530477687E-015
  2.686114299406941E-005 -8.499232821750619E-015
  2.713110196923153E-005 -8.758072996275660E-015
  2.740377407719991E-005 -9.024796027682769E-015
  2.767918658541256E-005 -9.299641984703700E-015
  2.795736703534981E-005 -9.582858247252937E-015
  2.823834324528849E-005 -9.874699729083715E-015
  2.852214331308372E-005 -1.017542910722943E-014
  2.880879561897880E-005 -1.048531705843025E-014
  2.909832882844318E-005 -1.080464250276000E-014
  2.939077189503909E-005 -1.113369285467334E-014
  2.968615406331690E-005 -1.147276428169860E-014
  2.998450487173959E-005 -1.182216197100754E-014
  3.028585415563662E-005 -1.218220040410541E-014
  3.059023205018751E-005 -1.255320363988503E-014
  3.089766899343537E-005 -1.293550560630170E-014
  3.120819572933071E-005 -1.332945040093081E-014
  3.152184331080590E-005 -1.373539260067973E-014
  3.183864310288046E-005 -1.415369758092933E-014
  3.215862678579760E-005 -1.458474184439822E-014
  3.248182635819227E-005 -1.502891336001915E-014
  3.280827414029103E-005 -1.548661191213834E-014
  3.313800277714414E-005 -1.595824946034787E-014
  3.347104524189006E-005 -1.644425051027702E-014
  3.380743483905280E-005 -1.694505249567641E-014
  3.414720520787241E-005 -1.746110617213694E-014
  3.449039032566889E-005 -1.799287602280257E-014
  3.483702451124003E-005 -1.854084067643310E-014
  3.518714242829325E-005 -1.910549333820462E-014
  3.554077908891202E-005 -1.968734223362815E-014
  3.589796985705708E-005 -2.028691106598361E-014
  3.625875045210293E-005 -2.090473948769186E-014
  3.662315695240971E-005 -2.154138358603746E-014
  3.699122579893114E-005 -2.219741638368146E-014
  3.736299379885858E-005 -2.287342835442493E-014
  3.773849812930184E-005 -2.357002795467281E-014
  3.811777634100688E-005 -2.428784217108628E-014
  3.850086636211095E-005 -2.502751708491251E-014
  3.888780650193538E-005 -2.578971845350233E-014
  3.927863545481662E-005 -2.657513230953724E-014
  3.967339230397565E-005 -2.738446557850282E-014
  4.007211652542635E-005 -2.821844671497126E-014
  4.047484799192313E-005 -2.907782635826042E-014
  4.088162697694826E-005 -2.996337800805615E-014
  4.129249415873922E-005 -3.087589872061967E-014
  4.170749062435658E-005 -3.181620982618715E-014
  4.212665787379273E-005 -3.278515766822437E-014
  4.255003782412192E-005 -3.378361436519408E-014
  4.297767281369201E-005 -3.481247859551910E-014
  4.340960560635832E-005 -3.587267640645557E-014
  4.384587939576005E-005 -3.696516204759634E-014
  4.428653780963972E-005 -3.809091882976131E-014
  4.473162491420592E-005 -3.925096001004288E-014
  4.518118521854002E-005 -4.044632970380634E-014
  4.563526367904709E-005 -4.167810382446223E-014
  4.609390570395158E-005 -4.294739105186574E-014
  4.655715715783817E-005 -4.425533383019623E-014
  4.702506436623831E-005 -4.560310939624039E-014
  4.749767412026275E-005 -4.699193083898278E-014
  4.797503368128075E-005 -4.842304819146603E-014
  4.845719078564621E-005 -4.989774955590845E-014
  4.894419364947136E-005 -5.141736226307751E-014
  4.943609097344842E-005 -5.298325406698367E-014
  4.993293194771970E-005 -5.459683437594814E-014
  5.043476625679667E-005 -5.625955552116403E-014
  5.094164408452843E-005 -5.797291406389375E-014
  5.145361611912016E-005 -5.973845214247779E-014
  5.197073355820196E-005 -6.155775886035739E-014
  5.249304811394866E-005 -6.343247171638106E-014
  5.302061201825112E-005 -6.536427807866068E-014
  5.355347802793938E-005 -6.735491670331729E-014
  5.409169943005849E-005 -6.940617929947711E-014
  5.463533004719717E-005 -7.151991214193762E-014
  5.518442424287016E-005 -7.369801773292967E-014
  5.573903692695461E-005 -7.594245651450436E-014
  5.629922356118111E-005 -7.825524863306332E-014
  5.686504016467991E-005 -8.063847575762002E-014
  5.743654331958286E-005 -8.309428295345358E-014
  5.801379017668172E-005 -8.562488061280291E-014
  5.859683846114323E-005 -8.823254644437171E-014
  5.918574647828172E-005 -9.091962752342046E-014
  5.978057311938966E-005 -9.368854240429619E-014
  6.038137786762685E-005 -9.654178329728671E-014
  6.098822080396878E-005 -9.948191831178035E-014
  6.160116261321479E-005 -1.025115937677496E-013
  6.222026459005659E-005 -1.056335365775977E-013
  6.284558864520780E-005 -1.088505567005774E-013
  6.347719731159503E-005 -1.121655496719427E-013
  6.411515375061126E-005 -1.155814992091167E-013
  6.475952175843203E-005 -1.191014798972567E-013
  6.541036577239508E-005 -1.227286599565691E-013
  6.606775087744418E-005 -1.264663040939310E-013
  6.673174281263768E-005 -1.303177764413492E-013
  6.740240797772241E-005 -1.342865435838935E-013
  6.807981343977377E-005 -1.383761776798776E-013
  6.876402693990248E-005 -1.425903596760235E-013
  6.945511690002872E-005 -1.469328826205722E-013
  7.015315242972443E-005 -1.514076550772783E-013
  7.085820333312427E-005 -1.560187046433860E-013
  7.157034011590611E-005 -1.607701815747297E-013
  7.228963399234170E-005 -1.656663625212566E-013
  7.301615689241808E-005 -1.707116543762960E-013
  7.374998146903070E-005 -1.759105982430497E-013
  7.449118110524875E-005 -1.812678735219069E-013
  7.523982992165351E-005 -1.867883021222126E-013
  7.599600278375051E-005 -1.924768528023099E-013
  7.675977530945610E-005 -1.983386456417638E-013
  7.753122387665932E-005 -2.043789566497777E-013
  7.831042563085978E-005 -2.106032225139450E-013
  7.909745849288223E-005 -2.170170454936530E-013
  7.989240116666873E-005 -2.236261984624826E-013
  8.069533314714912E-005 -2.304366301041934E-013
  8.150633472819056E-005 -2.374544702669261E-013
  8.232548701062700E-005 -2.446860354804920E-013
  8.315287191036930E-005 -2.521378346416829E-013
  8.398857216659692E-005 -2.598165748726855E-013
  8.483267135003191E-005 -2.677291675579861E-013
  8.568525387129605E-005 -2.758827345650425E-013
  8.654640498935192E-005 -2.842846146544792E-013
  8.741621082002897E-005 -2.929423700854641E-013
  8.829475834463511E-005 -3.018637934222016E-013
  8.918213541865493E-005 -3.110569145478391E-013
  9.007843078053531E-005 -3.205300078918604E-013
  9.098373406055935E-005 -3.302915998776486E-013
  9.189813578980947E-005 -3.403504765968212E-013
  9.282172740922061E-005 -3.507156917173209E-013
  9.375460127872437E-005 -3.613965746323239E-013
  9.469685068648510E-005 -3.724027388573410E-013
  9.564856985822878E-005 -3.837440906829784E-013
  9.660985396666569E-005 -3.954308380913449E-013
  9.758079914100775E-005 -4.074734999438600E-013
  9.856150247658151E-005 -4.198829154489558E-013
  9.955206204453779E-005 -4.326702539181182E-013
  1.005525769016588E-004 -4.458470248189872E-013
  1.015631471002642E-004 -4.594250881346826E-013
  1.025838736982157E-004 -4.734166650385778E-013
  1.036148587690240E-004 -4.878343488941798E-013
  1.046562054120551E-004 -5.026911165899842E-013
  1.057080177628413E-004 -5.180003402196167E-013
  1.067704010034941E-004 -5.337757991175579E-013
  1.078434613732228E-004 -5.500316922614544E-013
  1.089273061789587E-004 -5.667826510522507E-013
  1.100220438060855E-004 -5.840437524833437E-013
  1.111277837292783E-004 -6.018305327109278E-013
  1.122446365234509E-004 -6.201590010376292E-013
  1.133727138748133E-004 -6.390456543218616E-013
  1.145121285920407E-004 -6.585074918262015E-013
  1.156629946175544E-004 -6.785620305178214E-013
  1.168254270389161E-004 -6.992273208349459E-013
  1.179995421003365E-004 -7.205219629335057E-013
  1.191854572143001E-004 -7.424651234284470E-013
  1.203832909733068E-004 -7.650765526450897E-013
  1.215931631617306E-004 -7.883766023956760E-013
  1.228151947677985E-004 -8.123862442973724E-013
  1.240495079956894E-004 -8.371270886481559E-013
  1.252962262777549E-004 -8.626214038775900E-013
  1.265554742868621E-004 -8.888921365898332E-013
  1.278273779488612E-004 -9.159629322171421E-013
  1.291120644551783E-004 -9.438581563024338E-013
  1.304096622755347E-004 -9.726029164298220E-013
  1.317203011707938E-004 -1.002223084823186E-012
  1.330441122059372E-004 -1.032745321632927E-012
  1.343812277631716E-004 -1.064197098931831E-012
  1.357317815551671E-004 -1.096606725441925E-012
  1.370959086384284E-004 -1.130003372014017E-012
  1.384737454268004E-004 -1.164417097883710E-012
  1.398654297051103E-004 -1.199878877726438E-012
  1.412711006429456E-004 -1.236420629537110E-012
  1.426908988085715E-004 -1.274075243358066E-012
  1.441249661829877E-004 -1.312876610882654E-012
  1.455734461741268E-004 -1.352859655959881E-012
  1.470364836311949E-004 -1.394060366028315E-012
  1.485142248591569E-004 -1.436515824507036E-012
  1.500068176333671E-004 -1.480264244173480E-012
  1.515144112143468E-004 -1.525345001557296E-012
  1.530371563627103E-004 -1.571798672381982E-012
  1.545752053542415E-004 -1.619667068085747E-012
  1.561287119951212E-004 -1.668993273454604E-012
  1.576978316373081E-004 -1.719821685401587E-012
  1.592827211940740E-004 -1.772198052927037E-012
  1.608835391556954E-004 -1.826169518295728E-012
  1.625004456053024E-004 -1.881784659467979E-012
  1.641336022348874E-004 -1.939093533823357E-012
  1.657831723614744E-004 -1.998147723215418E-012
  1.674493209434506E-004 -2.059000380399003E-012
  1.691322145970627E-004 -2.121706276871333E-012
  1.708320216130786E-004 -2.186321852169882E-012
  1.725489119736162E-004 -2.252905264671887E-012
  1.742830573691424E-004 -2.321516443940892E-012
  1.760346312156419E-004 -2.392217144667160E-012
  1.778038086719590E-004 -2.465071002251268E-012
  1.795907666573136E-004 -2.540143590080180E-012
  1.813956838689935E-004 -2.617502478547687E-012
  1.832187408002238E-004 -2.697217295872213E-012
  1.850601197582169E-004 -2.779359790767356E-012
  1.869200048824031E-004 -2.864003897019855E-012
  1.887985821628447E-004 -2.951225800035673E-012
  1.906960394588353E-004 -3.041104005411573E-012
  1.926125665176857E-004 -3.133719409595567E-012
  1.945483549936988E-004 -3.229155372699041E-012
  1.965035984673355E-004 -3.327497793526826E-012
  1.984784924645725E-004 -3.428835186891615E-012
  2.004732344764552E-004 -3.533258763283154E-012
  2.024880239788472E-004 -3.640862510964240E-012
  2.045230624523776E-004 -3.751743280566031E-012
  2.065785534025897E-004 -3.866000872260540E-012
  2.086547023802914E-004 -3.983738125587123E-012
  2.107517170021107E-004 -4.105061012015571E-012
  2.128698069712572E-004 -4.230078730326709E-012
  2.150091840984929E-004 -4.358903804899506E-012
  2.171700623233133E-004 -4.491652186990045E-012
  2.193526577353418E-004 -4.628443359095774E-012
  2.215571885959383E-004 -4.769400442497655E-012
  2.237838753600260E-004 -4.914650308077556E-012
  2.260329406981369E-004 -5.064323690510658E-012
  2.283046095186790E-004 -5.218555305935592E-012
  2.305991089904274E-004 -5.377483973207784E-012
  2.329166685652415E-004 -5.541252738845979E-012
  2.352575200010099E-004 -5.710009005783714E-012
  2.376218973848271E-004 -5.883904666041696E-012
  2.400100371564016E-004 -6.063096237441161E-012
  2.424221781317008E-004 -6.247745004479920E-012
  2.448585615268323E-004 -6.438017163500117E-012
  2.473194309821660E-004 -6.634083972275208E-012
  2.498050325866981E-004 -6.836121904154236E-012
  2.523156149026604E-004 -7.044312806898786E-012
  2.548514289903768E-004 -7.258844066359734E-012
  2.574127284333690E-004 -7.479908775135319E-012
  2.599997693637159E-004 -7.707705906369018E-012
  2.626128104876664E-004 -7.942440492837513E-012
  2.652521131115104E-004 -8.184323811494887E-012
  2.679179411677097E-004 -8.433573573636117E-012
  2.706105612412915E-004 -8.690414120850622E-012
  2.733302425965069E-004 -8.955076626946709E-012
  2.760772572037580E-004 -9.227799306021800E-012
  2.788518797667946E-004 -9.508827626872589E-012
  2.816543877501851E-004 -9.798414533932070E-012
  2.844850614070635E-004 -1.009682067493759E-011
  2.873441838071543E-004 -1.040431463553109E-011
  2.902320408650801E-004 -1.072117318100408E-011
  2.931489213689532E-004 -1.104768150540482E-011
  2.960951170092547E-004 -1.138413348823273E-011
  2.990709224080040E-004 -1.173083195894920E-011
  3.020766351482207E-004 -1.208808896954435E-011
  3.051125558036835E-004 -1.245622607540597E-011
  3.081789879689881E-004 -1.283557462473895E-011
  3.112762382899062E-004 -1.322647605680234E-011
  3.144046164940510E-004 -1.362928220922806E-011
  3.175644354218500E-004 -1.404435563469711E-011
  3.207560110578290E-004 -1.447206992726140E-011
  3.239796625622114E-004 -1.491281005860551E-011
  3.272357123028340E-004 -1.536697272454392E-011
  3.305244858873842E-004 -1.583496670207658E-011
  3.338463121959611E-004 -1.631721321731388E-011
  3.372015234139638E-004 -1.681414632461005E-011
  3.405904550653101E-004 -1.732621329723968E-011
  3.440134460459893E-004 -1.785387502997420E-011
  3.474708386579519E-004 -1.839760645391947E-011
  3.509629786433403E-004 -1.895789696398266E-011
  3.544902152190631E-004 -1.953525085936338E-011
  3.580529011117173E-004 -2.013018779745551E-011
  3.616513925928612E-004 -2.074324326157458E-011
  3.652860495146414E-004 -2.137496904292641E-011
  3.689572353457793E-004 -2.202593373725925E-011
  3.726653172079170E-004 -2.269672325663649E-011
  3.764106659123311E-004 -2.338794135679633E-011
  3.801936559970129E-004 -2.410021018057380E-011
  3.840146657641236E-004 -2.483417081786936E-011
  3.878740773178239E-004 -2.559048388267475E-011
  3.917722766024855E-004 -2.636983010766833E-011
  3.957096534412853E-004 -2.717291095692091E-011
  3.996866015751884E-004 -2.800044925725981E-011
  4.037035187023224E-004 -2.885318984886179E-011
  4.077608065177472E-004 -2.973190025565846E-011
  4.118588707536257E-004 -3.063737137616173E-011
  4.159981212197964E-004 -3.157041819532093E-011
  4.201789718447553E-004 -3.253188051806825E-011
  4.244018407170490E-004 -3.352262372519771E-011
  4.286671501270838E-004 -3.454353955226419E-011
  4.329753266093551E-004 -3.559554689220715E-011
  4.373268009851013E-004 -3.667959262241512E-011
  4.417220084053862E-004 -3.779665245698072E-011
  4.461613883946145E-004 -3.894773182490317E-011
  4.506453848944847E-004 -4.013386677504702E-011
  4.551744463083835E-004 -4.135612490865309E-011
  4.597490255462263E-004 -4.261560634025242E-011
  4.643695800697493E-004 -4.391344468783983E-011
  4.690365719382552E-004 -4.525080809320866E-011
  4.737504678548200E-004 -4.662890027335687E-011
  4.785117392129637E-004 -4.804896160390834E-011
  4.833208621437898E-004 -4.951227023553998E-011
  4.881783175635990E-004 -5.102014324439668E-011
  4.930845912219812E-004 -5.257393781755322E-011
  4.980401737503908E-004 -5.417505247456991E-011
  5.030455607112102E-004 -5.582492832625240E-011
  5.081012526473069E-004 -5.752505037175125E-011
  5.132077551320874E-004 -5.927694883515750E-011
  5.183655788200556E-004 -6.108220054280749E-011
  5.235752394978785E-004 -6.294243034252921E-011
  5.288372581359655E-004 -6.485931256611771E-011
  5.341521609405652E-004 -6.683457253634482E-011
  5.395204794063872E-004 -6.886998811985743E-011
  5.449427503697519E-004 -7.096739132738826E-011
  5.504195160622739E-004 -7.312866996267471E-011
  5.559513241650865E-004 -7.535576932161650E-011
  5.615387278636101E-004 -7.765069394316960E-011
  5.671822859028704E-004 -8.001550941355736E-011
  5.728825626433746E-004 -8.245234422545295E-011
  5.786401281175469E-004 -8.496339169373906E-011
  5.844555580867326E-004 -8.755091192966184E-011
  5.903294340987749E-004 -9.021723387506465E-011
  5.962623435461700E-004 -9.296475739859814E-011
  6.022548797248065E-004 -9.579595545575884E-011
  6.083076418932963E-004 -9.871337631470876E-011
  6.144212353329002E-004 -1.017196458498994E-010
  6.205962714080567E-004 -1.048174699055114E-010
  6.268333676275193E-004 -1.080096367309228E-010
  6.331331477061076E-004 -1.112990194902833E-010
  6.394962416270792E-004 -1.146885788485839E-010
  6.459232857051288E-004 -1.181813656364347E-010
  6.524149226500201E-004 -1.217805235960086E-010
  6.589718016308573E-004 -1.254892922106390E-010
  6.655945783410026E-004 -1.293110096205468E-010
  6.722839150636460E-004 -1.332491156274051E-010
  6.790404807380342E-004 -1.373071547903717E-010
  6.858649510263652E-004 -1.414887796164395E-010
  6.927580083813549E-004 -1.457977538479279E-010
  6.997203421144829E-004 -1.502379558500942E-010
  7.067526484649246E-004 -1.548133821019296E-010
  7.138556306691753E-004 -1.595281507932465E-010
  7.210299990313746E-004 -1.643865055313273E-010
  7.282764709943374E-004 -1.693928191604309E-010
  7.355957712112987E-004 -1.745515976976686E-010
  7.429886316183797E-004 -1.798674843886943E-010
  7.504557915077816E-004 -1.853452638869474E-010
  7.579979976017164E-004 -1.909898665601323E-010
  7.656160041270783E-004 -1.968063729279043E-010
  7.733105728908685E-004 -2.028000182346357E-010
  7.810824733563754E-004 -2.089761971615085E-010
  7.889324827201221E-004 -2.153404686820691E-010
  7.968613859895868E-004 -2.218985610656727E-010
  8.048699760617038E-004 -2.286563770332806E-010
  8.129590538021542E-004 -2.356199990703429E-010
  8.211294281254529E-004 -2.427956949013686E-010
  8.293819160758410E-004 -2.501899231313414E-010
  8.377173429089906E-004 -2.578093390588664E-010
  8.461365421745311E-004 -2.656608006663633E-010
  8.546403557994053E-004 -2.737513747927214E-010
  8.632296341720621E-004 -2.820883434938871E-010
  8.719052362274964E-004 -2.906792105972101E-010
  8.806680295331436E-004 -2.995317084553633E-010
  8.895188903756367E-004 -3.086538049059910E-010
  8.984587038484355E-004 -3.180537104432234E-010
  9.074883639403372E-004 -3.277398856077132E-010
  9.166087736248758E-004 -3.377210486016450E-010
  9.258208449506200E-004 -3.480061831356765E-010
  9.351254991323793E-004 -3.586045465148812E-010
  9.445236666433257E-004 -3.695256779709006E-010
  9.540162873080421E-004 -3.807794072478751E-010
  9.636043103965054E-004 -3.923758634498766E-010
  9.732886947190147E-004 -4.043254841576859E-010
  9.830704087220726E-004 -4.166390248233959E-010
  9.929504305852307E-004 -4.293275684508893E-010
  1.002929748318909E-003 -4.424025355713537E-010
  1.013009359863196E-003 -4.558756945224464E-010
  1.023190273187647E-003 -4.697591720405565E-010
  1.033473506392079E-003 -4.840654641756709E-010
  1.043860087808380E-003 -4.988074475386030E-010
  1.054351056103348E-003 -5.139983908907311E-010
  1.064947460382556E-003 -5.296519670868278E-010
  1.075650360295261E-003 -5.457822653813944E-010
  1.086460826140374E-003 -5.624038041099680E-010
  1.097379938973488E-003 -5.795315437565087E-010
  1.108408790714985E-003 -5.971809004187909E-010
  1.119548484259231E-003 -6.153677596838862E-010
  1.130800133584864E-003 -6.341084909261956E-010
  1.142164863866191E-003 -6.534199620409460E-010
  1.153643811585712E-003 -6.733195546262967E-010
  1.165238124647765E-003 -6.938251796279879E-010
  1.176948962493318E-003 -7.149552934601761E-010
  1.188777496215914E-003 -7.367289146175165E-010
  1.200724908678782E-003 -7.591656407929323E-010
  1.212792394633126E-003 -7.822856665167761E-010
  1.224981160837598E-003 -8.061098013331782E-010
  1.237292426178973E-003 -8.306594885299648E-010
  1.249727421794048E-003 -8.559568244389285E-010
  1.262287391192744E-003 -8.820245783239308E-010
  1.274973590382470E-003 -9.088862128746401E-010
  1.287787287993715E-003 -9.365659053244468E-010
  1.300729765406920E-003 -9.650885692114475E-010
  1.313802316880610E-003 -9.944798768022107E-010
  1.327006249680827E-003 -1.024766282198347E-009
  1.340342884211854E-003 -1.055975045146910E-009
  1.353813554148259E-003 -1.088134255575836E-009
  1.367419606568260E-003 -1.121272858876537E-009
  1.381162402088439E-003 -1.155420681956677E-009
  1.395043314999798E-003 -1.190608460086089E-009
  1.409063733405198E-003 -1.226867864560441E-009
  1.423225059358161E-003 -1.264231531207386E-009
  1.437528709003086E-003 -1.302733089760773E-009
  1.451976112716855E-003 -1.342407194129408E-009
  1.466568715251880E-003 -1.383289553587789E-009
  1.481307975880575E-003 -1.425416964916482E-009
  1.496195368541286E-003 -1.468827345521528E-009
  1.511232381985684E-003 -1.513559767562472E-009
  1.526420519927645E-003 -1.559654493119475E-009
  1.541761301193620E-003 -1.607153010431770E-009
  1.557256259874520E-003 -1.656098071239500E-009
  1.572906945479126E-003 -1.706533729262846E-009
  1.588714923089039E-003 -1.758505379852991E-009
  1.604681773515195E-003 -1.812059800850656E-009
  1.620809093455942E-003 -1.867245194688939E-009
  1.637098495656713E-003 -1.924111231778326E-009
  1.653551609071303E-003 -1.982709095212979E-009
  1.670170079024764E-003 -2.043091526838628E-009
  1.686955567377941E-003 -2.105312874723181E-009
  1.703909752693657E-003 -2.169429142073290E-009
  1.721034330404571E-003 -2.235498037640395E-009
  1.738331012982726E-003 -2.303579027662056E-009
  1.755801530110794E-003 -2.373733389384960E-009
  1.773447628855045E-003 -2.446024266217924E-009
  1.791271073840059E-003 -2.520516724564686E-009
  1.809273647425189E-003 -2.597277812387428E-009
  1.827457149882794E-003 -2.676376619553453E-009
  1.845823399578274E-003 -2.757884340020655E-009
  1.864374233151902E-003 -2.841874335915364E-009
  1.883111505702496E-003 -2.928422203562883E-009
  1.902037090972925E-003 -3.017605841528198E-009
  1.921152881537488E-003 -3.109505520729389E-009
  1.940460788991171E-003 -3.204203956685381E-009
  1.959962744140808E-003 -3.301786383964950E-009
  1.979660697198168E-003 -3.402340632902545E-009
  1.999556617974969E-003 -3.505957208650067E-009
  2.019652496079871E-003 -3.612729372636819E-009
  2.039950341117431E-003 -3.722753226509764E-009
  2.060452182889067E-003 -3.836127798630100E-009
  2.081160071596040E-003 -3.952955133204398E-009
  2.102076078044479E-003 -4.073340382129655E-009
  2.123202293852459E-003 -4.197391899635599E-009
  2.144540831659165E-003 -4.325221339809573E-009
  2.166093825336160E-003 -4.456943757090601E-009
  2.187863430200773E-003 -4.592677709824918E-009
  2.209851823231631E-003 -4.732545366974449E-009
  2.232061203286362E-003 -4.876672618075324E-009
  2.254493791321479E-003 -5.025189186544836E-009
  2.277151830614479E-003 -5.178228746439290E-009
  2.300037586988174E-003 -5.335929042767469E-009
  2.323153349037271E-003 -5.498432015467961E-009
  2.346501428357240E-003 -5.665883927162447E-009
  2.370084159775469E-003 -5.838435494799503E-009
  2.393903901584753E-003 -6.016242025307022E-009
  2.417963035779121E-003 -6.199463555376070E-009
  2.442263968292043E-003 -6.388264995501999E-009
  2.466809129237021E-003 -6.582816278412000E-009
  2.491600973150604E-003 -6.783292512012568E-009
  2.516641979237843E-003 -6.989874136994322E-009
  2.541934651620214E-003 -7.202747089238649E-009
  2.567481519586034E-003 -7.422102967167357E-009
  2.593285137843387E-003 -7.648139204190967E-009
  2.619348086775602E-003 -7.881059246407819E-009
  2.645672972699293E-003 -8.121072735714188E-009
  2.672262428124988E-003 -8.368395698492271E-009
  2.699119112020388E-003 -8.623250740043292E-009
  2.726245710076264E-003 -8.885867244942159E-009
  2.753644934975027E-003 -9.156481583493959E-009
  2.781319526661998E-003 -9.435337324476708E-009
  2.809272252619410E-003 -9.722685454364528E-009
  2.837505908143152E-003 -1.001878460322556E-008
  2.866023316622305E-003 -1.032390127750043E-008
  2.894827329821480E-003 -1.063831009986871E-008
  2.923920828166001E-003 -1.096229405642036E-008
  2.953306721029949E-003 -1.129614475135454E-008
  2.982987947027096E-003 -1.164016266943668E-008
  3.012967474304777E-003 -1.199465744644361E-008
  3.043248300840704E-003 -1.235994814785061E-008
  3.073833454742763E-003 -1.273636355600003E-008
  3.104725994551833E-003 -1.312424246602000E-008
  3.135929009547639E-003 -1.352393399075074E-008
  3.167445620057682E-003 -1.393579787495985E-008
  3.199278977769278E-003 -1.436020481912463E-008
  3.231432266044725E-003 -1.479753681307658E-008
  3.263908700239646E-003 -1.524818747980379E-008
  3.296711528024524E-003 -1.571256242972683E-008
  3.329844029709473E-003 -1.619107962575903E-008
  3.363309518572272E-003 -1.668416975948979E-008
  3.397111341189696E-003 -1.719227663881793E-008
  3.431252877772174E-003 -1.771585758739295E-008
  3.465737542501817E-003 -1.825538385622039E-008
  3.500568783873834E-003 -1.881134104780334E-008
  3.535750085041388E-003 -1.938422955319517E-008
  3.571284964163915E-003 -1.997456500236822E-008
  3.607176974758939E-003 -2.058287872829275E-008
  3.643429706057430E-003 -2.120971824515222E-008
  3.680046783362728E-003 -2.185564774111850E-008
  3.717031868413078E-003 -2.252124858613591E-008
  3.754388659747807E-003 -2.320711985516756E-008
  3.792120893077178E-003 -2.391387886737674E-008
  3.830232341655968E-003 -2.464216174172658E-008
  3.868726816660794E-003 -2.539262396950178E-008
  3.907608167571236E-003 -2.616594100426399E-008
  3.946880282554787E-003 -2.696280886977022E-008
  3.986547088855670E-003 -2.778394478641135E-008
  4.026612553187573E-003 -2.863008781671819E-008
  4.067080682130316E-003 -2.950199953053092E-008
  4.107955522530517E-003 -3.040046469042605E-008
  4.149241161906279E-003 -3.132629195800890E-008
  4.190941728855944E-003 -3.228031462172446E-008
  4.233061393470959E-003 -3.326339134682231E-008
  4.275604367752883E-003 -3.427640694816653E-008
  4.318574906034598E-003 -3.532027318657835E-008
  4.361977305405740E-003 -3.639592958942706E-008
  4.405815906142417E-003 -3.750434429621110E-008
  4.450095092141232E-003 -3.864651492988878E-008
  4.494819291357688E-003 -3.982346949474752E-008
  4.539992976248974E-003 -4.103626730160403E-008
  4.585620664221224E-003 -4.228599992119326E-008
  4.631706918081261E-003 -4.357379216657839E-008
  4.678256346492874E-003 -4.490080310548412E-008
  4.725273604437696E-003 -4.626822710345410E-008
  4.772763393680704E-003 -4.767729489877615E-008
  4.820730463240395E-003 -4.912927471014002E-008
  4.869179609863700E-003 -5.062547337802776E-008
  4.918115678505653E-003 -5.216723754086000E-008
  4.967543562813901E-003 -5.375595484695536E-008
  5.017468205618064E-003 -5.539305520340084E-008
  5.067894599424026E-003 -5.708001206295371E-008
  5.118827786913189E-003 -5.881834375011636E-008
  5.170272861446748E-003 -6.060961482762210E-008
  5.222234967575027E-003 -6.245543750449934E-008
  5.274719301551940E-003 -6.435747308703476E-008
  5.327731111854623E-003 -6.631743347391927E-008
  5.381275699708282E-003 -6.833708269690694E-008
  5.435358419616323E-003 -7.041823850840762E-008
  5.489984679895806E-003 -7.256277401741545E-008
  5.545159943218281E-003 -7.477261937525570E-008
  5.600889727156061E-003 -7.704976351265749E-008
  5.657179604733979E-003 -7.939625592973279E-008
  5.714035204986703E-003 -8.181420854045241E-008
  5.771462213521638E-003 -8.430579757329554E-008
  5.829466373087492E-003 -8.687326552976991E-008
  5.888053484148560E-003 -8.951892320257151E-008
  5.947229405464770E-003 -9.224515175520445E-008
  6.007000054677568E-003 -9.505440486491440E-008
  6.067371408901684E-003 -9.794921093088929E-008
  6.128349505322849E-003 -1.009321753496861E-007
  6.189940441801521E-003 -1.040059828599633E-007
  6.252150377482675E-003 -1.071733999585865E-007
  6.314985533411720E-003 -1.104372773903299E-007
  6.378452193156611E-003 -1.138005527133760E-007
  6.442556703436212E-003 -1.172662529429318E-007
  6.507305474754973E-003 -1.208374972753502E-007
  6.572704982043981E-003 -1.245174998952017E-007
  6.638761765308467E-003 -1.283095728678085E-007
  6.705482430281803E-003 -1.322171291198738E-007
  6.772873649086087E-003 -1.362436855108458E-007
  6.840942160899361E-003 -1.403928659978269E-007
  6.909694772629528E-003 -1.446684048968375E-007
  6.979138359595057E-003 -1.490741502433840E-007
  7.049279866212513E-003 -1.536140672553513E-007
  7.120126306691010E-003 -1.582922419013542E-007
  7.191684765733635E-003 -1.631128845777226E-007
  7.263962399245923E-003 -1.680803338974322E-007
  7.336966435051459E-003 -1.731990605944489E-007
  7.410704173614658E-003 -1.784736715469126E-007
  7.485182988770826E-003 -1.839089139228313E-007
  7.560410328463545E-003 -1.895096794520206E-007
  7.636393715489472E-003 -1.952810088280862E-007
  7.713140748250632E-003 -2.012280962444713E-007
  7.790659101514255E-003 -2.073562940685869E-007
  7.868956527180266E-003 -2.136711176582871E-007
  7.948040855056482E-003 -2.201782503249498E-007
  8.027919993641592E-003 -2.268835484477306E-007
  8.108601930916023E-003 -2.337930467434926E-007
  8.190094735140737E-003 -2.409129636971859E-007
  8.272406555664065E-003 -2.482497071575937E-007
  8.355545623736655E-003 -2.558098801034282E-007
  8.439520253334597E-003 -2.636002865849886E-007
  8.524338841990829E-003 -2.716279378467385E-007
  8.610009871634900E-003 -2.799000586362691E-007
  8.696541909441165E-003 -2.884240937053714E-007
  8.783943608685518E-003 -2.972077145090043E-007
  8.872223709610716E-003 -3.062588261082810E-007
  8.961391040300420E-003 -3.155855742835138E-007
  9.051454517562004E-003 -3.251963528639863E-007
  9.142423147818249E-003 -3.350998112806782E-007
  9.234306028007988E-003 -3.453048623491122E-007
  9.327112346495808E-003 -3.558206902890386E-007
  9.420851383990897E-003 -3.666567589883444E-007
  9.515532514475121E-003 -3.778228205185013E-007
  9.611165206140429E-003 -3.893289239092726E-007
  9.707759022335682E-003 -4.011854241905980E-007
  9.805323622522994E-003 -4.134029917097177E-007
  9.903868763243690E-003 -4.259926217319229E-007
  1.000340429909396E-002 -4.389656443336127E-007
  1.010394018371034E-002 -4.523337345965641E-007
  1.020548647076507E-002 -4.661089231124579E-007
  1.030805331497147E-002 -4.803036068072756E-007
  1.041165097309945E-002 -4.949305600951716E-007
  1.051628980500114E-002 -5.100029463719143E-007
  1.062198027464693E-002 -5.255343298581957E-007
  1.072873295117187E-002 -5.415386878035235E-007
  1.083655850993256E-002 -5.580304230615086E-007
  1.094546773357475E-002 -5.750243770480840E-007
  1.105547151311154E-002 -5.925358430941365E-007
  1.116658084901257E-002 -6.105805802045700E-007
  1.127880685230402E-002 -6.291748272362507E-007
  1.139216074567974E-002 -6.483353175074857E-007
  1.150665386462352E-002 -6.680792938523070E-007
  1.162229765854267E-002 -6.884245241328436E-007
  1.173910369191296E-002 -7.093893172240160E-007
  1.185708364543506E-002 -7.309925394847689E-007
  1.197624931720263E-002 -7.532536317306200E-007
  1.209661262388217E-002 -7.761926267228087E-007
  1.221818560190464E-002 -7.998301671899144E-007
  1.234098040866916E-002 -8.241875243978003E-007
  1.246500932375873E-002 -8.492866172850049E-007
  1.259028475016822E-002 -8.751500321803604E-007
  1.271681921554466E-002 -9.018010431209064E-007
  1.284462537344004E-002 -9.292636327881311E-007
  1.297371600457665E-002 -9.575625140813341E-007
  1.310410401812519E-002 -9.867231523478677E-007
  1.323580245299567E-002 -1.016771788289561E-006
  1.336882447914131E-002 -1.047735461566768E-006
  1.350318339887560E-002 -1.079642035120308E-006
  1.363889264820246E-002 -1.112520220233968E-006
  1.377596579815993E-002 -1.146399602359654E-006
  1.391441655617722E-002 -1.181310667728339E-006
  1.405425876744551E-002 -1.217284830771102E-006
  1.419550641630247E-002 -1.254354462374474E-006
  1.433817362763069E-002 -1.292552918995681E-006
  1.448227466827019E-002 -1.331914572663944E-006
  1.462782394844512E-002 -1.372474841894693E-006
  1.477483602320478E-002 -1.414270223544663E-006
  1.492332559387917E-002 -1.457338325636014E-006
  1.507330750954910E-002 -1.501717901179635E-006
  1.522479676853111E-002 -1.547448883027529E-006
  1.537780851987735E-002 -1.594572419785487E-006
  1.553235806489046E-002 -1.643130912818847E-006
  1.568846085865373E-002 -1.693168054384039E-006
  1.584613251157663E-002 -1.744728866920457E-006
  1.600538879095584E-002 -1.797859743537713E-006
  1.616624562255202E-002 -1.852608489734786E-006
  1.632871909218236E-002 -1.909024366388578E-006
  1.649282544732924E-002 -1.967158134050243E-006
  1.665858109876491E-002 -2.027062098589317E-006
  1.682600262219266E-002 -2.088790158226344E-006
  1.699510675990435E-002 -2.152397851996466E-006
  1.716591042245466E-002 -2.217942409687308E-006
  1.733843069035219E-002 -2.285482803296202E-006
  1.751268481576749E-002 -2.355079800052368E-006
  1.768869022425833E-002 -2.426796017052599E-006
  1.786646451651221E-002 -2.500695977558509E-006
  1.804602547010652E-002 -2.576846169006338E-006
  1.822739104128624E-002 -2.655315102781537E-006
  1.841057936675963E-002 -2.736173375810927E-006
  1.859560876551190E-002 -2.819493734029150E-006
  1.878249774063711E-002 -2.905351137774704E-006
  1.897126498118852E-002 -2.993822829175348E-006
  1.916192936404749E-002 -3.084988401583025E-006
  1.935450995581120E-002 -3.178929871120029E-006
  1.954902601469929E-002 -3.275731750402078E-006
  1.974549699247977E-002 -3.375481124502055E-006
  1.994394253641412E-002 -3.478267729225111E-006
  2.014438249122213E-002 -3.584184031763223E-006
  2.034683690106630E-002 -3.693325313802917E-006
  2.055132601155633E-002 -3.805789757159524E-006
  2.075787027177368E-002 -3.921678532016324E-006
  2.096649033631649E-002 -4.041095887845404E-006
  2.117720706736506E-002 -4.164149247093729E-006
  2.139004153676810E-002 -4.290949301717938E-006
  2.160501502814991E-002 -4.421610112653134E-006
  2.182214903903878E-002 -4.556249212306696E-006
  2.204146528301673E-002 -4.694987710167156E-006
  2.226298569189094E-002 -4.837950401624261E-006
  2.248673241788688E-002 -4.985265880096606E-006
  2.271272783586362E-002 -5.137066652567713E-006
  2.294099454555128E-002 -5.293489258633975E-006
  2.317155537381105E-002 -5.454674393171784E-006
  2.340443337691791E-002 -5.620767032731517E-006
  2.363965184286621E-002 -5.791916565774424E-006
  2.387723429369857E-002 -5.968276926866884E-006
  2.411720448785807E-002 -6.150006734953229E-006
  2.435958642256409E-002 -6.337269435829939E-006
  2.460440433621209E-002 -6.530233448950244E-006
  2.485168271079745E-002 -6.729072318688414E-006
  2.510144627436369E-002 -6.933964870201319E-006
  2.535372000347531E-002 -7.145095370025093E-006
  2.560852912571544E-002 -7.362653691550409E-006
  2.586589912220866E-002 -7.586835485526642E-006
  2.612585573016910E-002 -7.817842355743916E-006
  2.638842494547416E-002 -8.055882040053396E-006
  2.665363302526420E-002 -8.301168596885563E-006
  2.692150649056821E-002 -8.553922597433410E-006
  2.719207212895593E-002 -8.814371323674883E-006
  2.746535699721668E-002 -9.082748972405821E-006
  2.774138842406503E-002 -9.359296865473005E-006
  2.802019401287368E-002 -9.644263666390183E-006
  2.830180164443387E-002 -9.937905603529881E-006
  2.858623947974340E-002 -1.024048670009559E-005
  2.887353596282286E-002 -1.055227901107396E-005
  2.916371982355996E-002 -1.087356286738187E-005
  2.945682008058260E-002 -1.120462712742611E-005
  2.975286604416073E-002 -1.154576943629822E-005
  3.005188731913742E-002 -1.189729649283759E-005
  3.035391380788934E-002 -1.225952432480141E-005
  3.065897571331706E-002 -1.263277857238526E-005
  3.096710354186534E-002 -1.301739478034858E-005
  3.127832810657381E-002 -1.341371869900440E-005
  3.159268053015830E-002 -1.382210659434362E-005
  3.191019224812314E-002 -1.424292556756721E-005
  3.223089501190469E-002 -1.467655388431569E-005
  3.255482089204662E-002 -1.512338131388203E-005
  3.288200228140684E-002 -1.558380947872047E-005
  3.321247189839698E-002 -1.605825221455113E-005
  3.354626279025410E-002 -1.654713594139002E-005
  3.388340833634556E-002 -1.705090004583089E-005
  3.422394225150692E-002 -1.756999727491824E-005
  3.456789858941348E-002 -1.810489414196590E-005
  3.491531174598565E-002 -1.865607134467661E-005
  3.526621646282862E-002 -1.922402419594306E-005
  3.562064783070648E-002 -1.980926306769933E-005
  3.597864129305139E-002 -2.041231384823664E-005
  3.634023264950790E-002 -2.103371841337131E-005
  3.670545805951299E-002 -2.167403511189458E-005
  3.707435404591201E-002 -2.233383926573509E-005
  3.744695749861103E-002 -2.301372368527108E-005
  3.782330567826581E-002 -2.371429920025770E-005
  3.820343622000794E-002 -2.443619520683579E-005
  3.858738713720837E-002 -2.518006023111435E-005
  3.897519682527879E-002 -2.594656250981056E-005
  3.936690406551117E-002 -2.673639058848825E-005
  3.976254802895596E-002 -2.755025393789724E-005
  4.016216828033922E-002 -2.838888358898029E-005
  4.056580478201910E-002 -2.925303278710087E-005
  4.097349789798213E-002 -3.014347766607414E-005
  4.138528839787965E-002 -3.106101794259566E-005
  4.180121746110482E-002 -3.200647763168462E-005
  4.222132668091057E-002 -3.298070578377497E-005
  4.264565806856896E-002 -3.398457724410696E-005
  4.307425405757237E-002 -3.501899343508418E-005
  4.350715750787687E-002 -3.608488316229726E-005
  4.394441171018824E-002 -3.718320344492107E-005
  4.438606039029110E-002 -3.831494037121962E-005
  4.483214771342150E-002 -3.948110997991022E-005
  4.528271828868348E-002 -4.068275916817728E-005
  4.573781717351005E-002 -4.192096662711755E-005
  4.619748987816896E-002 -4.319684380546196E-005
  4.666178237031371E-002 -4.451153590240658E-005
  4.713074107958044E-002 -4.586622289044260E-005
  4.760441290223089E-002 -4.726212056906654E-005
  4.808284520584203E-002 -4.870048165032649E-005
  4.856608583404293E-002 -5.018259687712900E-005
  4.905418311129910E-002 -5.170979617531193E-005
  4.954718584774503E-002 -5.328344984048410E-005
  5.004514334406519E-002 -5.490496976069003E-005
  5.054810539642417E-002 -5.657581067594475E-005
  5.105612230144637E-002 -5.829747147577780E-005
  5.156924486124562E-002 -6.007149653590614E-005
  5.208752438850550E-002 -6.189947709520248E-005
  5.261101271161066E-002 -6.378305267418801E-005
  5.313976217982963E-002 -6.572391253626333E-005
  5.367382566854987E-002 -6.772379719299287E-005
  5.421325658456530E-002 -6.978449995471597E-005
  5.475810887141705E-002 -7.190786852787885E-005
  5.530843701478785E-002 -7.409580666046550E-005
  5.586429604795065E-002 -7.635027583696152E-005
  5.642574155727198E-002 -7.867329702434599E-005
  5.699282968777064E-002 -8.106695247061673E-005
  5.756561714873226E-002 -8.353338755742109E-005
  5.814416121938026E-002 -8.607481270842358E-005
  5.872851975460383E-002 -8.869350535504571E-005
  5.931875119074346E-002 -9.139181196130504E-005
  5.991491455143462E-002 -9.417215010950309E-005
  6.051706945351018E-002 -9.703701064859037E-005
  6.112527611296215E-002 -9.998895990704546E-005
  6.173959535096332E-002 -1.030306419722347E-004
  6.236008859994942E-002 -1.061647810381532E-004
  6.298681790976243E-002 -1.093941838236749E-004
  6.361984595385561E-002 -1.127217420633180E-004
  6.425923603556088E-002 -1.161504350727345E-004
  6.490505209441925E-002 -1.196833323911143E-004
  6.555735871257479E-002 -1.233235965027936E-004
  6.621622112123289E-002 -1.270744856404219E-004
  6.688170520718349E-002 -1.309393566720939E-004
  6.755387751938975E-002 -1.349216680749011E-004
  6.823280527564303E-002 -1.390249829975534E-004
  6.891855636928473E-002 -1.432529724145840E-004
  6.961119937599569E-002 -1.476094183749328E-004
  7.031080356065378E-002 -1.520982173476457E-004
  7.101743888426046E-002 -1.567233836676050E-004
  7.173117601093697E-002 -1.614890530841671E-004
  7.245208631499074E-002 -1.663994864158205E-004
  7.318024188805296E-002 -1.714590733139219E-004
  7.391571554628772E-002 -1.766723361387612E-004
  7.465858083767374E-002 -1.820439339512382E-004
  7.540891204935922E-002 -1.875786666235584E-004
  7.616678421509060E-002 -1.932814790724360E-004
  7.693227312271603E-002 -1.991574656183862E-004
  7.770545532176416E-002 -2.052118744748448E-004
  7.848640813109924E-002 -2.114501123708726E-004
  7.927520964665298E-002 -2.178777493113645E-004
  8.007193874923428E-002 -2.245005234788111E-004
  8.087667511241735E-002 -2.313243462807325E-004
  8.168949921050911E-002 -2.383553075469752E-004
  8.251049232659673E-002 -2.455996808813969E-004
  8.333973656067598E-002 -2.530639291722577E-004
  8.417731483786131E-002 -2.607547102660657E-004
  8.502331091667843E-002 -2.686788828095578E-004
  8.587780939744021E-002 -2.768435122647505E-004
  8.674089573070681E-002 -2.852558771020425E-004
  8.761265622583081E-002 -2.939234751765944E-004
  8.849317805958817E-002 -3.028540302931414E-004
  8.938254928489606E-002 -3.120554989649429E-004
  9.028085883961814E-002 -3.215360773722033E-004
  9.118819655545848E-002 -3.313042085259246E-004
  9.210465316694479E-002 -3.413685896430223E-004
  9.303032032050192E-002 -3.517381797387900E-004
  9.396529058361662E-002 -3.624222074429983E-004
  9.490965745409435E-002 -3.734301790460166E-004
  9.586351536940915E-002 -3.847718867815773E-004
  9.682695971614742E-002 -3.964574173529610E-004
  9.780008683954670E-002 -4.084971607095591E-004
  9.878299405313028E-002 -4.209018190809125E-004
  9.977577964843860E-002 -4.336824162757813E-004
  0.100778542904859      -4.468503072534398E-004
  0.101791384099551      -4.604171879753185E-004
  0.102814404517481      -4.743951055446528E-004
  0.103847706461540      -4.887964686425405E-004
  0.104891393262787      -5.036340582685983E-004
  0.105945569290769      -5.189210387949841E-004
  0.107010339963968      -5.346709693425481E-004
  0.108085811760340      -5.508978154881692E-004
  0.109172092227959      -5.676159613127103E-004
  0.110269289995778      -5.848402217989681E-004
  0.111377514784488      -6.025858555896086E-004
  0.112496877417492      -6.208685781149513E-004
  0.113627489831985      -6.397045751012362E-004
  0.114769465090151      -6.591105164695740E-004
  0.115922917390468      -6.791035706367585E-004
  0.117087962079126      -6.997014192289690E-004
  0.118264715661566      -7.209222722196755E-004
  0.119453295814126      -7.427848835038187E-004
  0.120653821395813      -7.653085669198020E-004
  0.121866412460184      -7.885132127319347E-004
  0.123091190267357      -8.124193045859366E-004
  0.124328277296133      -8.370479369502977E-004
  0.125577797256246      -8.624208330568600E-004
  0.126839875100733      -8.885603633541591E-004
  0.128114637038430      -9.154895644874955E-004
  0.129402210546594      -9.432321588199212E-004
  0.130702724383648      -9.718125745087931E-004
  0.132016308602060      -1.001255966152862E-003
  0.133343094561345      -1.031588236025105E-003
  0.134683214941207      -1.062836055907086E-003
  0.136036803754799      -1.095026889540917E-003
  0.137403996362131      -1.128189015715003E-003
  0.138784929483603      -1.162351552000636E-003
  0.140179741213677      -1.197544479156449E-003
  0.141588571034690      -1.233798666218342E-003
  0.143011559830797      -1.271145896292991E-003
  0.144448849902064      -1.309618893073020E-003
  0.145900584978696      -1.349251348092663E-003
  0.147366910235410      -1.390077948743584E-003
  0.148847972305953      -1.432134407069843E-003
  0.150343919297768      -1.475457489362129E-003
  0.151854900806799      -1.520085046572238E-003
  0.153381067932457      -1.566056045567824E-003
  0.154922573292726      -1.613410601249800E-003
  0.156479571039428      -1.662190009552713E-003
  0.158052216873633      -1.712436781352021E-003
  0.159640668061236      -1.764194677299270E-003
  0.161245083448679      -1.817508743609272E-003
  0.162865623478839      -1.872425348822306E-003
  0.164502450207069      -1.928992221565601E-003
  0.166155727317405      -1.987258489338321E-003
  0.167825620138936      -2.047274718344794E-003
  0.169512295662337      -2.109092954401528E-003
  0.171215922556564      -2.172766764943669E-003
  0.172936671185727      -2.238351282156903E-003
  0.174674713626124      -2.305903247261517E-003
  0.176430223683446      -2.375481055975909E-003
  0.178203376910161      -2.447144805186365E-003
  0.179994350623071      -2.520956340851760E-003
  0.181803323921040      -2.596979307170911E-003
  0.183630477702903      -2.675279197041578E-003
  0.185475994685563      -2.755923403839967E-003
  0.187340059422255      -2.838981274550556E-003
  0.189222858321007      -2.924524164275591E-003
  0.191124579663277      -3.012625492155228E-003
  0.193045413622784      -3.103360798727980E-003
  0.194985552284525      -3.196807804762783E-003
  0.196945189663983      -3.293046471594276E-003
  0.198924521726530      -3.392159062991879E-003
  0.200923746407019      -3.494230208594936E-003
  0.202943063629587      -3.599346968945941E-003
  0.204982675327637      -3.707598902153719E-003
  0.207042785464040      -3.819078132218958E-003
  0.209123600051525      -3.933879419055224E-003
  0.211225327173285      -4.052100230236658E-003
  0.213348177003785      -4.173840814506686E-003
  0.215492361829776      -4.299204277079136E-003
  0.217658096071527      -4.428296656765369E-003
  0.219845596304268      -4.561227004958960E-003
  0.222055081279844      -4.698107466512656E-003
  0.224286771948595      -4.839053362536861E-003
  0.226540891481447      -4.984183275154198E-003
  0.228817665292232      -5.133619134241333E-003
  0.231117321060228      -5.287486306189346E-003
  0.233440088752929      -5.445913684713306E-003
  0.235786200649039      -5.609033783743107E-003
  0.238155891361703      -5.776982832423560E-003
  0.240549397861967      -5.949900872254889E-003
  0.242966959502475      -6.127931856400629E-003
  0.245408818041408      -6.311223751192290E-003
  0.247875217666652      -6.499928639854865E-003
  0.250366405020226      -6.694202828482433E-003
  0.252882629222942      -6.894206954285246E-003
  0.255424141899316      -7.100106096132024E-003
  0.257991197202735      -7.312069887410860E-003
  0.260584051840867      -7.530272631226458E-003
  0.263202965101337      -7.754893417953047E-003
  0.265848198877654      -7.986116245159993E-003
  0.268520017695399      -8.224130139923307E-003
  0.271218688738682      -8.469129283535281E-003
  0.273944481876854      -8.721313138623213E-003
  0.276697669691503      -8.980886578680895E-003
  0.279478527503702      -9.248060020021830E-003
  0.282287333401552      -9.523049556150784E-003
  0.285124368267981      -9.806077094553294E-003
  0.287989915808842      -1.009737049589911E-002
  0.290884262581277      -1.039716371564572E-002
  0.293807698022374      -1.070569694803286E-002
  0.296760514478113      -1.102321677244786E-002
  0.299743007232602      -1.134997630213909E-002
  0.302755474537600      -1.168623533524961E-002
  0.305798217642350      -1.203226050814048E-002
  0.308871540823696      -1.238832545096314E-002
  0.311975751416519      -1.275471094543672E-002
  0.315111159844464      -1.313170508477948E-002
  0.318278079650987      -1.351960343573742E-002
  0.321476827530707      -1.391870920264544E-002
  0.324707723361079      -1.432933339344738E-002
  0.327971090234378      -1.475179498759529E-002
  0.331267254490010      -1.518642110573895E-002
  0.334596545747148      -1.563354718110705E-002
  0.337959296937692      -1.609351713247353E-002
  0.341355844339564      -1.656668353859053E-002
  0.344786527610334      -1.705340781395786E-002
  0.348251689821188      -1.755406038579327E-002
  0.351751677491235      -1.806902087204692E-002
  0.355286840622158      -1.859867826030141E-002
  0.358857532733217      -1.914343108737486E-002
  0.362464110896598      -1.970368761943752E-002
  0.366106935773123      -2.027986603243736E-002
  0.369786371648316      -2.087239459261295E-002
  0.373502786468830      -2.148171183685465E-002
  0.377256551879244      -2.210826675265739E-002
  0.381048043259227      -2.275251895740267E-002
  0.384877639761078      -2.341493887666233E-002
  0.388745724347637      -2.409600792123223E-002
  0.392652683830586      -2.479621866254619E-002
  0.396598908909131      -2.551607500613315E-002
  0.400584794209066      -2.625609236272996E-002
  0.404610738322244      -2.701679781666013E-002
  0.408677143846431      -2.779873029104713E-002
  0.412784417425568      -2.860244070941901E-002
  0.416932969790436      -2.942849215322334E-002
  0.421123215799729      -3.027746001475241E-002
  0.425355574481538      -3.114993214494026E-002
  0.429630469075260      -3.204650899547138E-002
  0.433948327073916      -3.296780375460189E-002
  0.438309580266904      -3.391444247606684E-002
  0.442714664783177      -3.488706420040517E-002
  0.447164021134860      -3.588632106801000E-002
  0.451658094261293      -3.691287842316197E-002
  0.456197333573536      -3.796741490826858E-002
  0.460782192999302      -3.905062254750496E-002
  0.465413131028355      -4.016320681897829E-002
  0.470090610758355      -4.130588671454829E-002
  0.474815099941175      -4.247939478631608E-002
  0.479587071029670      -4.368447717883286E-002
  0.484407001224925      -4.492189364596143E-002
  0.489275372523976      -4.619241755131703E-002
  0.494192671768011      -4.749683585114115E-002
  0.499159390691051      -4.883594905842428E-002
  0.504176025969127      -5.021057118702986E-002
  0.509243079269949      -5.162152967451258E-002
  0.514361057303068      -5.306966528229565E-002
  0.519530471870553      -5.455583197176611E-002
  0.524751839918169      -5.608089675482873E-002
  0.530025683587071      -5.764573951737523E-002
  0.535352530266021      -5.925125281408275E-002
  0.540732912644127      -6.089834163285745E-002
  0.546167368764109      -6.258792312721752E-002
  0.551656442076109      -6.432092631480008E-002
  0.557200681492031      -6.609829174015475E-002
  0.562800641440438      -6.792097109987322E-002
  0.568456881921992      -6.978992682806454E-002
  0.574169968565453      -7.170613164010134E-002
  0.579940472684247      -7.367056803252035E-002
  0.585768971333595      -7.568422773682210E-002
  0.591656047368219      -7.774811112494949E-002
  0.597602289500628      -7.986322656403445E-002
  0.603608292359990      -8.203058971802277E-002
  0.609674656551598      -8.425122279369793E-002
  0.615801988716924      -8.652615372849695E-002
  0.621990901594292      -8.885641531754311E-002
  0.628242014080147      -9.124304427714401E-002
  0.634555951290946      -9.368708024206189E-002
  0.640933344625674      -9.618956469365200E-002
  0.647374831828976      -9.875153981607163E-002
  0.653881057054943      -0.101374047277558     
  0.660452670931517      -0.104058126933806     
  0.667090330625564      -0.106804815450407     
  0.673794699908584      -0.109615144841285     
  0.680566449223092      -0.112490140919962     
  0.687406255749663      -0.115430821660534     
  0.694314803474649      -0.118438195465185     
  0.701292783258581      -0.121513259335009     
  0.708340892905250      -0.124656996940975     
  0.715459837231497      -0.127870376591819     
  0.722650328137685      -0.131154349095639     
  0.729913084678898      -0.134509845512079     
  0.737248833136841      -0.137937774791946     
  0.744658307092474      -0.141439021301151     
  0.752142247499367      -0.145014442225990     
  0.759701402757797      -0.148664864856799     
  0.767336528789590      -0.152391083747163     
  0.775048389113711      -0.156193857745928     
  0.782837754922619      -0.160073906899433     
  0.790705405159386      -0.164031909221579     
  0.798652126595593      -0.168068497329364     
  0.806678713910004      -0.172184254942017     
  0.814785969768042      -0.176379713241754     
  0.822974704902046      -0.180655347094749     
  0.831245738192356      -0.185011571130972     
  0.839599896749192      -0.189448735682040     
  0.848038015995371      -0.193967122576510     
  0.856560939749851      -0.198566940792423     
  0.865169520312109      -0.203248321967390     
  0.873864618547375      -0.208011315767057     
  0.882647103972719      -0.212855885113055     
  0.891517854844001      -0.217781901272492     
  0.900477758243703      -0.222789138811286     
  0.909527710169629      -0.227877270414580     
  0.918668615624514      -0.233045861578032     
  0.927901388706522      -0.238294365174650     
  0.937226952700654      -0.243622115902580     
  0.946646240171081      -0.249028324620287     
  0.956160193054400      -0.254512072576327     
  0.965769762753827      -0.260072305542138     
  0.975475910234340      -0.265707827857130     
  0.985279606118776      -0.271417296396845     
  0.995181830784893      -0.277199214475693     
   1.00518357446341      -0.283051925697468     
   1.01528583733703      -0.288973607768215     
   1.02548962964045      -0.294962266287019     
   1.03579597176142      -0.301015728532266     
   1.04620589434273      -0.307131637262331     
   1.05672043838532      -0.313307444551311     
   1.06734065535235      -0.319540405681925     
   1.07806760727436      -0.325827573120139     
   1.08890236685550      -0.332165790597040     
   1.09984601758074      -0.338551687326331     
   1.11089965382429      -0.344981672387023     
   1.12206438095896      -0.351451929303657     
   1.13334131546680      -0.357958410857907     
   1.14473158505063      -0.364496834167983     
   1.15623632874691      -0.371062676074435     
   1.16785669703960      -0.377651168872783     
   1.17959385197521      -0.384257296436360     
   1.19144896727902      -0.390875790774423     
   1.20342322847244      -0.397501129073154     
   1.21551783299155      -0.404127531269503     
   1.22773399030690      -0.410748958209997     
   1.24007292204440      -0.417359110448626     
   1.25253586210750      -0.423951427740677     
   1.26512405680059      -0.430519089290747     
   1.27783876495364      -0.437055014815551     
   1.29068125804805      -0.443551866484114     
   1.30365282034384      -0.450002051799023     
   1.31675474900804      -0.456397727484637     
   1.32998835424444      -0.462730804448911     
   1.34335495942459      -0.468992953886928     
   1.35685590122016      -0.475175614594516     
   1.37049252973656      -0.481270001561213     
   1.38426620864802      -0.487267115911965     
   1.39817831533390      -0.493157756265701     
   1.41223024101646      -0.498932531579591     
   1.42642339089999      -0.504581875545142     
   1.44075918431130      -0.510096062601201     
   1.45523905484168      -0.515465225626347     
   1.46986445049025      -0.520679375369562     
   1.48463683380875      -0.525728421675051     
   1.49955768204784      -0.530602196551290     
   1.51462848730477      -0.535290479130195     
   1.52985075667262      -0.539783022554518     
   1.54522601239102      -0.544069582825095     
   1.56075579199835      -0.548139949630948     
   1.57644164848552      -0.551983979174692     
   1.59228515045124      -0.555591628996492     
   1.60828788225892      -0.558952994786207     
   1.62445144419506      -0.562058349160319     
   1.64077745262934      -0.564898182366018     
   1.65726754017620      -0.567463244856761     
   1.67392335585814      -0.569744591667663     
   1.69074656527060      -0.571733628496824     
   1.70773885074856      -0.573422159379556     
   1.72490191153470      -0.574802435816781     
   1.74223746394943      -0.575867207195433     
   1.75974724156242      -0.576609772309561     
   1.77743299536602      -0.577024031762080     
   1.79529649395037      -0.577104540994815     
   1.81333952368019      -0.576846563660140     
   1.83156388887350      -0.576246125011104     
   1.84997141198201      -0.575300064946504     
   1.86856393377336      -0.574006090306637     
   1.88734331351523      -0.572362825969170     
   1.90631142916125      -0.570369864247892     
   1.92547017753878      -0.568027812045832     
   1.94482147453862      -0.565338335160721     
   1.96436725530661      -0.562304199084246     
   1.98410947443711      -0.558929305577270     
   2.00405010616849      -0.555218724241107     
   2.02419114458053      -0.551178718241020     
   2.04453460379385      -0.546816763271975     
   2.06508251817134      -0.542141558791010     
   2.08583694252156      -0.537163030473441     
   2.10679995230423      -0.531892322787241     
   2.12797364383781      -0.526341780520113     
   2.14936013450908      -0.520524918042530     
   2.17096156298495      -0.514456375050214     
   2.19278008942625      -0.508151857507935     
   2.21481789570382      -0.501628062517611     
   2.23707718561665      -0.494902585872958     
   2.25956018511228      -0.487993811142976     
   2.28226914250939      -0.480920779271563     
   2.30520632872265      -0.473703037904244     
   2.32837403748980      -0.466360469980067     
   2.35177458560101      -0.458913101589018     
   2.37541031313060      -0.451380889724656     
   2.39928358367102      -0.443783491410242     
   2.42339678456921      -0.436140016788128     
   2.44775232716537      -0.428468770215233     
   2.47235264703404      -0.420786985269065     
   2.49720020422772      -0.413110561939724     
   2.52229748352282      -0.405453817274828     
   2.54764699466820      -0.397829264481510     
   2.57325127263610      -0.390247440127815     
   2.59911287787564      -0.382716804800268     
   2.62523439656890      -0.375243749552898     
   2.65161844088952      -0.367832748961370     
   2.67826764926392      -0.360486711804481     
   2.70518468663515      -0.353207592606929     
   2.73237224472936      -0.345997056775068     
   2.75983304232504      -0.338856512337206     
   2.78756982552481      -0.331787570812337     
   2.81558536803012      -0.324791639845632     
   2.84388247141856      -0.317870036390704     
   2.87246396542406      -0.311024030337589     
   2.90133270821982      -0.304254824070501     
   2.93049158670419      -0.297563552952128     
   2.95994351678932      -0.290951286561274     
   2.98969144369275      -0.284419029713630     
   3.01973834223197      -0.277967723430176     
   3.05008721712187      -0.271598245884506     
   3.08074110327523      -0.265311413255149     
   3.11170306610621      -0.259107980561348     
   3.14297620183689      -0.252988642447550     
   3.17456363780692      -0.246954033928263     
   3.20646853278620      -0.241004731097326     
   3.23869407729083      -0.235141251807008     
   3.27124349390210      -0.229364056322123     
   3.30412003758882      -0.223673547955589     
   3.33732699603273      -0.218070073691507     
   3.37086768995737      -0.212553924802800     
   3.40474547346006      -0.207125337470293     
   3.43896373434740      -0.201784493410142     
   3.47352589447398      -0.196531520517057     
   3.50843541008463      -0.191366493529876     
   3.54369577215999      -0.186289434726469     
   3.57931050676566      -0.181300314654335     
   3.61528317540477      -0.176399052902632     
   3.65161737537417      -0.171585518921264     
   3.68831674012413      -0.166859532891479     
   3.72538493962172      -0.162220866652222     
   3.76282568071776      -0.157669244685180     
   3.80064270751757      -0.153204345161126     
   3.83883980175534      -0.148825801048760     
   3.87742078317234      -0.144533201286876     
   3.91638950989885      -0.140326092019244     
   3.95574987884001      -0.136203977891207     
   3.99550582606553      -0.132166323405637     
   4.03566132720326      -0.128212554335505     
   4.07622039783677      -0.124342059189116     
   4.11718709390692      -0.120554190723694     
   4.15856551211746      -0.116848267501989     
   4.20035979034470      -0.113223575486480     
   4.24257410805129      -0.109679369664350     
   4.28521268670417      -0.106214875697137     
   4.32827979019674      -0.102829291588423     
   4.37177972527525      -9.952178935986018E-002
   4.41571684196944      -9.629151673211461E-002
   4.46009553402761      -9.313759879977779E-002
   4.50492023935594      -9.005913969391147E-002
   4.55019544046231      -8.705522422613381E-002
   4.59592566490458      -8.412491950423638E-002
   4.64211548574328      -8.126727651475760E-002
   4.68876952199901      -7.848133166493446E-002
   4.73589243911425      -7.576610827810645E-002
   4.78348894942000      -7.312061803668755E-002
   4.83156381260694      -7.054386236775229E-002
   4.88012183620146      -6.803483376653302E-002
   4.92916787604638      -6.559251705417192E-002
   4.97870683678656      -6.321589056641373E-002
   5.02874367235935      -6.090392727102003E-002
   5.07928338649002      -5.865559581223907E-002
   5.13033103319208      -5.646986148156945E-002
   5.18189171727275      -5.434568711480221E-002
   5.23397059484341      -5.228203391627995E-002
   5.28657287383521      -5.027786221177919E-002
   5.33970381451988      -4.833213213262041E-002
   5.39336873003577      -4.644380423382313E-002
   5.44757298691916      -4.461184005019632E-002
   5.50232200564090      -4.283520259447592E-002
   5.55762126114848      -4.111285680243599E-002
   5.61347628341355      -3.944376992998665E-002
   5.66989265798487      -3.782691190792091E-002
   5.72687602654691      -3.626125565980605E-002
   5.78443208748403      -3.474577738897011E-002
   5.84256659645026      -3.327945684051344E-002
   5.90128536694497      -3.186127754344299E-002
   5.96059427089412      -3.049022703946064E-002
   6.02049923923754      -2.916529710281673E-002
   6.08100626252198      -2.788548395642476E-002
   6.14212139150020      -2.664978848907072E-002
   6.20385073773602      -2.545721647702827E-002
   6.26620047421550      -2.430677881424433E-002
   6.32917683596426      -2.319749175374683E-002
   6.39278612067095      -2.212837716283278E-002
   6.45703468931704      -2.109846279376197E-002
   6.52192896681295      -2.010678257136640E-002
   6.58747544264049      -1.915237689820480E-002
   6.65368067150188      -1.823429297760534E-002
   6.72055127397517      -1.735158515422826E-002
   6.78809393717634      -1.650331527155408E-002
   6.85631541542799      -1.568855304508681E-002
   6.92522253093480      -1.490637644991470E-002
   6.99482217446574      -1.415587212076350E-002
   7.06512130604316      -1.343613576261875E-002
   7.13612695563881      -1.274627256959753E-002
   7.20784622387682      -1.208539764977993E-002
   7.28028628274377      -1.145263645342080E-002
   7.35345437630592      -1.084712520207277E-002
   7.42735782143360      -1.026801131595785E-002
   7.50200400853291      -9.714453837103242E-003
   7.57740040228476      -9.185623845644943E-003
   7.65355454239136      -8.680704866934622E-003
   7.73047404433019      -8.198893267038519E-003
   7.80816660011553      -7.739398634487306E-003
   7.88663997906771      -7.301444146138601E-003
   7.96590202859002      -6.884266915307359E-003
   8.04596067495346      -6.487118320357292E-003
   8.12682392408939      -6.109264312249662E-003
   8.20849986239010      -5.749985699606447E-003
   8.29099665751749      -5.408578410146334E-003
   8.37432255921982      -5.084353727424770E-003
   8.45848590015670      -4.776638502100144E-003
   8.54349509673235      -4.484775337024377E-003
   8.62935864993728      -4.208122745729992E-003
   8.71608514619836      -3.946055283958675E-003
   8.80368325823749      -3.697963654128542E-003
   8.89216174593887      -3.463254782702275E-003
   8.98152945722500      -3.241351870646028E-003
   9.07179532894149      -3.031694417222924E-003
   9.16296838775072      -2.833738217566504E-003
   9.25505775103457      -2.646955334520959E-003
   9.34807262780609      -2.470834045409567E-003
   9.44202231963048      -2.304878764421265E-003
   9.53691622155521      -2.148609941453316E-003
   9.63276382304955      -2.001563938263456E-003
   9.72957470895352      -1.863292882907808E-003
   9.82735856043640      -1.733364503443343E-003
   9.92612515596481      -1.611361941973320E-003
   10.0258843722806      -1.496883550104470E-003
   10.1266461853886      -1.389542666963005E-003
   10.2284206715540      -1.288967380895847E-003
   10.3312180083103      -1.194800276042467E-003
   10.4350484754768      -1.106698164932440E-003
   10.5399224561867      -1.024331808305394E-003
   10.6458504379255      -9.473856233117208E-004
   10.7528430135798      -8.755573812785541E-004
   10.8609108824961      -8.085578961805803E-004
   10.9700648515514      -7.461107049680196E-004
   11.0803158362337      -6.879517408538874E-004
   11.1916748617332      -6.338290006639754E-004
   11.3041530640453      -5.835022072988286E-004
   11.4177616910839      -5.367424683486628E-004
   11.5325121038065      -4.933319318452861E-004
   11.6484157773500      -4.530634401188672E-004
   11.7654843021782      -4.157401826688144E-004
   11.8837293852412      -3.811753489355795E-004
   12.0031628511459      -3.491917818009005E-004
   12.1237966433384      -3.196216326167507E-004
   12.2456428252985      -2.923060185041654E-004
   12.3687135817458      -2.670946826323844E-004
   12.4930212198585      -2.438456581306142E-004
   12.6185781705042      -2.224249362517157E-004
   12.7453969894824      -2.027061393506016E-004
   12.8734903587807      -1.845701992059096E-004
   13.0028710878429      -1.679050411592218E-004
   13.1335521148496      -1.526052745115223E-004
   13.2655465080125      -1.385718895650514E-004
   13.3988674668808      -1.257119616645274E-004
   13.5335283236616      -1.139383625433440E-004
   13.6695425445527      -1.031694792472166E-004
   13.8069237310896      -9.332894086286221E-005
   13.9456856215054      -8.434535324776953E-005
   14.0858420921048      -7.615204191592255E-005
   14.2274071586517      -6.868680320486522E-005
   14.3703949777706      -6.189166381214590E-005
   14.5148198483627      -5.571264876209107E-005
   14.6606962130353      -5.009955783044654E-005
   14.8080386595466      -4.500575042995829E-005
   14.9568619222638      -4.038793893050570E-005
   15.1071808836374      -3.620599036573515E-005
   15.2590105756887      -3.242273645257053E-005
   15.4123661815135      -2.900379183121618E-005
   15.5672630368000      -2.591738041148276E-005
   15.7237166313631      -2.313416969542499E-005
   15.8817426106924      -2.062711292814487E-005
   16.0413567775176      -1.837129891564587E-005
   16.2025750933884      -1.634380933395769E-005
   16.3654136802707      -1.452358334356272E-005
   16.5298888221590      -1.289128931174881E-005
   16.6960169667044      -1.142920343793947E-005
   16.8638147268599      -1.012109506863320E-005
   17.0332988825413      -8.952118484166468E-006
   17.2044863823054      -7.908710931212676E-006
   17.3773943450448      -6.978496677343721E-006
   17.5520400617000      -6.150196855459971E-006
   17.7284409969881      -5.413544867485706E-006
   17.9066147911497      -4.759207116622879E-006
   18.0865792617125      -4.178708835130083E-006
   18.2683524052738      -3.664364779330975E-006
   18.4519523992993      -3.209214564563922E-006
   18.6373976039413      -2.806962415311974E-006
   18.8247065638750      -2.451921109760608E-006
   19.0138980101524      -2.138959901713003E-006
   19.2049908620758      -1.863456207990105E-006
   19.3980042290895      -1.621250854308061E-006
   19.5929574126913      -1.408606678411300E-006
   19.7898699083618      -1.222170295166012E-006
   19.9887614075148      -1.058936834600879E-006
   20.1896517994659      -9.162174703340898E-007
   20.3925611734217      -7.916095626847554E-007
   20.5975098204887      -6.829692475366691E-007
   20.8045182357024      -5.883863091146777E-007
   21.0136071200768      -5.061611818033697E-007
   21.2247973826747      -4.347839332999291E-007
   21.4381101426982      -3.729150883987705E-007
   21.6535667316011      -3.193681597955523E-007
   21.8711886952218      -2.730937592012223E-007
   22.0909977959382      -2.331651689550444E-007
   22.3130160148434      -1.987652610104294E-007
   22.5372655539442      -1.691746567767050E-007
   22.7637688383816      -1.437610276743920E-007
   22.9925485186728      -1.219694425057201E-007
   23.2236274729763      -1.033136737358759E-007
   23.4570288093801      -8.736838060340403E-008
   23.6927758682126      -7.376209254125759E-008
   23.9308922243758      -6.217092175413137E-008
   24.1714016897040      -5.231293889837894E-008
   24.4143283153441      -4.394315069522179E-008
   24.6596963941610      -3.684902293064311E-008
   24.9075304631672      -3.084649669359723E-008
   25.1578553059760      -2.577644984716799E-008
   25.4106959552804      -2.150155964522068E-008
   25.6660776953560      -1.790352608028839E-008
   25.9240260645895      -1.488061900190482E-008
   26.1845668580330      -1.234551526713355E-008
   26.4477261299828      -1.022339519785352E-008
   26.7135301965854      -8.450270417465847E-009
   26.9820056384691      -6.971517741453640E-009
   27.2531793034017      -5.740596201176173E-009
   27.5270783089756      -4.717926504574501E-009
   27.8037300453198      -3.869914283761894E-009
   28.0831621778384      -3.168100362148335E-009
   28.3654026499774      -2.588422997521949E-009
   28.6504796860194      -2.110578635248987E-009
   28.9384217939055      -1.717469143416120E-009
   29.2292577680863      -1.394724810852321E-009
   29.5230166924018      -1.130293576109324E-009
   29.8197279429891      -9.140880309508462E-010
   30.1194211912206      -7.376827124373582E-010
   30.4221264066708      -5.940550724504597E-010
   30.7278738601135      -4.773642990457278E-010
   31.0366941265489      -3.827628684307977E-010
   31.3486180882609      -3.062363358113357E-010
   31.6636769379057      -2.444674348900916E-010
   31.9819021816308      -1.947210550867636E-010
   32.3033256422257      -1.547471086761067E-010
   32.6279794623044      -1.226986920553086E-010
   32.9558961075193      -9.706329147541941E-011
   33.2871083698084      -7.660508820927167E-011
   33.6216493706737      -6.031668570121143E-011
   33.9595525644943      -4.737881553194057E-011
   34.3008517418711      -3.712678373104073E-011
   34.6455810330062      -2.902259727004465E-011
   34.9937749111159      -2.263186552286308E-011
   35.3454681958784      -1.760470573725019E-011
   35.7006960569151      -1.365999761112079E-011
   36.0594940173082      -1.057243207836244E-011
   36.4218979571527      -8.161885386795008E-012
   36.7879441171446      -6.284723243624343E-012
   37.1576691022050      -4.826702807475268E-012
   37.5311098851404      -3.697194009897551E-012
   37.9083038103403      -2.824487347186229E-012
   38.2892885975116      -2.151993984291812E-012
   38.6741023454505      -1.635176729216282E-012
   39.0627835358525      -1.239078010511784E-012
   39.4553710371605      -9.363341671485435E-013
   39.8519041084518      -7.055847812787713E-013
   40.2524224033640      -5.302020132948252E-013
   40.6569659740603      -3.972784183035521E-013
   41.0655752752350      -2.968229537578947E-013
   41.4782911681585      -2.211241882527834E-013
   41.8951549247643      -1.642474006947443E-013
   42.3162082317753      -1.216385799417787E-013
   42.7414931948731      -8.981352231788022E-014
   43.1710523429084      -6.611446797231433E-014
   43.6049286321540      -4.852017800164693E-014
   44.0431654506003      -3.549816787863854E-014
   44.4858066222945      -2.589009300118717E-014
   44.9328964117226      -1.882312419280633E-014
   45.3844795282360      -1.364163426653035E-014
   45.8406011305228      -9.854707239455124E-015
   46.3013068311232      -7.095934168796163E-015
   46.7666427009913      -5.092718944020594E-015
   47.2366552741019      -3.642920838395459E-015
   47.7113915521038      -2.597138574492629E-015
   48.1908990090206      -1.845317927795528E-015
   48.6752255959976      -1.306661662706440E-015
   49.1644197460969      -9.220532437164607E-016
   49.6585303791413      -6.483875066695293E-016
   50.1576069066059      -4.543429548479408E-016
   50.6616992365594      -3.172400892081718E-016
   51.1708577786546      -2.207150075685398E-016
   51.6851334491703      -1.530028345930995E-016
   52.2045776761020      -1.056756729252195E-016
   52.7292424043052      -7.271809000249983E-017
   53.2591801006901      -4.985234656790663E-017
   53.7944437594678      -3.404772461839862E-017
   54.3350869074504      -2.316505902486087E-017
   54.8811636094030      -1.570018891999439E-017
   55.4327284734511      -1.059950663653726E-017
   55.9898366565406      -7.127852753883165E-018
   56.5525438699541      -4.774269230050820E-018
   57.1209063848819      -3.185025136454841E-018
   57.6949810380490      -2.116211533252423E-018
   58.2748252373993      -1.400321817765936E-018
   58.8604969678359      -9.227867226206366E-019
   59.4520547970198      -6.055660017093358E-019
   60.0495578812270      -3.957218983626293E-019
   60.6530659712637      -2.574949658171432E-019
   61.2626394184420      -1.668318208106205E-019
   61.8783391806144      -1.076221768227555E-019
   62.5002268282704      -6.912234358485113E-020
   63.1283645506930      -4.419873272487400E-020
   63.7628151621777      -2.813562427639129E-020
   64.4036421083145      -1.782950054317228E-020
   65.0509094723320      -1.124703383428850E-020
   65.7046819815060      -7.062088524591893E-021
   66.3650250136323      -4.413717997817507E-021
   67.0320046035642      -2.745566829523824E-021
   67.7056874498168      -1.699789020979682E-021
   68.3861409212359      -1.047304421108642E-021
   69.0734330637358      -6.421624794266760E-022
   69.7676326071034      -3.918230193313313E-022
   70.4688089718716      -2.378957887561328E-022
   71.1770322762612      -1.437189064354774E-022
   71.8923733431929      -8.638726974946346E-023
   72.6149037073694      -5.166214515598564E-023
   73.3446956224292      -3.073688884648344E-023
   74.0818220681720      -1.819239583929309E-023
   74.8263567578568      -1.071124450749776E-023
   75.5783741455728      -6.273173968904433E-024
   76.3379494336856      -3.654342076410821E-024
   77.1051585803569      -2.117300145372674E-024
   77.8800783071407      -1.220067051246587E-024
   78.6627861066556      -6.991807765403980E-025
   79.4533602503336      -3.984520072527698E-025
   80.2518797962481      -2.257976160974147E-025
   81.0584245970189      -1.272316900944732E-025
   81.8730753077984      -7.128192976074614E-026
   82.6959133943364      -3.970518173281165E-026
   83.5270211411274      -2.198738968833765E-026
   84.3664816596386      -1.210413733976847E-026
   85.2143788966213      -6.623726798154419E-027
   86.0707976425060      -3.602913788044850E-027
   86.9358235398808      -1.947881332455663E-027
   87.8095430920563      -1.046652064113309E-027
   88.6920436717159      -5.589168125744116E-028
   89.5834135296530      -2.965996818309158E-028
   90.4837418035961      -1.564034173464385E-028
   91.3931185271229      -8.194953848107016E-029
   92.3116346386637      -4.266242688311940E-029
   93.2393819905949      -2.206550424329297E-029
   94.1764533584250      -1.133742047536519E-029
   95.1229424500715      -5.787220396486425E-030
   96.0789439152324      -2.932977685818868E-030
   97.0445533548509      -1.474434267492824E-030
   98.0198673306756      -7.370479219194118E-031
   99.0049833749169      -3.652614739640833E-031
   100.000000000000      -1.810834052694508E-031
