  0.0000000000E+00  0.0000000000E+00  0.0000000000E+00  0.0000000000E+00
  3.0000000000E-04  5.2754653648E-16  1.5899116357E-20  1.5160475462E-25
  1.2000000000E-03  2.1095802511E-15  2.5433646352E-19  9.7012476841E-24
  2.7000000000E-03  4.7442841856E-15  1.2871616454E-18  1.1047562661E-22
  4.8000000000E-03  8.4286324955E-15  4.0662232981E-18  6.2050708747E-22
  7.5000000000E-03  1.3158394076E-14  9.9215201251E-18  2.3659807160E-21
  1.0800000000E-02  1.8928137633E-14  2.0558616524E-17  7.0608920360E-21
  1.4700000000E-02  2.5731238189E-14  3.8055326975E-17  1.7793349729E-20
  1.9200000000E-02  3.3559885017E-14  6.4857674543E-17  3.9617157113E-20
  2.4300000000E-02  4.2405091001E-14  1.0377513001E-16  8.0247008259E-20
  3.0000000000E-02  5.2256703395E-14  1.5797513933E-16  1.5085534020E-19
  3.6300000000E-02  6.3103415974E-14  2.3097694824E-16  2.6696859233E-19
  4.3200000000E-02  7.4932782575E-14  3.2664473397E-16  4.4946033831E-19
  5.0700000000E-02  8.7731231980E-14  4.4918005519E-16  7.2563847545E-19
  5.8800000000E-02  1.0148408416E-13  6.0311363239E-16  1.1304233816E-18
  6.7500000000E-02  1.1617556780E-13  7.9329647183E-16  1.7076136819E-18
  7.6800000000E-02  1.3178883922E-13  1.0248903477E-15  2.5112360051E-18
  8.6700000000E-02  1.4830600240E-13  1.3033576574E-15  3.6069748584E-18
  9.7200000000E-02  1.6570813043E-13  1.6344506671E-15  5.0736785000E-18
  1.0830000000E-01  1.8397528808E-13  2.0242001639E-15  7.0049364536E-18
  1.2000000000E-01  2.0308655559E-13  2.4789035340E-15  9.5107240784E-18
  1.3230000000E-01  2.2302005358E-13  3.0051122856E-15  1.2719109403E-17
  1.4520000000E-01  2.4375296919E-13  3.6096190367E-15  1.6778017187E-17
  1.5870000000E-01  2.6526158319E-13  4.2994439892E-15  2.1857045041E-17
  1.7280000000E-01  2.8752129825E-13  5.0818209110E-15  2.8149326161E-17
  1.8750000000E-01  3.1050666818E-13  5.9641826486E-15  3.5873433143E-17
  2.0280000000E-01  3.3419142820E-13  6.9541461944E-15  4.5275317122E-17
  2.1870000000E-01  3.5854852611E-13  8.0594973321E-15  5.6630276353E-17
  2.3520000000E-01  3.8355015438E-13  9.2881748858E-15  7.0244948199E-17
  2.5230000000E-01  4.0916778319E-13  1.0648254597E-14  8.6459318389E-17
  2.7000000000E-01  4.3537219416E-13  1.2147932660E-14  1.0564874124E-16
  2.8830000000E-01  4.6213351497E-13  1.3795508934E-14  1.2822596452E-16
  3.0720000000E-01  4.8942125470E-13  1.5599369870E-14  1.5464315245E-16
  3.2670000000E-01  5.1720433981E-13  1.7567971170E-14  1.8539390037E-16
  3.4680000000E-01  5.4545115085E-13  1.9709820215E-14  2.2101523440E-16
  3.6750000000E-01  5.7412955970E-13  2.2033458287E-14  2.6208958951E-16
  3.8880000000E-01  6.0320696744E-13  2.4547442612E-14  3.0924675939E-16
  4.1070000000E-01  6.3265034266E-13  2.7260328256E-14  3.6316581129E-16
  4.3320000000E-01  6.6242626026E-13  3.0180649901E-14  4.2457695930E-16
  4.5630000000E-01  6.9250094068E-13  3.3316903542E-14  4.9426338927E-16
  4.8000000000E-01  7.2284028945E-13  3.6677528112E-14  5.7306302884E-16
  5.0430000000E-01  7.5340993711E-13  4.0270887092E-14  6.6187025587E-16
  5.2920000000E-01  7.8417527931E-13  4.4105250113E-14  7.6163753882E-16
  5.5470000000E-01  8.1510151719E-13  4.8188774598E-14  8.7337700248E-16
  5.8080000000E-01  8.4615369793E-13  5.2529487462E-14  9.9816191284E-16
  6.0750000000E-01  8.7729675531E-13  5.7135266909E-14  1.1371280746E-15
  6.3480000000E-01  9.0849555049E-13  6.2013824350E-14  1.2914751352E-15
  6.6270000000E-01  9.3971491263E-13  6.7172686473E-14  1.4624677897E-15
  6.9120000000E-01  9.7091967960E-13  7.2619177496E-14  1.6514368798E-15
  7.2030000000E-01  1.0020747385E-12  7.8360401638E-14  1.8597803817E-15
  7.5000000000E-01  1.0331450662E-12  8.4403225824E-14  2.0889642779E-15
  7.8030000000E-01  1.0640957693E-12  9.0754262663E-14  2.3405233060E-15
  8.1120000000E-01  1.0948921246E-12  9.7419853727E-14  2.6160615808E-15
  8.4270000000E-01  1.1254996182E-12  1.0440605316E-13  2.9172530835E-15
  8.7480000000E-01  1.1558839853E-12  1.1171861162E-13  3.2458420141E-15
  9.0750000000E-01  1.1860112491E-12  1.1936296065E-13  3.6036430022E-15
  9.4080000000E-01  1.2158477593E-12  1.2734419740E-13  3.9925411712E-15
  9.7470000000E-01  1.2453602299E-12  1.3566706982E-13  4.4144920535E-15
  1.0092000000E+00  1.2745157772E-12  1.4433596233E-13  4.8715213504E-15
  1.0443000000E+00  1.3032819563E-12  1.5335488187E-13  5.3657245362E-15
  1.0800000000E+00  1.3316267979E-12  1.6272744465E-13  5.8992663004E-15
  1.1163000000E+00  1.3595188436E-12  1.7245686322E-13  6.4743798269E-15
  1.1532000000E+00  1.3869271808E-12  1.8254593422E-13  7.0933659073E-15
  1.1907000000E+00  1.4138214773E-12  1.9299702672E-13  7.7585918848E-15
  1.2288000000E+00  1.4401720146E-12  2.0381207103E-13  8.4724904286E-15
  1.2675000000E+00  1.4659497201E-12  2.1499254830E-13  9.2375581354E-15
  1.3068000000E+00  1.4911261995E-12  2.2653948058E-13  1.0056353957E-14
  1.3467000000E+00  1.5156737672E-12  2.3845342166E-13  1.0931497456E-14
  1.3872000000E+00  1.5395654761E-12  2.5073444855E-13  1.1865666879E-14
  1.4283000000E+00  1.5627751471E-12  2.6338215358E-13  1.2861597066E-14
  1.4700000000E+00  1.5852773963E-12  2.7639563730E-13  1.3922077171E-14
  1.5123000000E+00  1.6070476624E-12  2.8977350200E-13  1.5049948219E-14
  1.5552000000E+00  1.6280622322E-12  3.0351384605E-13  1.6248100478E-14
  1.5987000000E+00  1.6482982655E-12  3.1761425891E-13  1.7519470668E-14
  1.6428000000E+00  1.6677338187E-12  3.3207181690E-13  1.8867038989E-14
  1.6875000000E+00  1.6863478670E-12  3.4688307976E-13  2.0293825985E-14
  1.7328000000E+00  1.7041203259E-12  3.6204408794E-13  2.1802889236E-14
  1.7787000000E+00  1.7210320712E-12  3.7755036070E-13  2.3397319888E-14
  1.8252000000E+00  1.7370649575E-12  3.9339689497E-13  2.5080239016E-14
  1.8723000000E+00  1.7522018366E-12  4.0957816499E-13  2.6854793835E-14
  1.9200000000E+00  1.7664265730E-12  4.2608812274E-13  2.8724153743E-14
  1.9683000000E+00  1.7797240593E-12  4.4292019920E-13  3.0691506227E-14
  2.0172000000E+00  1.7920802302E-12  4.6006730632E-13  3.2760052611E-14
  2.0667000000E+00  1.8034820747E-12  4.7752183990E-13  3.4933003663E-14
  2.1168000000E+00  1.8139176471E-12  4.9527568314E-13  3.7213575070E-14
  2.1675000000E+00  1.8233760774E-12  5.1332021105E-13  3.9604982769E-14
  2.2188000000E+00  1.8318475793E-12  5.3164629563E-13  4.2110438165E-14
  2.2707000000E+00  1.8393234577E-12  5.5024431186E-13  4.4733143216E-14
  2.3232000000E+00  1.8457961142E-12  5.6910414438E-13  4.7476285409E-14
  2.3763000000E+00  1.8512590521E-12  5.8821519505E-13  5.0343032627E-14
  2.4300000000E+00  1.8557068791E-12  6.0756639115E-13  5.3336527918E-14
  2.4843000000E+00  1.8591353092E-12  6.2714619447E-13  5.6459884159E-14
  2.5392000000E+00  1.8615411636E-12  6.4694261097E-13  5.9716178646E-14
  2.5947000000E+00  1.8629223691E-12  6.6694320136E-13  6.3108447599E-14
  2.6508000000E+00  1.8632779566E-12  6.8713509221E-13  6.6639680592E-14
  2.7075000000E+00  1.8626080572E-12  7.0750498789E-13  7.0312814926E-14
  2.7648000000E+00  1.8609138976E-12  7.2803918312E-13  7.4130729948E-14
  2.8227000000E+00  1.8581977939E-12  7.4872357626E-13  7.8096241315E-14
  2.8812000000E+00  1.8544631441E-12  7.6954368318E-13  8.2212095231E-14
  2.9403000000E+00  1.8497144197E-12  7.9048465182E-13  8.6480962648E-14
  3.0000000000E+00  1.8439571554E-12  8.1153127732E-13  9.0905433455E-14
  3.0603000000E+00  1.8371979383E-12  8.3266801779E-13  9.5488010647E-14
  3.1212000000E+00  1.8294443955E-12  8.5387901064E-13  1.0023110450E-13
  3.1827000000E+00  1.8207051803E-12  8.7514808942E-13  1.0513702677E-13
  3.2448000000E+00  1.8109899574E-12  8.9645880127E-13  1.1020798486E-13
  3.3075000000E+00  1.8003093875E-12  9.1779442481E-13  1.1544607608E-13
  3.3708000000E+00  1.7886751096E-12  9.3913798853E-13  1.2085328192E-13
  3.4347000000E+00  1.7760997236E-12  9.6047228968E-13  1.2643146234E-13
  3.4992000000E+00  1.7625967703E-12  9.8177991353E-13  1.3218235016E-13
  3.5643000000E+00  1.7481807120E-12  1.0030432531E-12  1.3810754551E-13
  3.6300000000E+00  1.7328669106E-12  1.0242445290E-12  1.4420851035E-13
  3.6963000000E+00  1.7166716057E-12  1.0453658105E-12  1.5048656304E-13
  3.7632000000E+00  1.6996118912E-12  1.0663890353E-12  1.5694287313E-13
  3.8307000000E+00  1.6817056915E-12  1.0872960314E-12  1.6357845610E-13
  3.8988000000E+00  1.6629717363E-12  1.1080685382E-12  1.7039416832E-13
  3.9675000000E+00  1.6434295349E-12  1.1286882276E-12  1.7739070212E-13
  4.0368000000E+00  1.6230993495E-12  1.1491367263E-12  1.8456858099E-13
  4.1067000000E+00  1.6020021679E-12  1.1693956377E-12  1.9192815490E-13
  4.1772000000E+00  1.5801596752E-12  1.1894465633E-12  1.9946959584E-13
  4.2483000000E+00  1.5575942251E-12  1.2092711259E-12  2.0719289346E-13
  4.3200000000E+00  1.5343288106E-12  1.2288509911E-12  2.1509785093E-13
  4.3923000000E+00  1.5103870336E-12  1.2481678896E-12  2.2318408095E-13
  4.4652000000E+00  1.4857930744E-12  1.2672036403E-12  2.3145100199E-13
  4.5387000000E+00  1.4605716607E-12  1.2859401717E-12  2.3989783471E-13
  4.6128000000E+00  1.4347480357E-12  1.3043595448E-12  2.4852359858E-13
  4.6875000000E+00  1.4083479258E-12  1.3224439752E-12  2.5732710873E-13
  4.7628000000E+00  1.3813975087E-12  1.3401758549E-12  2.6630697304E-13
  4.8387000000E+00  1.3539233801E-12  1.3575377749E-12  2.7546158945E-13
  4.9152000000E+00  1.3259525204E-12  1.3745125461E-12  2.8478914348E-13
  4.9923000000E+00  1.2975122618E-12  1.3910832220E-12  2.9428760606E-13
  5.0700000000E+00  1.2686302539E-12  1.4072331191E-12  3.0395473157E-13
  5.1483000000E+00  1.2393344304E-12  1.4229458387E-12  3.1378805617E-13
  5.2272000000E+00  1.2096529752E-12  1.4382052875E-12  3.2378489632E-13
  5.3067000000E+00  1.1796142875E-12  1.4529956981E-12  3.3394234774E-13
  5.3868000000E+00  1.1492469486E-12  1.4673016492E-12  3.4425728442E-13
  5.4675000000E+00  1.1185796872E-12  1.4811080854E-12  3.5472635811E-13
  5.5488000000E+00  1.0876413455E-12  1.4944003368E-12  3.6534599802E-13
  5.6307000000E+00  1.0564608450E-12  1.5071641378E-12  3.7611241077E-13
  5.7132000000E+00  1.0250671530E-12  1.5193856455E-12  3.8702158070E-13
  5.7963000000E+00  9.9348924823E-13  1.5310514581E-12  3.9806927048E-13
  5.8800000000E+00  9.6175608780E-13  1.5421486320E-12  4.0925102193E-13
  5.9643000000E+00  9.2989657378E-13  1.5526646994E-12  4.2056215730E-13
  6.0492000000E+00  8.9793952016E-13  1.5625876840E-12  4.3199778070E-13
  6.1347000000E+00  8.6591362024E-13  1.5719061176E-12  4.4355277991E-13
  6.2208000000E+00  8.3384741430E-13  1.5806090549E-12  4.5522182855E-13
  6.3075000000E+00  8.0176925772E-13  1.5886860882E-12  4.6699938842E-13
  6.3948000000E+00  7.6970728957E-13  1.5961273617E-12  4.7887971230E-13
  6.4827000000E+00  7.3768940158E-13  1.6029235846E-12  4.9085684696E-13
  6.5712000000E+00  7.0574320780E-13  1.6090660435E-12  5.0292463651E-13
  6.6603000000E+00  6.7389601465E-13  1.6145466152E-12  5.1507672607E-13
  6.7500000000E+00  6.4217479165E-13  1.6193577770E-12  5.2730656570E-13
  6.8403000000E+00  6.1060614275E-13  1.6234926177E-12  5.3960741472E-13
  6.9312000000E+00  5.7921627836E-13  1.6269448474E-12  5.5197234624E-13
  7.0227000000E+00  5.4803098797E-13  1.6297088064E-12  5.6439425201E-13
  7.1148000000E+00  5.1707561360E-13  1.6317794732E-12  5.7686584764E-13
  7.2075000000E+00  4.8637502392E-13  1.6331524725E-12  5.8937967797E-13
  7.3008000000E+00  4.5595358920E-13  1.6338240812E-12  6.0192812286E-13
  7.3947000000E+00  4.2583515700E-13  1.6337912350E-12  6.1450340320E-13
  7.4892000000E+00  3.9604302877E-13  1.6330515325E-12  6.2709758716E-13
  7.5843000000E+00  3.6659993724E-13  1.6316032404E-12  6.3970259680E-13
  7.6800000000E+00  3.3752802472E-13  1.6294452960E-12  6.5231021487E-13
  7.7763000000E+00  3.0884882226E-13  1.6265773106E-12  6.6491209187E-13
  7.8732000000E+00  2.8058322979E-13  1.6229995705E-12  6.7749975342E-13
  7.9707000000E+00  2.5275149713E-13  1.6187130383E-12  6.9006460778E-13
  8.0688000000E+00  2.2537320604E-13  1.6137193528E-12  7.0259795370E-13
  8.1675000000E+00  1.9846725312E-13  1.6080208283E-12  7.1509098843E-13
  8.2668000000E+00  1.7205183385E-13  1.6016204529E-12  7.2753481593E-13
  8.3667000000E+00  1.4614442749E-13  1.5945218862E-12  7.3992045537E-13
  8.4672000000E+00  1.2076178308E-13  1.5867294556E-12  7.5223884977E-13
  8.5683000000E+00  9.5919906425E-14  1.5782481529E-12  7.6448087480E-13
  8.6700000000E+00  7.1634048146E-14  1.5690836284E-12  7.7663734782E-13
  8.7723000000E+00  4.7918692731E-14  1.5592421863E-12  7.8869903708E-13
  8.8752000000E+00  2.4787548660E-14  1.5487307770E-12  8.0065667101E-13
  8.9787000000E+00  2.2535395735E-15  1.5375569906E-12  8.1250094773E-13
  9.0828000000E+00 -1.9671203499E-14  1.5257290485E-12  8.2422254463E-13
  9.1875000000E+00 -4.0975348859E-14  1.5132557941E-12  8.3581212817E-13
  9.2928000000E+00 -6.1648369799E-14  1.5001466838E-12  8.4726036363E-13
  9.3987000000E+00 -8.1680549202E-14  1.4864117760E-12  8.5855792515E-13
  9.5052000000E+00 -1.0106298309E-13  1.4720617205E-12  8.6969550567E-13
  9.6123000000E+00 -1.1978758312E-13  1.4571077460E-12  8.8066382706E-13
  9.7200000000E+00 -1.3784707803E-13  1.4415616480E-12  8.9145365029E-13
  9.8283000000E+00 -1.5523501406E-13  1.4254357752E-12  9.0205578561E-13
  9.9372000000E+00 -1.7194575432E-13  1.4087430160E-12  9.1246110277E-13
  1.0046700000E+01 -1.8797447715E-13  1.3914967833E-12  9.2266054132E-13
  1.0156800000E+01 -2.0331717345E-13  1.3737110000E-12  9.3264512081E-13
  1.0267500000E+01 -2.1797064304E-13  1.3554000826E-12  9.4240595108E-13
  1.0378800000E+01 -2.3193249002E-13  1.3365789251E-12  9.5193424248E-13
  1.0490700000E+01 -2.4520111711E-13  1.3172628819E-12  9.6122131605E-13
  1.0603200000E+01 -2.5777571914E-13  1.2974677503E-12  9.7025861370E-13
  1.0716300000E+01 -2.6965627545E-13  1.2772097528E-12  9.7903770824E-13
  1.0830000000E+01 -2.8084354152E-13  1.2565055180E-12  9.8755031344E-13
  1.0944300000E+01 -2.9133903958E-13  1.2353720621E-12  9.9578829391E-13
  1.1059200000E+01 -3.0114504840E-13  1.2138267693E-12  1.0037436749E-12
  1.1174700000E+01 -3.1026459219E-13  1.1918873720E-12  1.0114086522E-12
  1.1290800000E+01 -3.1870142865E-13  1.1695719305E-12  1.0187756013E-12
  1.1407500000E+01 -3.2646003622E-13  1.1468988124E-12  1.0258370872E-12
  1.1524800000E+01 -3.3354560055E-13  1.1238866720E-12  1.0325858734E-12
  1.1642700000E+01 -3.3996400015E-13  1.1005544287E-12  1.0390149313E-12
  1.1761200000E+01 -3.4572179134E-13  1.0769212456E-12  1.0451174488E-12
  1.1880300000E+01 -3.5082619248E-13  1.0530065079E-12  1.0508868394E-12
  1.2000000000E+01 -3.5528506746E-13  1.0288298007E-12  1.0563167501E-12
  1.2120300000E+01 -3.5910690861E-13  1.0044108872E-12  1.0614010703E-12
  1.2241200000E+01 -3.6230081891E-13  9.7976968600E-13  1.0661339397E-12
  1.2362700000E+01 -3.6487649359E-13  9.5492624886E-13  1.0705097560E-12
  1.2484800000E+01 -3.6684420124E-13  9.2990073820E-13  1.0745231824E-12
  1.2607500000E+01 -3.6821476428E-13  9.0471340439E-13  1.0781691551E-12
  1.2730800000E+01 -3.6899953895E-13  8.7938456313E-13  1.0814428903E-12
  1.2854700000E+01 -3.6921039484E-13  8.5393457278E-13  1.0843398907E-12
  1.2979200000E+01 -3.6885969398E-13  8.2838381175E-13  1.0868559523E-12
  1.3104300000E+01 -3.6796026941E-13  8.0275265583E-13  1.0889871702E-12
  1.3230000000E+01 -3.6652540353E-13  7.7706145576E-13  1.0907299446E-12
  1.3356300000E+01 -3.6456880593E-13  7.5133051473E-13  1.0920809862E-12
  1.3483200000E+01 -3.6210459104E-13  7.2558006617E-13  1.0930373214E-12
  1.3610700000E+01 -3.5914725541E-13  6.9983025159E-13  1.0935962972E-12
  1.3738800000E+01 -3.5571165473E-13  6.7410109869E-13  1.0937555853E-12
  1.3867500000E+01 -3.5181298072E-13  6.4841249963E-13  1.0935131868E-12
  1.3996800000E+01 -3.4746673772E-13  6.2278418959E-13  1.0928674352E-12
  1.4126700000E+01 -3.4268871921E-13  5.9723572561E-13  1.0918170006E-12
  1.4257200000E+01 -3.3749498414E-13  5.7178646568E-13  1.0903608919E-12
  1.4388300000E+01 -3.3190183329E-13  5.4645554820E-13  1.0884984600E-12
  1.4520000000E+01 -3.2592578539E-13  5.2126187181E-13  1.0862293998E-12
  1.4652300000E+01 -3.1958355344E-13  4.9622407553E-13  1.0835537518E-12
  1.4785200000E+01 -3.1289202084E-13  4.7136051939E-13  1.0804719042E-12
  1.4918700000E+01 -3.0586821769E-13  4.4668926542E-13  1.0769845930E-12
  1.5052800000E+01 -2.9852929712E-13  4.2222805909E-13  1.0730929037E-12
  1.5187500000E+01 -2.9089251174E-13  3.9799431130E-13  1.0687982706E-12
  1.5322800000E+01 -2.8297519020E-13  3.7400508076E-13  1.0641024773E-12
  1.5458700000E+01 -2.7479471395E-13  3.5027705694E-13  1.0590076558E-12
  1.5595200000E+01 -2.6636849420E-13  3.2682654358E-13  1.0535162857E-12
  1.5732300000E+01 -2.5771394904E-13  3.0366944268E-13  1.0476311925E-12
  1.5870000000E+01 -2.4884848094E-13  2.8082123913E-13  1.0413555463E-12
  1.6008300000E+01 -2.3978945441E-13  2.5829698590E-13  1.0346928593E-12
  1.6147200000E+01 -2.3055417405E-13  2.3611128983E-13  1.0276469832E-12
  1.6286700000E+01 -2.2115986290E-13  2.1427829807E-13  1.0202221064E-12
  1.6426800000E+01 -2.1162364119E-13  1.9281168512E-13  1.0124227505E-12
  1.6567500000E+01 -2.0196250543E-13  1.7172464056E-13  1.0042537665E-12
  1.6708800000E+01 -1.9219330797E-13  1.5102985741E-13  9.9572033059E-13
  1.6850700000E+01 -1.8233273697E-13  1.3073952120E-13  9.8682793975E-13
  1.6993200000E+01 -1.7239729681E-13  1.1086529970E-13  9.7758240670E-13
  1.7136300000E+01 -1.6240328906E-13  9.1418333353E-14  9.6798985463E-13
  1.7280000000E+01 -1.5236679386E-13  7.2409226410E-14  9.5805671150E-13
  1.7424300000E+01 -1.4230365190E-13  5.3848038806E-14  9.4778970401E-13
  1.7569200000E+01 -1.3222944687E-13  3.5744278725E-14  9.3719585118E-13
  1.7714700000E+01 -1.2215948860E-13  1.8106895905E-14  9.2628245764E-13
  1.7860800000E+01 -1.1210879663E-13  9.4427567256E-16  9.1505710649E-13
  1.8007500000E+01 -1.0209208447E-13 -1.5735766281E-14  9.0352765195E-13
  1.8154800000E+01 -9.2123744463E-14 -3.1925988393E-14  8.9170221154E-13
  1.8302700000E+01 -8.2217833246E-14 -4.7619726982E-14  8.7958915808E-13
  1.8451200000E+01 -7.2388057878E-14 -6.2810899250E-14  8.6719711131E-13
  1.8600300000E+01 -6.2647762606E-14 -7.7494005558E-14  8.5453492922E-13
  1.8750000000E+01 -5.3009916307E-14 -9.1664130948E-14  8.4161169913E-13
  1.8900300000E+01 -4.3487100593E-14 -1.0531694594E-13  8.2843672847E-13
  1.9051200000E+01 -3.4091498605E-14 -1.1844870659E-13  8.1501953532E-13
  1.9202700000E+01 -2.4834884503E-14 -1.3105625381E-13  8.0136983867E-13
  1.9354800000E+01 -1.5728613647E-14 -1.4313701199E-13  7.8749754847E-13
  1.9507500000E+01 -6.7836134874E-15 -1.5468898687E-13  7.7341275545E-13
  1.9660800000E+01  1.9896248357E-15 -1.6571076270E-13  7.5912572071E-13
  1.9814700000E+01  1.0581054179E-14 -1.7620149877E-13  7.4464686515E-13
  1.9969200000E+01  1.8981078368E-14 -1.8616092512E-13  7.2998675866E-13
  2.0124300000E+01  2.7180558450E-14 -1.9558933769E-13  7.1515610917E-13
  2.0280000000E+01  3.5170818225E-14 -2.0448759270E-13  7.0016575156E-13
  2.0436300000E+01  4.2943649066E-14 -2.1285710046E-13  6.8502663638E-13
  2.0593200000E+01  5.0491314015E-14 -2.2069981845E-13  6.6974981846E-13
  2.0750700000E+01  5.7806551167E-14 -2.2801824381E-13  6.5434644542E-13
  2.0908800000E+01  6.4882576345E-14 -2.3481540522E-13  6.3882774606E-13
  2.1067500000E+01  7.1713085065E-14 -2.4109485411E-13  6.2320501865E-13
  2.1226800000E+01  7.8292253800E-14 -2.4686065536E-13  6.0748961918E-13
  2.1386700000E+01  8.4614740554E-14 -2.5211737741E-13  5.9169294952E-13
  2.1547200000E+01  9.0675684739E-14 -2.5687008173E-13  5.7582644560E-13
  2.1708300000E+01  9.6470706385E-14 -2.6112431190E-13  5.5990156542E-13
  2.1870000000E+01  1.0199590467E-13 -2.6488608200E-13  5.4392977725E-13
  2.2032300000E+01  1.0724785578E-13 -2.6816186467E-13  5.2792254766E-13
  2.2195200000E+01  1.1222361017E-13 -2.7095857855E-13  5.1189132962E-13
  2.2358700000E+01  1.1692068910E-13 -2.7328357537E-13  4.9584755072E-13
  2.2522800000E+01  1.2133708062E-13 -2.7514462648E-13  4.7980260128E-13
  2.2687500000E+01  1.2547123495E-13 -2.7654990908E-13  4.6376782263E-13
  2.2852800000E+01  1.2932205915E-13 -2.7750799197E-13  4.4775449546E-13
  2.3018700000E+01  1.3288891138E-13 -2.7802782099E-13  4.3177382821E-13
  2.3185200000E+01  1.3617159443E-13 -2.7811870404E-13  4.1583694563E-13
  2.3352300000E+01  1.3917034881E-13 -2.7779029583E-13  3.9995487739E-13
  2.3520000000E+01  1.4188584523E-13 -2.7705258227E-13  3.8413854687E-13
  2.3688300000E+01  1.4431917663E-13 -2.7591586462E-13  3.6839876013E-13
  2.3857200000E+01  1.4647184966E-13 -2.7439074339E-13  3.5274619492E-13
  2.4026700000E+01  1.4834577569E-13 -2.7248810193E-13  3.3719139004E-13
  2.4196800000E+01  1.4994326138E-13 -2.7021908988E-13  3.2174473472E-13
  2.4367500000E+01  1.5126699876E-13 -2.6759510642E-13  3.0641645829E-13
  2.4538800000E+01  1.5232005497E-13 -2.6462778334E-13  2.9121662011E-13
  2.4710700000E+01  1.5310586148E-13 -2.6132896797E-13  2.7615509956E-13
  2.4883200000E+01  1.5362820307E-13 -2.5771070600E-13  2.6124158650E-13
  2.5056300000E+01  1.5389120631E-13 -2.5378522423E-13  2.4648557173E-13
  2.5230000000E+01  1.5389932779E-13 -2.4956491320E-13  2.3189633795E-13
  2.5404300000E+01  1.5365734201E-13 -2.4506230985E-13  2.1748295081E-13
  2.5579200000E+01  1.5317032897E-13 -2.4029008011E-13  2.0325425032E-13
  2.5754700000E+01  1.5244366148E-13 -2.3526100151E-13  1.8921884259E-13
  2.5930800000E+01  1.5148299223E-13 -2.2998794581E-13  1.7538509179E-13
  2.6107500000E+01  1.5029424063E-13 -2.2448386170E-13  1.6176111245E-13
  2.6284800000E+01  1.4888357943E-13 -2.1876175756E-13  1.4835476217E-13
  2.6462700000E+01  1.4725742117E-13 -2.1283468436E-13  1.3517363449E-13
  2.6641200000E+01  1.4542240446E-13 -2.0671571858E-13  1.2222505225E-13
  2.6820300000E+01  1.4338538014E-13 -2.0041794542E-13  1.0951606123E-13
  2.7000000000E+01  1.4115339728E-13 -1.9395444205E-13  9.7053424140E-14
  2.7180300000E+01  1.3873368913E-13 -1.8733826108E-13  8.4843614974E-14
  2.7361200000E+01  1.3613365897E-13 -1.8058241432E-13  7.2892813750E-14
  2.7542700000E+01  1.3336086592E-13 -1.7369985661E-13  6.1206901597E-14
  2.7724800000E+01  1.3042301072E-13 -1.6670347009E-13  4.9791456223E-14
  2.7907500000E+01  1.2732792154E-13 -1.5960604853E-13  3.8651747766E-14
  2.8090800000E+01  1.2408353968E-13 -1.5242028216E-13  2.7792735029E-14
  2.8274700000E+01  1.2069790549E-13 -1.4515874262E-13  1.7219062099E-14
  2.8459200000E+01  1.1717914420E-13 -1.3783386837E-13  6.9350553609E-15
  2.8644300000E+01  1.1353545188E-13 -1.3045795036E-13 -3.0552791009E-15
  2.8830000000E+01  1.0977508153E-13 -1.2304311808E-13 -1.2748257703E-14
  2.9016300000E+01  1.0590632920E-13 -1.1560132601E-13 -2.2140521170E-14
  2.9203200000E+01  1.0193752037E-13 -1.0814434042E-13 -3.1229035942E-14
  2.9390700000E+01  9.7876996340E-14 -1.0068372660E-13 -4.0011095192E-14
  2.9578800000E+01  9.3733100943E-14 -9.3230836479E-14 -4.8484319438E-14
  2.9767500000E+01  8.9514167331E-14 -8.5796796728E-14 -5.6646656765E-14
  2.9956800000E+01  8.5228505044E-14 -7.8392497244E-14 -6.4496382657E-14
  3.0146700000E+01  8.0884387273E-14 -7.1028580132E-14 -7.2032099428E-14
  3.0337200000E+01  7.6490038378E-14 -6.3715429131E-14 -7.9252735268E-14
  3.0528300000E+01  7.2053621664E-14 -5.6463159531E-14 -8.6157542904E-14
  3.0720000000E+01  6.7583227429E-14 -4.9281608566E-14 -9.2746097875E-14
  3.0912300000E+01  6.3086861309E-14 -4.2180326303E-14 -9.9018296429E-14
  3.1105200000E+01  5.8572432916E-14 -3.5168567038E-14 -1.0497435305E-13
  3.1298700000E+01  5.4047744803E-14 -2.8255281197E-14 -1.1061479760E-13
  3.1492800000E+01  4.9520481754E-14 -2.1449107752E-14 -1.1594047212E-13
  3.1687500000E+01  4.4998200418E-14 -1.4758367165E-14 -1.2095252725E-13
  3.1882800000E+01  4.0488319300E-14 -8.1910548478E-15 -1.2565241832E-13
  3.2078700000E+01  3.5998109104E-14 -1.7548351588E-15 -1.3004190107E-13
  3.2275200000E+01  3.1534683471E-14  4.5429640691E-15 -1.3412302707E-13
  3.2472300000E+01  2.7104990083E-14  1.0695356467E-14 -1.3789813875E-13
  3.2670000000E+01  2.2715802167E-14  1.6695701530E-14 -1.4136986417E-13
  3.2868300000E+01  1.8373710403E-14  2.2537708485E-14 -1.4454111146E-13
  3.3067200000E+01  1.4085115236E-14  2.8215439610E-14 -1.4741506292E-13
  3.3266700000E+01  9.8562196006E-15  3.3723313037E-14 -1.4999516889E-13
  3.3466800000E+01  5.6930220738E-15  3.9056104995E-14 -1.5228514125E-13
  3.3667500000E+01  1.6013104444E-15  4.4208951547E-14 -1.5428894674E-13
  3.3868800000E+01 -2.4133442810E-15  4.9177349778E-14 -1.5601079995E-13
  3.4070700000E+01 -6.3455934412E-15  5.3957158473E-14 -1.5745515605E-13
  3.4273200000E+01 -1.0190315847E-14  5.8544598260E-14 -1.5862670334E-13
  3.4476300000E+01 -1.3942622468E-14  6.2936251256E-14 -1.5953035551E-13
  3.4680000000E+01 -1.7597860679E-14  6.7129060189E-14 -1.6017124370E-13
  3.4884300000E+01 -2.1151618070E-14  7.1120327030E-14 -1.6055470835E-13
  3.5089200000E+01 -2.4599725804E-14  7.4907711120E-14 -1.6068629086E-13
  3.5294700000E+01 -2.7938261549E-14  7.8489226822E-14 -1.6057172506E-13
  3.5500800000E+01 -3.1163551959E-14  8.1863240685E-14 -1.6021692848E-13
  3.5707500000E+01 -3.4272174721E-14  8.5028468152E-14 -1.5962799354E-13
  3.5914800000E+01 -3.7260960173E-14  8.7983969798E-14 -1.5881117848E-13
  3.6122700000E+01 -4.0126992483E-14  9.0729147133E-14 -1.5777289829E-13
  3.6331200000E+01 -4.2867610403E-14  9.3263737956E-14 -1.5651971536E-13
  3.6540300000E+01 -4.5480407603E-14  9.5587811296E-14 -1.5505833020E-13
  3.6750000000E+01 -4.7963232585E-14  9.7701761934E-14 -1.5339557189E-13
  3.6960300000E+01 -5.0314188188E-14  9.9606304532E-14 -1.5153838859E-13
  3.7171200000E+01 -5.2531630678E-14  1.0130246736E-13 -1.4949383791E-13
  3.7382700000E+01 -5.4614168458E-14  1.0279158569E-13 -1.4726907723E-13
  3.7594800000E+01 -5.6560660364E-14  1.0407529476E-13 -1.4487135399E-13
  3.7807500000E+01 -5.8370213599E-14  1.0515552248E-13 -1.4230799596E-13
  3.8020800000E+01 -6.0042181280E-14  1.0603448173E-13 -1.3958640145E-13
  3.8234700000E+01 -6.1576159621E-14  1.0671466242E-13 -1.3671402961E-13
  3.8449200000E+01 -6.2971984766E-14  1.0719882318E-13 -1.3369839062E-13
  3.8664300000E+01 -6.4229729269E-14  1.0748998278E-13 -1.3054703601E-13
  3.8880000000E+01 -6.5349698244E-14  1.0759141138E-13 -1.2726754895E-13
  3.9096300000E+01 -6.6332425185E-14  1.0750662135E-13 -1.2386753463E-13
  3.9313200000E+01 -6.7178667479E-14  1.0723935804E-13 -1.2035461065E-13
  3.9530700000E+01 -6.7889401608E-14  1.0679359019E-13 -1.1673639755E-13
  3.9748800000E+01 -6.8465818071E-14  1.0617350024E-13 -1.1302050940E-13
  3.9967500000E+01 -6.8909316020E-14  1.0538347439E-13 -1.0921454445E-13
  4.0186800000E+01 -6.9221497633E-14  1.0442809252E-13 -1.0532607594E-13
  4.0406700000E+01 -6.9404162237E-14  1.0331211798E-13 -1.0136264302E-13
  4.0627200000E+01 -6.9459300188E-14  1.0204048719E-13 -9.7331741811E-14
  4.0848300000E+01 -6.9389086525E-14  1.0061829919E-13 -9.3240816561E-14
  4.1070000000E+01 -6.9195874415E-14  9.9050805057E-14 -8.9097251026E-14
  4.1292300000E+01 -6.8882188389E-14  9.7343397225E-14 -8.4908359972E-14
  4.1515200000E+01 -6.8450717408E-14  9.5501598796E-14 -8.0681380867E-14
  4.1738700000E+01 -6.7904307740E-14  9.3531052748E-14 -7.6423465753E-14
  4.1962800000E+01 -6.7245955693E-14  9.1437511147E-14 -7.2141673322E-14
  4.2187500000E+01 -6.6478800198E-14  8.9226824329E-14 -6.7842961186E-14
  4.2412800000E+01 -6.5606115263E-14  8.6904930094E-14 -6.3534178370E-14
  4.2638700000E+01 -6.4631302316E-14  8.4477842921E-14 -5.9222058019E-14
  4.2865200000E+01 -6.3557882439E-14  8.1951643211E-14 -5.4913210341E-14
  4.3092300000E+01 -6.2389488527E-14  7.9332466587E-14 -5.0614115782E-14
  4.3320000000E+01 -6.1129857360E-14  7.6626493267E-14 -4.6331118452E-14
  4.3548300000E+01 -5.9782821634E-14  7.3839937509E-14 -4.2070419798E-14
  4.3777200000E+01 -5.8352301928E-14  7.0979037163E-14 -3.7838072536E-14
  4.4006700000E+01 -5.6842298656E-14  6.8050043337E-14 -3.3639974851E-14
  4.4236800000E+01 -5.5256883999E-14  6.5059210182E-14 -2.9481864864E-14
  4.4467500000E+01 -5.3600193823E-14  6.2012784830E-14 -2.5369315376E-14
  4.4698800000E+01 -5.1876419626E-14  5.8916997479E-14 -2.1307728889E-14
  4.4930700000E+01 -5.0089800493E-14  5.5778051653E-14 -1.7302332920E-14
  4.5163200000E+01 -4.8244615092E-14  5.2602114642E-14 -1.3358175590E-14
  4.5396300000E+01 -4.6345173727E-14  4.9395308133E-14 -9.4801215216E-15
  4.5630000000E+01 -4.4395810442E-14  4.6163699057E-14 -5.6728480165E-15
  4.5864300000E+01 -4.2400875208E-14  4.2913290644E-14 -1.9408415416E-15
  4.6099200000E+01 -4.0364726192E-14  3.9650013715E-14  1.7116054905E-15
  4.6334700000E+01 -3.8291722127E-14  3.6379718211E-14  5.2803976378E-15
  4.6570800000E+01 -3.6186214791E-14  3.3108164972E-14  8.7616390419E-15
  4.6807500000E+01 -3.4052541605E-14  2.9841017778E-14  1.2151635738E-14
  4.7044800000E+01 -3.1895018369E-14  2.6583835662E-14  1.5446897661E-14
  4.7282700000E+01 -2.9717932132E-14  2.3342065492E-14  1.8644140346E-14
  4.7521200000E+01 -2.7525534220E-14  2.0121034848E-14  2.1740286326E-14
  4.7760300000E+01 -2.5322033427E-14  1.6925945190E-14  2.4732466231E-14
  4.8000000000E+01 -2.3111589371E-14  1.3761865324E-14  2.7618019577E-14
  4.8240300000E+01 -2.0898306036E-14  1.0633725181E-14  3.0394495265E-14
  4.8481200000E+01 -1.8686225502E-14  7.5463099009E-15  3.3059651779E-14
  4.8722700000E+01 -1.6479321868E-14  4.5042542428E-15  3.5611457086E-14
  4.8964800000E+01 -1.4281495385E-14  1.5120373141E-15  3.8048088249E-14
  4.9207500000E+01 -1.2096566796E-14 -1.4260223718E-15  4.0367930756E-14
  4.9450800000E+01 -9.9282718968E-15 -4.3057715072E-15  4.2569577553E-14
  4.9694700000E+01 -7.7802563187E-15 -7.1232262666E-15  4.4651827806E-14
  4.9939200000E+01 -5.6560705459E-15 -9.8745762476E-15  4.6613685387E-14
  5.0184300000E+01 -3.5591651653E-15 -1.2556188073E-14  4.8454357089E-14
  5.0430000000E+01 -1.4928863582E-15 -1.5164608651E-14  5.0173250571E-14
  5.0676300000E+01  5.3952836342E-16 -1.7696568100E-14  5.1769972051E-14
  5.0923200000E+01  2.5349541705E-15 -2.0148982323E-14  5.3244323742E-14
  5.1170700000E+01  4.4903826790E-15 -2.2518955251E-14  5.4596301041E-14
  5.1418800000E+01  6.4029254557E-15 -2.4803780741E-14  5.5826089477E-14
  5.1667500000E+01  8.2698172660E-15 -2.7000944135E-14  5.6934061426E-14
  5.1916800000E+01  1.0088419062E-14 -2.9108123485E-14  5.7920772604E-14
  5.2166700000E+01  1.1856220708E-14 -3.1123190441E-14  5.8786958331E-14
  5.2417200000E+01  1.3570843442E-14 -3.3044210810E-14  5.9533529594E-14
  5.2668300000E+01  1.5230042078E-14 -3.4869444785E-14  6.0161568901E-14
  5.2920000000E+01  1.6831706938E-14 -3.6597346851E-14  6.0672325944E-14
  5.3172300000E+01  1.8373865526E-14 -3.8226565369E-14  6.1067213070E-14
  5.3425200000E+01  1.9854683933E-14 -3.9755941850E-14  6.1347800582E-14
  5.3678700000E+01  2.1272467990E-14 -4.1184509912E-14  6.1515811861E-14
  5.3932800000E+01  2.2625664147E-14 -4.2511493942E-14  6.1573118338E-14
  5.4187500000E+01  2.3912860106E-14 -4.3736307451E-14  6.1521734307E-14
  5.4442800000E+01  2.5132785190E-14 -4.4858551147E-14  6.1363811603E-14
  5.4698700000E+01  2.6284310466E-14 -4.5878010716E-14  6.1101634139E-14
  5.4955200000E+01  2.7366448608E-14 -4.6794654330E-14  6.0737612331E-14
  5.5212300000E+01  2.8378353525E-14 -4.7608629885E-14  6.0274277404E-14
  5.5470000000E+01  2.9319319735E-14 -4.8320261981E-14  5.9714275590E-14
  5.5728300000E+01  3.0188781515E-14 -4.8930048644E-14  5.9060362242E-14
  5.5987200000E+01  3.0986311801E-14 -4.9438657807E-14  5.8315395860E-14
  5.6246700000E+01  3.1711620874E-14 -4.9846923557E-14  5.7482332037E-14
  5.6506800000E+01  3.2364554813E-14 -5.0155842153E-14  5.6564217353E-14
  5.6767500000E+01  3.2945093739E-14 -5.0366567833E-14  5.5564183203E-14
  5.7028800000E+01  3.3453349840E-14 -5.0480408410E-14  5.4485439586E-14
  5.7290700000E+01  3.3889565193E-14 -5.0498820674E-14  5.3331268861E-14
  5.7553200000E+01  3.4254109393E-14 -5.0423405606E-14  5.2105019476E-14
  5.7816300000E+01  3.4547476982E-14 -5.0255903421E-14  5.0810099678E-14
  5.8080000000E+01  3.4770284700E-14 -4.9998188438E-14  4.9449971226E-14
  5.8344300000E+01  3.4923268551E-14 -4.9652263804E-14  4.8028143099E-14
  5.8609200000E+01  3.5007280711E-14 -4.9220256070E-14  4.6548165224E-14
  5.8874700000E+01  3.5023286257E-14 -4.8704409633E-14  4.5013622228E-14
  5.9140800000E+01  3.4972359760E-14 -4.8107081060E-14  4.3428127212E-14
  5.9407500000E+01  3.4855681717E-14 -4.7430733301E-14  4.1795315579E-14
  5.9674800000E+01  3.4674534852E-14 -4.6677929800E-14  4.0118838904E-14
  5.9942700000E+01  3.4430300288E-14 -4.5851328518E-14  3.8402358866E-14
  6.0211200000E+01  3.4124453591E-14 -4.4953675885E-14  3.6649541245E-14
  6.0480300000E+01  3.3758560712E-14 -4.3987800680E-14  3.4864049999E-14
  6.0750000000E+01  3.3334273811E-14 -4.2956607855E-14  3.3049541422E-14
  6.1020300000E+01  3.2853327001E-14 -4.1863072325E-14  3.1209658394E-14
  6.1291200000E+01  3.2317531992E-14 -4.0710232715E-14  2.9348024733E-14
  6.1562700000E+01  3.1728773666E-14 -3.9501185093E-14  2.7468239653E-14
  6.1834800000E+01  3.1089005580E-14 -3.8239076688E-14  2.5573872337E-14
  6.2107500000E+01  3.0400245407E-14 -3.6927099611E-14  2.3668456629E-14
  6.2380800000E+01  2.9664570332E-14 -3.5568484585E-14  2.1755485863E-14
  6.2654700000E+01  2.8884112396E-14 -3.4166494702E-14  1.9838407816E-14
  6.2929200000E+01  2.8061053818E-14 -3.2724419201E-14  1.7920619807E-14
  6.3204300000E+01  2.7197622282E-14 -3.1245567298E-14  1.6005463949E-14
  6.3480000000E+01  2.6296086216E-14 -2.9733262066E-14  1.4096222544E-14
  6.3756300000E+01  2.5358750057E-14 -2.8190834371E-14  1.2196113642E-14
  6.4033200000E+01  2.4387949518E-14 -2.6621616888E-14  1.0308286761E-14
  6.4310700000E+01  2.3386046875E-14 -2.5028938188E-14  8.4358187796E-15
  6.4588800000E+01  2.2355426251E-14 -2.3416116925E-14  6.5817099932E-15
  6.4867500000E+01  2.1298488948E-14 -2.1786456110E-14  4.7488803567E-15
  6.5146800000E+01  2.0217648796E-14 -2.0143237506E-14  2.9401659008E-15
  6.5426700000E+01  1.9115327556E-14 -1.8489716123E-14  1.1583153350E-15
  6.5707200000E+01  1.7993950362E-14 -1.6829114846E-14 -5.9401316319E-16
  6.5988300000E+01  1.6855941226E-14 -1.5164619193E-14 -2.3142549688E-15
  6.6270000000E+01  1.5703718609E-14 -1.3499372206E-14 -3.9999418379E-15
  6.6552300000E+01  1.4539691054E-14 -1.1836469496E-14 -5.6487045417E-15
  6.6835200000E+01  1.3366252911E-14 -1.0178954427E-14 -7.2582753036E-15
  6.7118700000E+01  1.2185780131E-14 -8.5298134704E-15 -8.8264900395E-15
  6.7402800000E+01  1.1000626164E-14 -6.8919717180E-15 -1.0351290398E-14
  6.7687500000E+01  9.8131179478E-15 -5.2682885642E-15 -1.1830725603E-14
  6.7972800000E+01  8.6255520031E-15 -3.6615535648E-15 -1.3262954090E-14
  6.8258700000E+01  7.4401906341E-15 -2.0744824754E-15 -1.4646244952E-14
  6.8545200000E+01  6.2592582465E-15 -5.0971347430E-16 -1.5978979175E-14
  6.8832300000E+01  5.0849377845E-15  1.0301964264E-15 -1.7259650679E-14
  6.9120000000E+01  3.9193672908E-15  2.5427747768E-15 -1.8486867156E-14
  6.9408300000E+01  2.7646365966E-15  4.0256368892E-15 -1.9659350718E-14
  6.9697200000E+01  1.6227841447E-15  5.4764888396E-15 -2.0775938337E-14
  6.9986700000E+01  4.9579394961E-16  6.8931302674E-15 -2.1835582098E-14
  7.0276800000E+01 -6.1440730185E-16  8.2734569714E-15 -2.2837349256E-14
  7.0567500000E+01 -1.7059530047E-15  9.6154632995E-15 -2.3780422104E-14
  7.0858800000E+01 -2.7770392434E-15  1.0917244332E-14 -2.4664097649E-14
  7.1150700000E+01 -3.8259272486E-15  1.2176997856E-14 -2.5487787105E-14
  7.1443200000E+01 -4.8509457019E-15  1.3393026130E-14 -2.6251015208E-14
  7.1736300000E+01 -5.8504928849E-15  1.4563737439E-14 -2.6953419343E-14
  7.2030000000E+01 -6.8230386721E-15  1.5687647442E-14 -2.7594748500E-14
  7.2324300000E+01 -7.7671263648E-15  1.6763380309E-14 -2.8174862065E-14
  7.2619200000E+01 -8.6813743661E-15  1.7789669644E-14 -2.8693728430E-14
  7.2914700000E+01 -9.5644776949E-15  1.8765359213E-14 -2.9151423452E-14
  7.3210800000E+01 -1.0415209338E-14  1.9689403451E-14 -2.9548128747E-14
  7.3507500000E+01 -1.1232421441E-14  2.0560867776E-14 -2.9884129833E-14
  7.3804800000E+01 -1.2015046340E-14  2.1378928696E-14 -3.0159814121E-14
  7.4102700000E+01 -1.2762097424E-14  2.2142873713E-14 -3.0375668770E-14
  7.4401200000E+01 -1.3472669846E-14  2.2852101039E-14 -3.0532278390E-14
  7.4700300000E+01 -1.4145941068E-14  2.3506119106E-14 -3.0630322626E-14
  7.5000000000E+01 -1.4781171247E-14  2.4104545894E-14 -3.0670573609E-14
  7.5300300000E+01 -1.5377703466E-14  2.4647108066E-14 -3.0653893281E-14
  7.5601200000E+01 -1.5934963804E-14  2.5133639927E-14 -3.0581230614E-14
  7.5902700000E+01 -1.6452461258E-14  2.5564082196E-14 -3.0453618708E-14
  7.6204800000E+01 -1.6929787507E-14  2.5938480605E-14 -3.0272171799E-14
  7.6507500000E+01 -1.7366616527E-14  2.6256984332E-14 -3.0038082160E-14
  7.6810800000E+01 -1.7762704064E-14  2.6519844267E-14 -2.9752616910E-14
  7.7114700000E+01 -1.8117886954E-14  2.6727411114E-14 -2.9417114749E-14
  7.7419200000E+01 -1.8432082309E-14  2.6880133344E-14 -2.9032982607E-14
  7.7724300000E+01 -1.8705286562E-14  2.6978554999E-14 -2.8601692220E-14
  7.8030000000E+01 -1.8937574376E-14  2.7023313349E-14 -2.8124776651E-14
  7.8336300000E+01 -1.9129097427E-14  2.7015136411E-14 -2.7603826743E-14
  7.8643200000E+01 -1.9280083051E-14  2.6954840348E-14 -2.7040487525E-14
  7.8950700000E+01 -1.9390832781E-14  2.6843326726E-14 -2.6436454577E-14
  7.9258800000E+01 -1.9461720753E-14  2.6681579671E-14 -2.5793470347E-14
  7.9567500000E+01 -1.9493192006E-14  2.6470662899E-14 -2.5113320446E-14
  7.9876800000E+01 -1.9485760669E-14  2.6211716652E-14 -2.4397829917E-14
  8.0186700000E+01 -1.9440008044E-14  2.5905954528E-14 -2.3648859480E-14
  8.0497200000E+01 -1.9356580589E-14  2.5554660230E-14 -2.2868301770E-14
  8.0808300000E+01 -1.9236187804E-14  2.5159184218E-14 -2.2058077574E-14
  8.1120000000E+01 -1.9079600035E-14  2.4720940293E-14 -2.1220132058E-14
  8.1432300000E+01 -1.8887646179E-14  2.4241402110E-14 -2.0356431013E-14
  8.1745200000E+01 -1.8661211324E-14  2.3722099626E-14 -1.9468957112E-14
  8.2058700000E+01 -1.8401234307E-14  2.3164615491E-14 -1.8559706180E-14
  8.2372800000E+01 -1.8108705205E-14  2.2570581394E-14 -1.7630683503E-14
  8.2687500000E+01 -1.7784662765E-14  2.1941674369E-14 -1.6683900158E-14
  8.3002800000E+01 -1.7430191770E-14  2.1279613060E-14 -1.5721369390E-14
  8.3318700000E+01 -1.7046420365E-14  2.0586153965E-14 -1.4745103026E-14
  8.3635200000E+01 -1.6634517325E-14  1.9863087661E-14 -1.3757107941E-14
  8.3952300000E+01 -1.6195689286E-14  1.9112235010E-14 -1.2759382582E-14
  8.4270000000E+01 -1.5731177945E-14  1.8335443365E-14 -1.1753913549E-14
  8.4588300000E+01 -1.5242257225E-14  1.7534582775E-14 -1.0742672241E-14
  8.4907200000E+01 -1.4730230420E-14  1.6711542200E-14 -9.7276115731E-15
  8.5226700000E+01 -1.4196427321E-14  1.5868225736E-14 -8.7106627709E-15
  8.5546800000E+01 -1.3642201327E-14  1.5006548868E-14 -7.6937322416E-15
  8.5867500000E+01 -1.3068926553E-14  1.4128434746E-14 -6.6786985308E-15
  8.6188800000E+01 -1.2477994934E-14  1.3235810496E-14 -5.6674093673E-15
  8.6510700000E+01 -1.1870813331E-14  1.2330603577E-14 -4.6616788002E-15
  8.6833200000E+01 -1.1248800653E-14  1.1414738176E-14 -3.6632844327E-15
  8.7156300000E+01 -1.0613384983E-14  1.0490131663E-14 -2.6739647549E-15
  8.7480000000E+01 -9.9660007364E-15  9.5586911011E-15 -1.6954165811E-15
  8.7804300000E+01 -9.3080858298E-15  8.6223098223E-15 -7.2929259198E-16
  8.8129200000E+01 -8.6410788929E-15  7.6828640726E-15  2.2280101237E-16
  8.8454700000E+01 -7.9664165056E-15  6.7422097310E-15  1.1593067482E-15
  8.8780800000E+01 -7.2855304790E-15  5.8021791101E-15  2.0787179690E-15
  8.9107500000E+01 -6.5998451782E-15  4.8645778402E-15  2.9795808687E-15
  8.9434800000E+01 -5.9107748943E-15  3.9311818440E-15  3.8604963672E-15
  8.9762700000E+01 -5.2197212690E-15  3.0037344041E-15  4.7201218736E-15
  9.0091200000E+01 -4.5280707757E-15  2.0839433296E-15  5.5571729277E-15
  9.0420300000E+01 -3.8371922618E-15  1.1734782240E-15  6.3704247175E-15
  9.0750000000E+01 -3.1484345552E-15  2.7396785990E-16  7.1587134714E-15
  9.1080300000E+01 -2.4631241399E-15 -6.1300233809E-16  7.9209377245E-15
  9.1411200000E+01 -1.7825629028E-15 -1.4858926967E-15  8.6560594585E-15
  9.1742700000E+01 -1.1080259565E-15 -2.3432115826E-15  9.3631051138E-15
  9.2074800000E+01 -4.4075953969E-16 -3.1835175716E-15  1.0041166475E-14
  9.2407500000E+01  2.1802100008E-16 -4.0054214977E-15  1.0689401428E-14
  9.2740800000E+01  8.6713314022E-16 -4.8075883784E-15  1.1307034591E-14
  9.3074700000E+01  1.5054290296E-15 -5.5887392148E-15  1.1893357817E-14
  9.3409200000E+01  2.1317972458E-15 -6.3476526643E-15  1.2447730573E-14
  9.3744300000E+01  2.7451644615E-15 -7.0831665853E-15  1.2969580190E-14
  9.4080000000E+01  3.3444970160E-15 -7.7941794511E-15  1.3458401992E-14
  9.4416300000E+01  3.9288023932E-15 -8.4796516337E-15  1.3913759299E-14
  9.4753200000E+01  4.4971306012E-15 -9.1386065552E-15  1.4335283313E-14
  9.5090700000E+01  5.0485754541E-15 -9.7701317072E-15  1.4722672880E-14
  9.5428800000E+01  5.5822757539E-15 -1.0373379538E-14  1.5075694132E-14
  9.5767500000E+01  6.0974163723E-15 -1.0947568205E-14  1.5394180020E-14
  9.6106800000E+01  6.5932292307E-15 -1.1491982201E-14  1.5678029728E-14
  9.6446700000E+01  7.0689941774E-15 -1.2005972838E-14  1.5927207978E-14
  9.6787200000E+01  7.5240397639E-15 -1.2488958610E-14  1.6141744220E-14
  9.7128300000E+01  7.9577439169E-15 -1.2940425423E-14  1.6321731728E-14
  9.7470000000E+01  8.3695345082E-15 -1.3359926687E-14  1.6467326579E-14
  9.7812300000E+01  8.7588898220E-15 -1.3747083294E-14  1.6578746542E-14
  9.8155200000E+01  9.1253389196E-15 -1.4101583463E-14  1.6656269865E-14
  9.8498700000E+01  9.4684619030E-15 -1.4423182455E-14  1.6700233969E-14
  9.8842800000E+01  9.7878900763E-15 -1.4711702177E-14  1.6711034053E-14
  9.9187500000E+01  1.0083306008E-14 -1.4967030657E-14  1.6689121610E-14
  9.9532800000E+01  1.0354443495E-14 -1.5189121406E-14  1.6635002859E-14
  9.9878700000E+01  1.0601087426E-14 -1.5377992662E-14  1.6549237106E-14
  1.0022520000E+02  1.0823073551E-14 -1.5533726522E-14  1.6432435016E-14
  1.0057230000E+02  1.1020288155E-14 -1.5656467969E-14  1.6285256826E-14
  1.0092000000E+02  1.1192667641E-14 -1.5746423782E-14  1.6108410480E-14
  1.0126830000E+02  1.1340198018E-14 -1.5803861356E-14  1.5902649713E-14
  1.0161720000E+02  1.1462914299E-14 -1.5829107414E-14  1.5668772060E-14
  1.0196670000E+02  1.1560899823E-14 -1.5822546625E-14  1.5407616826E-14
  1.0231680000E+02  1.1634285476E-14 -1.5784620130E-14  1.5120062994E-14
  1.0266750000E+02  1.1683248843E-14 -1.5715823979E-14  1.4807027092E-14
  1.0301880000E+02  1.1708013274E-14 -1.5616707485E-14  1.4469461018E-14
  1.0337070000E+02  1.1708846877E-14 -1.5487871495E-14  1.4108349823E-14
  1.0372320000E+02  1.1686061433E-14 -1.5329966587E-14  1.3724709469E-14
  1.0407630000E+02  1.1640011243E-14 -1.5143691195E-14  1.3319584549E-14
  1.0443000000E+02  1.1571091909E-14 -1.4929789666E-14  1.2894045993E-14
  1.0478430000E+02  1.1479739043E-14 -1.4689050249E-14  1.2449188743E-14
  1.0513920000E+02  1.1366426921E-14 -1.4422303038E-14  1.1986129419E-14
  1.0549470000E+02  1.1231667078E-14 -1.4130417846E-14  1.1506003978E-14
  1.0585080000E+02  1.1076006845E-14 -1.3814302037E-14  1.1009965357E-14
  1.0620750000E+02  1.0900027835E-14 -1.3474898317E-14  1.0499181121E-14
  1.0656480000E+02  1.0704344388E-14 -1.3113182477E-14  9.9748311058E-15
  1.0692270000E+02  1.0489601959E-14 -1.2730161101E-14  9.4381050785E-15
  1.0728120000E+02  1.0256475474E-14 -1.2326869254E-14  8.8902003961E-15
  1.0764030000E+02  1.0005667652E-14 -1.1904368129E-14  8.3323196856E-15
  1.0800000000E+02  9.7379072802E-15 -1.1463742684E-14  7.7656685414E-15
  1.0836030000E+02  9.4539474736E-15 -1.1006099255E-14  7.1914532440E-15
  1.0872120000E+02  9.1545638996E-15 -1.0532563163E-14  6.6108785065E-15
  1.0908270000E+02  8.8405529834E-15 -1.0044276313E-14  6.0251452505E-15
  1.0944480000E+02  8.5127300945E-15 -9.5423947810E-15  5.4354484160E-15
  1.0980750000E+02  8.1719277169E-15 -9.0280864200E-15  4.8429748088E-15
  1.1017080000E+02  7.8189936098E-15 -8.5025284561E-15  4.2489009892E-15
  1.1053470000E+02  7.4547889590E-15 -7.9669051053E-15  3.6543912043E-15
  1.1089920000E+02  7.0801865250E-15 -7.4224052015E-15  3.0605953688E-15
  1.1126430000E+02  6.6960687906E-15 -6.8702198459E-15  2.4686470956E-15
  1.1163000000E+02  6.3033261117E-15 -6.3115400789E-15  1.8796617813E-15
  1.1199630000E+02  5.9028548742E-15 -5.7475545807E-15  1.2947347467E-15
  1.1236320000E+02  5.4955556618E-15 -5.1794474040E-15  7.1493943861E-16
  1.1273070000E+02  5.0823314371E-15 -4.6083957415E-15  1.4132569190E-16
  1.1309880000E+02  4.6640857388E-15 -4.0355677345E-15 -4.2508194284E-16
  1.1346750000E+02  4.2417209005E-15 -3.4621203240E-15 -9.8328580534E-16
  1.1383680000E+02  3.8161362915E-15 -2.8891971485E-15 -1.5323166627E-15
  1.1420670000E+02  3.3882265852E-15 -2.3179264936E-15 -2.0712351753E-15
  1.1457720000E+02  2.9588800561E-15 -1.7494192935E-15 -2.5991332899E-15
  1.1494830000E+02  2.5289769096E-15 -1.1847671908E-15 -3.1151355585E-15
  1.1532000000E+02  2.0993876477E-15 -6.2504065552E-16 -3.6184003799E-15
  1.1569230000E+02  1.6709714721E-15 -7.1287167358E-17 -4.1081211655E-15
  1.1606520000E+02  1.2445747279E-15  4.7547053701E-16 -4.5835274241E-15
  1.1643870000E+02  8.2102939152E-16  1.0142361480E-15 -5.0438857687E-15
  1.1681280000E+02  4.0115160317E-16  1.5440413970E-15 -5.4885008410E-15
  1.1718750000E+02 -1.4259751713E-17  2.0639475969E-15 -5.9167161550E-15
  1.1756280000E+02 -4.2442441133E-16  2.5730471084E-15 -6.3279148576E-15
  1.1793870000E+02 -8.2858205390E-16  3.0704647291E-15 -6.7215204073E-15
  1.1831520000E+02 -1.2259935598E-15  3.5553590033E-15 -7.0969971689E-15
  1.1869230000E+02 -1.6159422175E-15  4.0269234529E-15 -7.4538509252E-15
  1.1907000000E+02 -1.9977348721E-15  4.4843877255E-15 -7.7916293059E-15
  1.1944830000E+02 -2.3707030139E-15  4.9270186598E-15 -8.1099221325E-15
  1.1982720000E+02 -2.7342038065E-15  5.3541212672E-15 -8.4083616810E-15
  1.2020670000E+02 -3.0876210529E-15  5.7650396282E-15 -8.6866228618E-15
  1.2058680000E+02 -3.4303660981E-15  6.1591577031E-15 -8.9444233181E-15
  1.2096750000E+02 -3.7618786673E-15  6.5359000566E-15 -9.1815234429E-15
  1.2134880000E+02 -4.0816276391E-15  6.8947324949E-15 -9.3977263159E-15
  1.2173070000E+02 -4.3891117525E-15  7.2351626171E-15 -9.5928775615E-15
  1.2211320000E+02 -4.6838602474E-15  7.5567402783E-15 -9.7668651280E-15
  1.2249630000E+02 -4.9654334377E-15  7.8590579665E-15 -9.9196189908E-15
  1.2288000000E+02 -5.2334232175E-15  8.1417510924E-15 -1.0051110780E-14
  1.2326430000E+02 -5.4874534984E-15  8.4044981932E-15 -1.0161353333E-14
  1.2364920000E+02 -5.7271805807E-15  8.6470210504E-15 -1.0250400179E-14
  1.2403470000E+02 -5.9522934548E-15  8.8690847228E-15 -1.0318344945E-14
  1.2442080000E+02 -6.1625140369E-15  9.0704974953E-15 -1.0365320703E-14
  1.2480750000E+02 -6.3575973357E-15  9.2511107446E-15 -1.0391499243E-14
  1.2519480000E+02 -6.5373315535E-15  9.4108187230E-15 -1.0397090288E-14
  1.2558270000E+02 -6.7015381202E-15  9.5495582618E-15 -1.0382340636E-14
  1.2597120000E+02 -6.8500716617E-15  9.6673083955E-15 -1.0347533258E-14
  1.2636030000E+02 -6.9828199035E-15  9.7640899082E-15 -1.0292986323E-14
  1.2675000000E+02 -7.0997035106E-15  9.8399648049E-15 -1.0219052176E-14
  1.2714030000E+02 -7.2006758634E-15  9.8950357079E-15 -1.0126116263E-14
  1.2753120000E+02 -7.2857227734E-15  9.9294451826E-15 -1.0014596001E-14
  1.2792270000E+02 -7.3548621364E-15  9.9433749918E-15 -9.8849396071E-15
  1.2831480000E+02 -7.4081435282E-15  9.9370452840E-15 -9.7376248789E-15
  1.2870750000E+02 -7.4456477409E-15  9.9107137151E-15 -9.5731579322E-15
  1.2910080000E+02 -7.4674862643E-15  9.8646745077E-15 -9.3920719021E-15
  1.2949470000E+02 -7.4738007116E-15  9.7992574503E-15 -9.1949256064E-15
  1.2988920000E+02 -7.4647621929E-15  9.7148268377E-15 -8.9823021760E-15
  1.3028430000E+02 -7.4405706368E-15  9.6117803575E-15 -8.7548076545E-15
  1.3068000000E+02 -7.4014540638E-15  9.4905479229E-15 -8.5130695705E-15
  1.3107630000E+02 -7.3476678113E-15  9.3515904570E-15 -8.2577354856E-15
  1.3147320000E+02 -7.2794937142E-15  9.1953986298E-15 -7.9894715201E-15
  1.3187070000E+02 -7.1972392420E-15  9.0224915515E-15 -7.7089608610E-15
  1.3226880000E+02 -7.1012365948E-15  8.8334154255E-15 -7.4169022542E-15
  1.3266750000E+02 -6.9918417607E-15  8.6287421629E-15 -7.1140084835E-15
  1.3306680000E+02 -6.8694335369E-15  8.4090679632E-15 -6.8010048413E-15
  1.3346670000E+02 -6.7344125162E-15  8.1750118631E-15 -6.4786275915E-15
  1.3386720000E+02 -6.5872000417E-15  7.9272142570E-15 -6.1476224298E-15
  1.3426830000E+02 -6.4282371323E-15  7.6663353921E-15 -5.8087429423E-15
  1.3467000000E+02 -6.2579833814E-15  7.3930538424E-15 -5.4627490674E-15
  1.3507230000E+02 -6.0769158301E-15  7.1080649625E-15 -5.1104055623E-15
  1.3547520000E+02 -5.8855278196E-15  6.8120793269E-15 -4.7524804770E-15
  1.3587870000E+02 -5.6843278229E-15  6.5058211566E-15 -4.3897436403E-15
  1.3628280000E+02 -5.4738382600E-15  6.1900267365E-15 -4.0229651577E-15
  1.3668750000E+02 -5.2545942985E-15  5.8654428262E-15 -3.6529139269E-15
  1.3709280000E+02 -5.0271426417E-15  5.5328250687E-15 -3.2803561709E-15
  1.3749870000E+02 -4.7920403080E-15  5.1929363991E-15 -2.9060539937E-15
  1.3790520000E+02 -4.5498534022E-15  4.8465454558E-15 -2.5307639586E-15
  1.3831230000E+02 -4.3011558831E-15  4.4944249992E-15 -2.1552356941E-15
  1.3872000000E+02 -4.0465283285E-15  4.1373503392E-15 -1.7802105269E-15
  1.3912830000E+02 -3.7865567008E-15  3.7760977746E-15 -1.4064201476E-15
  1.3953720000E+02 -3.5218311153E-15  3.4114430482E-15 -1.0345853081E-15
  1.3994670000E+02 -3.2529446139E-15  3.0441598200E-15 -6.6541455493E-16
  1.4035680000E+02 -2.9804919459E-15  2.6750181608E-15 -2.9960299988E-16
  1.4076750000E+02 -2.7050683592E-15  2.3047830697E-15  6.2168870445E-17
  1.4117880000E+02 -2.4272684031E-15  1.9342130173E-15  4.1923634387E-16
  1.4159070000E+02 -2.1476847459E-15  1.5640585179E-15  7.7095158911E-16
  1.4200320000E+02 -1.8669070090E-15  1.1950607330E-15  1.1166847178E-15
  1.4241630000E+02 -1.5855206195E-15  8.2795010819E-16  1.4558248004E-15
  1.4283000000E+02 -1.3041056833E-15  4.6344504553E-16  1.7877808353E-15
  1.4324430000E+02 -1.0232358818E-15  1.0225061473E-16  2.1119826679E-15
  1.4365920000E+02 -7.4347739247E-16 -2.5494269600E-16  2.4278818611E-15
  1.4407470000E+02 -4.6538783608E-16 -6.0746018685E-16  2.7349525138E-15
  1.4449080000E+02 -1.8951525267E-16 -9.5464410908E-16  3.0326920274E-15
  1.4490750000E+02  8.3602892712E-17 -1.2958547819E-15  3.3206218192E-15
  1.4532480000E+02  3.5344067256E-16 -1.6304716618E-15  3.5982879825E-15
  1.4574270000E+02  6.1948462602E-16 -1.9578943625E-15  3.8652618913E-15
  1.4616120000E+02  8.8123465336E-16 -2.2775436247E-15  4.1211407503E-15
  1.4658030000E+02  1.1382048742E-15 -2.5888622332E-15  4.3655480893E-15
  1.4700000000E+02  1.3899244482E-15 -2.8913158812E-15  4.5981342020E-15
  1.4742030000E+02  1.6359383573E-15 -3.1843939802E-15  4.8185765273E-15
  1.4784120000E+02  1.8758081476E-15 -3.4676104143E-15  5.0265799761E-15
  1.4826270000E+02  2.1091126306E-15 -3.7405042384E-15  5.2218772000E-15
  1.4868480000E+02  2.3354485429E-15 -4.0026403192E-15  5.4042288049E-15
  1.4910750000E+02  2.5544311625E-15 -4.2536099184E-15  5.5734235077E-15
  1.4953080000E+02  2.7656948819E-15 -4.4930312180E-15  5.7292782375E-15
  1.4995470000E+02  2.9688937371E-15 -4.7205497866E-15  5.8716381812E-15
  1.5037920000E+02  3.1637018916E-15 -4.9358389865E-15  6.0003767743E-15
  1.5080430000E+02  3.3498140751E-15 -5.1386003222E-15  6.1153956371E-15
  1.5123000000E+02  3.5269459769E-15 -5.3285637293E-15  6.2166244571E-15
  1.5165630000E+02  3.6948345925E-15 -5.5054878040E-15  6.3040208190E-15
  1.5208320000E+02  3.8532385250E-15 -5.6691599742E-15  6.3775699818E-15
  1.5251070000E+02  4.0019382393E-15 -5.8193966112E-15  6.4372846058E-15
  1.5293880000E+02  4.1407362703E-15 -5.9560430834E-15  6.4832044284E-15
  1.5336750000E+02  4.2694573853E-15 -6.0789737518E-15  6.5153958922E-15
  1.5379680000E+02  4.3879486988E-15 -6.1880919089E-15  6.5339517247E-15
  1.5422670000E+02  4.4960797434E-15 -6.2833296601E-15  6.5389904714E-15
  1.5465720000E+02  4.5937424934E-15 -6.3646477502E-15  6.5306559847E-15
  1.5508830000E+02  4.6808513443E-15 -6.4320353346E-15  6.5091168683E-15
  1.5552000000E+02  4.7573430473E-15 -6.4855096967E-15  6.4745658804E-15
  1.5595230000E+02  4.8231765994E-15 -6.5251159127E-15  6.4272192954E-15
  1.5638520000E+02  4.8783330913E-15 -6.5509264652E-15  6.3673162280E-15
  1.5681870000E+02  4.9228155108E-15 -6.5630408058E-15  6.2951179189E-15
  1.5725280000E+02  4.9566485064E-15 -6.5615848696E-15  6.2109069860E-15
  1.5768750000E+02  4.9798781084E-15 -6.5467105419E-15  6.1149866415E-15
  1.5812280000E+02  4.9925714110E-15 -6.5185950791E-15  6.0076798775E-15
  1.5855870000E+02  4.9948162151E-15 -6.4774404854E-15  5.8893286216E-15
  1.5899520000E+02  4.9867206333E-15 -6.4234728469E-15  5.7602928647E-15
  1.5943230000E+02  4.9684126582E-15 -6.3569416250E-15  5.6209497626E-15
  1.5987000000E+02  4.9400396961E-15 -6.2781189102E-15  5.4716927139E-15
  1.6030830000E+02  4.9017680651E-15 -6.1872986396E-15  5.3129304157E-15
  1.6074720000E+02  4.8537824618E-15 -6.0847957785E-15  5.1450858996E-15
  1.6118670000E+02  4.7962853959E-15 -5.9709454689E-15  4.9685955499E-15
  1.6162680000E+02  4.7294965952E-15 -5.8461021466E-15  4.7839081053E-15
  1.6206750000E+02  4.6536523817E-15 -5.7106386298E-15  4.5914836482E-15
  1.6250880000E+02  4.5690050215E-15 -5.5649451793E-15  4.3917925812E-15
  1.6295070000E+02  4.4758220488E-15 -5.4094285349E-15  4.1853145948E-15
  1.6339320000E+02  4.3743855661E-15 -5.2445109284E-15  3.9725376273E-15
  1.6383630000E+02  4.2649915229E-15 -5.0706290761E-15  3.7539568195E-15
  1.6428000000E+02  4.1479489733E-15 -4.8882331525E-15  3.5300734663E-15
  1.6472430000E+02  4.0235793149E-15 -4.6977857484E-15  3.3013939668E-15
  1.6516920000E+02  3.8922155115E-15 -4.4997608141E-15  3.0684287756E-15
  1.6561470000E+02  3.7542012989E-15 -4.2946425920E-15  2.8316913565E-15
  1.6606080000E+02  3.6098903789E-15 -4.0829245381E-15  2.5916971414E-15
  1.6650750000E+02  3.4596455997E-15 -3.8651082377E-15  2.3489624961E-15
  1.6695480000E+02  3.3038381279E-15 -3.6417023145E-15  2.1040036944E-15
  1.6740270000E+02  3.1428466105E-15 -3.4132213383E-15  1.8573359035E-15
  1.6785120000E+02  2.9770563317E-15 -3.1801847303E-15  1.6094721813E-15
  1.6830030000E+02  2.8068583643E-15 -2.9431156715E-15  1.3609224885E-15
  1.6875000000E+02  2.6326487177E-15 -2.7025400135E-15  1.1121927165E-15
  1.6920030000E+02  2.4548274848E-15 -2.4589851953E-15  8.6378373356E-16
  1.6965120000E+02  2.2737979899E-15 -2.2129791681E-15  6.1619044987E-16
  1.7010270000E+02  2.0899659375E-15 -1.9650493300E-15  3.6990090429E-16
  1.7055480000E+02  1.9037385658E-15 -1.7157214722E-15  1.2539537352E-16
  1.7100750000E+02  1.7155238050E-15 -1.4655187391E-15 -1.1685449442E-16
  1.7146080000E+02  1.5257294430E-15 -1.2149606046E-15 -3.5638652114E-16
  1.7191470000E+02  1.3347622998E-15 -9.6456186523E-16 -5.9274881168E-16
  1.7236920000E+02  1.1430274115E-15 -7.1483165371E-16 -8.2550054010E-16
  1.7282430000E+02  9.5092722696E-16 -4.6627247274E-16 -1.0542127053E-15
  1.7328000000E+02  7.5886081687E-16 -2.1937925236E-16 -1.2784688564E-15
  1.7373630000E+02  5.6722309796E-16  2.5361568356E-17 -1.4978657855E-15
  1.7419320000E+02  3.7640407318E-16  2.6747293344E-16 -1.7120141886E-15
  1.7465070000E+02  1.8678808938E-16  5.0648803449E-16 -1.9205392917E-15
  1.7510880000E+02 -1.2468862863E-18  7.4195114608E-16 -2.1230814425E-15
  1.7556750000E+02 -1.8732996983E-16  9.7341843064E-16 -2.3192966665E-15
  1.7602680000E+02 -3.7109804268E-16  1.2004587115E-15 -2.5088571868E-15
  1.7648670000E+02 -5.5219641153E-16  1.4226542132E-15 -2.6914519068E-15
  1.7694720000E+02 -7.3027944458E-16  1.6396012671E-15 -2.8667868554E-15
  1.7740830000E+02 -9.0501118327E-16  1.8509109826E-15 -3.0345855943E-15
  1.7787000000E+02 -1.0760659284E-15  2.0562098812E-15 -3.1945895864E-15
  1.7833230000E+02 -1.2431287997E-15  2.2551404942E-15 -3.3465585258E-15
  1.7879520000E+02 -1.4058962684E-15  2.4473619218E-15 -3.4902706282E-15
  1.7925870000E+02 -1.5640766608E-15  2.6325503545E-15 -3.6255228827E-15
  1.7972280000E+02 -1.7173906340E-15  2.8103995537E-15 -3.7521312636E-15
  1.8018750000E+02 -1.8655716212E-15  2.9806212937E-15 -3.8699309031E-15
  1.8065280000E+02 -2.0083662473E-15  3.1429457627E-15 -3.9787762240E-15
  1.8111870000E+02 -2.1455347133E-15  3.2971219226E-15 -4.0785410342E-15
  1.8158520000E+02 -2.2768511501E-15  3.4429178285E-15 -4.1691185812E-15
  1.8205230000E+02 -2.4021039402E-15  3.5801209061E-15 -4.2504215681E-15
  1.8252000000E+02 -2.5210960076E-15  3.7085381878E-15 -4.3223821312E-15
  1.8298830000E+02 -2.6336450753E-15  3.8279965074E-15 -4.3849517793E-15
  1.8345720000E+02 -2.7395838905E-15  3.9383426525E-15 -4.4381012960E-15
  1.8392670000E+02 -2.8387604176E-15  4.0394434762E-15 -4.4818206040E-15
  1.8439680000E+02 -2.9310379975E-15  4.1311859671E-15 -4.5161185942E-15
  1.8486750000E+02 -3.0162954750E-15  4.2134772781E-15 -4.5410229178E-15
  1.8533880000E+02 -3.0944272938E-15  4.2862447144E-15 -4.5565797447E-15
  1.8581070000E+02 -3.1653435581E-15  4.3494356818E-15 -4.5628534866E-15
  1.8628320000E+02 -3.2289700625E-15  4.4030175940E-15 -4.5599264878E-15
  1.8675630000E+02 -3.2852482898E-15  4.4469777422E-15 -4.5478986826E-15
  1.8723000000E+02 -3.3341353772E-15  4.4813231242E-15 -4.5268872225E-15
  1.8770430000E+02 -3.3756040502E-15  4.5060802371E-15 -4.4970260718E-15
  1.8817920000E+02 -3.4096425266E-15  4.5212948321E-15 -4.4584655748E-15
  1.8865470000E+02 -3.4362543897E-15  4.5270316333E-15 -4.4113719947E-15
  1.8913080000E+02 -3.4554584311E-15  4.5233740202E-15 -4.3559270249E-15
  1.8960750000E+02 -3.4672884651E-15  4.5104236775E-15 -4.2923272755E-15
  1.9008480000E+02 -3.4717931132E-15  4.4883002096E-15 -4.2207837344E-15
  1.9056270000E+02 -3.4690355618E-15  4.4571407238E-15 -4.1415212061E-15
  1.9104120000E+02 -3.4590932918E-15  4.4170993824E-15 -4.0547777271E-15
  1.9152030000E+02 -3.4420577824E-15  4.3683469241E-15 -3.9608039629E-15
  1.9200000000E+02 -3.4180341891E-15  4.3110701573E-15 -3.8598625835E-15
  1.9248030000E+02 -3.3871409966E-15  4.2454714253E-15 -3.7522276232E-15
  1.9296120000E+02 -3.3495096488E-15  4.1717680462E-15 -3.6381838223E-15
  1.9344270000E+02 -3.3052841552E-15  4.0901917268E-15 -3.5180259556E-15
  1.9392480000E+02 -3.2546206759E-15  4.0009879545E-15 -3.3920581458E-15
  1.9440750000E+02 -3.1976870859E-15  3.9044153660E-15 -3.2605931663E-15
  1.9489080000E+02 -3.1346625198E-15  3.8007450965E-15 -3.1239517327E-15
  1.9537470000E+02 -3.0657368975E-15  3.6902601092E-15 -2.9824617859E-15
  1.9585920000E+02 -2.9911104330E-15  3.5732545077E-15 -2.8364577672E-15
  1.9634430000E+02 -2.9109931266E-15  3.4500328326E-15 -2.6862798875E-15
  1.9683000000E+02 -2.8256042421E-15  3.3209093431E-15 -2.5322733928E-15
  1.9731630000E+02 -2.7351717701E-15  3.1862072867E-15 -2.3747878254E-15
  1.9780320000E+02 -2.6399318789E-15  3.0462581571E-15 -2.2141762846E-15
  1.9829070000E+02 -2.5401283530E-15  2.9014009424E-15 -2.0507946870E-15
  1.9877880000E+02 -2.4360120230E-15  2.7519813659E-15 -1.8850010282E-15
  1.9926750000E+02 -2.3278401846E-15  2.5983511195E-15 -1.7171546472E-15
  1.9975680000E+02 -2.2158760115E-15  2.4408670934E-15 -1.5476154958E-15
  2.0024670000E+02 -2.1003879611E-15  2.2798906018E-15 -1.3767434127E-15
  2.0073720000E+02 -1.9816491749E-15  2.1157866071E-15 -1.2048974053E-15
  2.0122830000E+02 -1.8599368756E-15  1.9489229440E-15 -1.0324349399E-15
  2.0172000000E+02 -1.7355317605E-15  1.7796695452E-15 -8.5971124135E-16
  2.0221230000E+02 -1.6087173949E-15  1.6083976703E-15 -6.8707860389E-16
  2.0270520000E+02 -1.4797796039E-15  1.4354791385E-15 -5.1488571445E-16
  2.0319870000E+02 -1.3490058660E-15  1.2612855684E-15 -3.4347698927E-16
  2.0369280000E+02 -1.2166847093E-15  1.0861876242E-15 -1.7319192525E-16
  2.0418750000E+02 -1.0831051099E-15  9.1055427170E-16 -4.3644672354E-18
  2.0468280000E+02 -9.4855589653E-16  7.3475204431E-16  1.6267760777E-16
  2.0517870000E+02 -8.1332515997E-16  5.5914432076E-16  3.2761328836E-16
  2.0567520000E+02 -6.7769966962E-16  3.8409061607E-16  4.9012890744E-16
  2.0617230000E+02 -5.4196429843E-16  2.0994588677E-16  6.4991870095E-16
  2.0667000000E+02 -4.0640145677E-16  3.7059851870E-17  8.0668534557E-16
  2.0716830000E+02 -2.7129053659E-16 -1.3422366933E-16  9.6014047471E-16
  2.0766720000E+02 -1.3690736695E-16 -3.0356740137E-16  1.1100051718E-15
  2.0816670000E+02 -3.5236816500E-18 -4.7064123752E-16  1.2560104401E-15
  2.0866680000E+02  1.2859339970E-16 -6.3512284447E-16  1.3978976488E-15
  2.0916750000E+02  2.5918187658E-16 -7.9669824569E-16  1.5354189535E-15
  2.0966880000E+02  3.8798535731E-16 -9.5506238241E-16  1.6683376923E-15
  2.1017070000E+02  5.1475353291E-16 -1.1099196515E-15  1.7964287550E-15
  2.1067320000E+02  6.3924263418E-16 -1.2609844194E-15  1.9194789266E-15
  2.1117630000E+02  7.6121587125E-16 -1.4079815106E-15  2.0372872035E-15
  2.1168000000E+02  8.8044385495E-16 -1.5506466712E-15  2.1496650824E-15
  2.1218430000E+02  9.9670499912E-16 -1.6887270054E-15  2.2564368220E-15
  2.1268920000E+02  1.1097859034E-15 -1.8219813856E-15  2.3574396761E-15
  2.1319470000E+02  1.2194817158E-15 -1.9501808346E-15  2.4525240995E-15
  2.1370080000E+02  1.3255964745E-15 -2.0731088795E-15  2.5415539249E-15
  2.1420750000E+02  1.4279434284E-15 -2.1905618774E-15  2.6244065119E-15
  2.1471480000E+02  1.5263453362E-15 -2.3023493120E-15  2.7009728674E-15
  2.1522270000E+02  1.6206347426E-15 -2.4082940607E-15  2.7711577379E-15
  2.1573120000E+02  1.7106542329E-15 -2.5082326326E-15  2.8348796732E-15
  2.1624030000E+02  1.7962566646E-15 -2.6020153758E-15  2.8920710621E-15
  2.1675000000E+02  1.8773053751E-15 -2.6895066561E-15  2.9426781399E-15
  2.1726030000E+02  1.9536743671E-15 -2.7705850042E-15  2.9866609686E-15
  2.1777120000E+02  2.0252484705E-15 -2.8451432338E-15  3.0239933894E-15
  2.1828270000E+02  2.0919234794E-15 -2.9130885293E-15  3.0546629475E-15
  2.1879480000E+02  2.1536062677E-15 -2.9743425037E-15  3.0786707914E-15
  2.1930750000E+02  2.2102148785E-15 -3.0288412264E-15  3.0960315447E-15
  2.1982080000E+02  2.2616785921E-15 -3.0765352219E-15  3.1067731528E-15
  2.2033470000E+02  2.3079379687E-15 -3.1173894386E-15  3.1109367040E-15
  2.2084920000E+02  2.3489448690E-15 -3.1513831890E-15  3.1085762264E-15
  2.2136430000E+02  2.3846624500E-15 -3.1785100610E-15  3.0997584596E-15
  2.2188000000E+02  2.4150651397E-15 -3.1987778013E-15  3.0845626045E-15
  2.2239630000E+02  2.4401385867E-15 -3.2122081710E-15  3.0630800495E-15
  2.2291320000E+02  2.4598795895E-15 -3.2188367737E-15  3.0354140744E-15
  2.2343070000E+02  2.4742960018E-15 -3.2187128576E-15  3.0016795342E-15
  2.2394880000E+02  2.4834066172E-15 -3.2118990907E-15  2.9620025220E-15
  2.2446750000E+02  2.4872410319E-15 -3.1984713123E-15  2.9165200117E-15
  2.2498680000E+02  2.4858394871E-15 -3.1785182582E-15  2.8653794837E-15
  2.2550670000E+02  2.4792526900E-15 -3.1521412631E-15  2.8087385313E-15
  2.2602720000E+02  2.4675416162E-15 -3.1194539401E-15  2.7467644512E-15
  2.2654830000E+02  2.4507772921E-15 -3.0805818379E-15  2.6796338181E-15
  2.2707000000E+02  2.4290405584E-15 -3.0356620762E-15  2.6075320441E-15
  2.2759230000E+02  2.4024218164E-15 -2.9848429618E-15  2.5306529250E-15
  2.2811520000E+02  2.3710207562E-15 -2.9282835849E-15  2.4491981729E-15
  2.2863870000E+02  2.3349460688E-15 -2.8661533967E-15  2.3633769381E-15
  2.2916280000E+02  2.2943151420E-15 -2.7986317702E-15  2.2734053190E-15
  2.2968750000E+02  2.2492537413E-15 -2.7259075443E-15  2.1795058643E-15
  2.3021280000E+02  2.1998956761E-15 -2.6481785530E-15  2.0819070644E-15
  2.3073870000E+02  2.1463824530E-15 -2.5656511403E-15  1.9808428372E-15
  2.3126520000E+02  2.0888629159E-15 -2.4785396617E-15  1.8765520067E-15
  2.3179230000E+02  2.0274928741E-15 -2.3870659744E-15  1.7692777763E-15
  2.3232000000E+02  1.9624347198E-15 -2.2914589164E-15  1.6592671987E-15
  2.3284830000E+02  1.8938570350E-15 -2.1919537757E-15  1.5467706415E-15
  2.3337720000E+02  1.8219341899E-15 -2.0887917516E-15  1.4320412520E-15
  2.3390670000E+02  1.7468459317E-15 -1.9822194081E-15  1.3153344205E-15
  2.3443680000E+02  1.6687769672E-15 -1.8724881218E-15  1.1969072442E-15
  2.3496750000E+02  1.5879165383E-15 -1.7598535239E-15  1.0770179919E-15
  2.3549880000E+02  1.5044579916E-15 -1.6445749394E-15  9.5592557127E-16
  2.3603070000E+02  1.4185983440E-15 -1.5269148232E-15  8.3388899974E-16
  2.3656320000E+02  1.3305378441E-15 -1.4071381944E-15  7.1116687946E-16
  2.3709630000E+02  1.2404795309E-15 -1.2855120712E-15  5.8801687784E-16
  2.3763000000E+02  1.1486287904E-15 -1.1623049056E-15  4.6469521448E-16
  2.3816430000E+02  1.0551929117E-15 -1.0377860210E-15  3.4145615549E-16
  2.3869920000E+02  9.6038064248E-16 -9.1222505227E-16  2.1855151620E-16
  2.3923470000E+02  8.6440174579E-16 -7.8589139027E-16  9.6230173044E-17
  2.3977080000E+02  7.6746655824E-16 -6.5905363190E-16 -2.5262414301E-17
  2.4030750000E+02  6.6978555104E-16 -5.3197903618E-16 -1.4568466979E-16
  2.4084480000E+02  5.7156889445E-16 -4.0493298794E-16 -2.6479935600E-16
  2.4138270000E+02  4.7302602664E-16 -2.7817846997E-16 -3.8237401642E-16
  2.4192120000E+02  3.7436522772E-16 -1.5197554457E-16 -4.9818140428E-16
  2.4246030000E+02  2.7579319990E-16 -2.6580845606E-17 -6.1199989718E-16
  2.4300000000E+02  1.7751465435E-16  9.7752918138E-17 -7.2361389679E-16
  2.4354030000E+02  7.9731905854E-17  2.2077744724E-16 -8.3281421292E-16
  2.4408120000E+02 -1.7355524246E-17  3.4224932282E-16 -9.3939843143E-16
  2.4462270000E+02 -1.1355129591E-16  4.6193046366E-16 -1.0431712652E-15
  2.4516480000E+02 -2.0866262847E-16  5.7958856852E-16 -1.1439448879E-15
  2.4570750000E+02 -3.0250066804E-16  6.9499754286E-16 -1.2415392494E-15
  2.4625080000E+02 -3.9488084384E-16  8.0793790922E-16 -1.3357823734E-15
  2.4679470000E+02 -4.8562321261E-16  9.1819720057E-16 -1.4265106358E-15
  2.4733920000E+02 -5.7455279056E-16  1.0255703360E-15 -1.5135690239E-15
  2.4788430000E+02 -6.6149987234E-16  1.1298599780E-15 -1.5968113760E-15
  2.4843000000E+02 -7.4630033644E-16  1.2308768711E-15 -1.6761006009E-15
  2.4897630000E+02 -8.2879593647E-16  1.3284401608E-15 -1.7513088780E-15
  2.4952320000E+02 -9.0883457791E-16  1.4223776929E-15 -1.8223178357E-15
  2.5007070000E+02 -9.8627057989E-16  1.5125262922E-15 -1.8890187102E-15
  2.5061880000E+02 -1.0609649215E-15  1.5987320208E-15 -1.9513124835E-15
  2.5116750000E+02 -1.1327854722E-15  1.6808504153E-15 -2.0091099995E-15
  2.5171680000E+02 -1.2016072066E-15  1.7587467018E-15 -2.0623320608E-15
  2.5226670000E+02 -1.2673124021E-15  1.8322959909E-15 -2.1109095031E-15
  2.5281720000E+02 -1.3297908203E-15  1.9013834489E-15 -2.1547832493E-15
  2.5336830000E+02 -1.3889398713E-15  1.9659044489E-15 -2.1939043432E-15
  2.5392000000E+02 -1.4446647609E-15  2.0257646978E-15 -2.2282339616E-15
  2.5447230000E+02 -1.4968786208E-15  2.0808803427E-15 -2.2577434061E-15
  2.5502520000E+02 -1.5455026209E-15  2.1311780544E-15 -2.2824140750E-15
  2.5557870000E+02 -1.5904660640E-15  2.1765950883E-15 -2.3022374144E-15
  2.5613280000E+02 -1.6317064639E-15  2.2170793237E-15 -2.3172148494E-15
  2.5668750000E+02 -1.6691696051E-15  2.2525892807E-15 -2.3273576963E-15
  2.5724280000E+02 -1.7028095848E-15  2.2830941156E-15 -2.3326870549E-15
  2.5779870000E+02 -1.7325888383E-15  2.3085735935E-15 -2.3332336819E-15
  2.5835520000E+02 -1.7584781463E-15  2.3290180411E-15 -2.3290378466E-15
  2.5891230000E+02 -1.7804566250E-15  2.3444282765E-15 -2.3201491674E-15
  2.5947000000E+02 -1.7985116996E-15  2.3548155190E-15 -2.3066264319E-15
  2.6002830000E+02 -1.8126390602E-15  2.3602012789E-15 -2.2885373989E-15
  2.6058720000E+02 -1.8228426017E-15  2.3606172255E-15 -2.2659585848E-15
  2.6114670000E+02 -1.8291343466E-15  2.3561050372E-15 -2.2389750333E-15
  2.6170680000E+02 -1.8315343525E-15  2.3467162308E-15 -2.2076800704E-15
  2.6226750000E+02 -1.8300706031E-15  2.3325119734E-15 -2.1721750440E-15
  2.6282880000E+02 -1.8247788837E-15  2.3135628749E-15 -2.1325690500E-15
  2.6339070000E+02 -1.8157026429E-15  2.2899487638E-15 -2.0889786447E-15
  2.6395320000E+02 -1.8028928376E-15  2.2617584451E-15 -2.0415275447E-15
  2.6451630000E+02 -1.7864077656E-15  2.2290894427E-15 -1.9903463142E-15
  2.6508000000E+02 -1.7663128836E-15  2.1920477256E-15 -1.9355720417E-15
  2.6564430000E+02 -1.7426806119E-15  2.1507474185E-15 -1.8773480059E-15
  2.6620920000E+02 -1.7155901267E-15  2.1053104995E-15 -1.8158233317E-15
  2.6677470000E+02 -1.6851271398E-15  2.0558664825E-15 -1.7511526374E-15
  2.6734080000E+02 -1.6513836670E-15  2.0025520880E-15 -1.6834956734E-15
  2.6790750000E+02 -1.6144577851E-15  1.9455109014E-15 -1.6130169536E-15
  2.6847480000E+02 -1.5744533783E-15  1.8848930197E-15 -1.5398853805E-15
  2.6904270000E+02 -1.5314798753E-15  1.8208546884E-15 -1.4642738640E-15
  2.6961120000E+02 -1.4856519762E-15  1.7535579285E-15 -1.3863589355E-15
  2.7018030000E+02 -1.4370893718E-15  1.6831701542E-15 -1.3063203577E-15
  2.7075000000E+02 -1.3859164538E-15  1.6098637833E-15 -1.2243407309E-15
  2.7132030000E+02 -1.3322620183E-15  1.5338158405E-15 -1.1406050974E-15
  2.7189120000E+02 -1.2762589627E-15  1.4552075542E-15 -1.0553005434E-15
  2.7246270000E+02 -1.2180439763E-15  1.3742239478E-15 -9.6861580045E-16
  2.7303480000E+02 -1.1577572258E-15  1.2910534272E-15 -8.8074084683E-16
  2.7360750000E+02 -1.0955420357E-15  1.2058873641E-15 -7.9186650948E-16
  2.7418080000E+02 -1.0315445657E-15  1.1189196768E-15 -7.0218406756E-16
  2.7475470000E+02 -9.6591348392E-16  1.0303464095E-15 -6.1188485834E-16
  2.7532920000E+02 -8.9879963795E-16  9.4036530989E-16 -5.2115988618E-16
  2.7590430000E+02 -8.3035572434E-16  8.4917540756E-16 -4.3019943532E-16
  2.7648000000E+02 -7.6073595651E-16  7.5697659262E-16 -3.3919268735E-16
  2.7705630000E+02 -6.9009573242E-16  6.6396919611E-16 -2.4832734401E-16
  2.7763320000E+02 -6.1859130248E-16  5.7035357299E-16 -1.5778925606E-16
  2.7821070000E+02 -5.4637943827E-16  4.7632968835E-16 -6.7762058937E-17
  2.7878880000E+02 -4.7361710300E-16  3.8209670781E-16  2.1573184160E-17
  2.7936750000E+02 -4.0046112410E-16  2.8785259288E-16  1.1003833101E-16
  2.7994680000E+02 -3.2706786881E-16  1.9379370206E-16  1.9745850040E-16
  2.8052670000E+02 -2.5359292324E-16  1.0011439840E-16  2.8366240271E-16
  2.8110720000E+02 -1.8019077576E-16  7.0066643991E-18  3.6848266060E-16
  2.8168830000E+02 -1.0701450503E-16 -8.5340275129E-17  4.5175611906E-16
  2.8227000000E+02 -3.4215473573E-17 -1.7674032154E-16  5.3332414446E-16
  2.8285230000E+02  3.8056972665E-17 -2.6701086135E-16  6.1303291189E-16
  2.8343520000E+02  1.0965579827E-16 -3.5597311530E-16  6.9073368053E-16
  2.8401870000E+02  1.8043656510E-16 -4.4345247661E-16  7.6628305628E-16
  2.8460280000E+02  2.5025771134E-16 -5.2927883806E-16  8.3954324158E-16
  2.8518750000E+02  3.1898082252E-16 -6.1328690709E-16  9.1038227171E-16
  2.8577280000E+02  3.8647089369E-16 -6.9531650853E-16  9.7867423737E-16
  2.8635870000E+02  4.5259658258E-16 -7.7521287443E-16  1.0442994931E-15
  2.8694520000E+02  5.1723045310E-16 -8.5282692029E-16  1.1071448513E-15
  2.8753230000E+02  5.8024920885E-16 -9.2801550761E-16  1.1671037617E-15
  2.8812000000E+02  6.4153391623E-16 -1.0006416919E-15  1.2240764755E-15
  2.8870830000E+02  7.0097021665E-16 -1.0705749561E-15  1.2779701946E-15
  2.8929720000E+02  7.5844852777E-16 -1.1376914289E-15  1.3286992056E-15
  2.8988670000E+02  8.1386423303E-16 -1.2018740875E-15  1.3761849981E-15
  2.9047680000E+02  8.6711785963E-16 -1.2630129449E-15  1.4203563674E-15
  2.9106750000E+02  9.1811524430E-16 -1.3210052210E-15  1.4611495013E-15
  2.9165880000E+02  9.6676768678E-16 -1.3757554978E-15  1.4985080517E-15
  2.9225070000E+02  1.0129920909E-15 -1.4271758576E-15  1.5323831897E-15
  2.9284320000E+02  1.0567110928E-15 -1.4751860054E-15  1.5627336458E-15
  2.9343630000E+02  1.0978531762E-15 -1.5197133741E-15  1.5895257333E-15
  2.9403000000E+02  1.1363527752E-15 -1.5606932133E-15  1.6127333570E-15
  2.9462430000E+02  1.1721503629E-15 -1.5980686609E-15  1.6323380058E-15
  2.9521920000E+02  1.2051925280E-15 -1.6317907983E-15  1.6483287299E-15
  2.9581470000E+02  1.2354320372E-15 -1.6618186886E-15  1.6607021034E-15
  2.9641080000E+02  1.2628278850E-15 -1.6881193979E-15  1.6694621707E-15
  2.9700750000E+02  1.2873453295E-15 -1.7106680000E-15  1.6746203793E-15
  2.9760480000E+02  1.3089559157E-15 -1.7294475652E-15  1.6761954969E-15
  2.9820270000E+02  1.3276374848E-15 -1.7444491315E-15  1.6742135152E-15
  2.9880120000E+02  1.3433741713E-15 -1.7556716604E-15  1.6687075390E-15
  2.9940030000E+02  1.3561563863E-15 -1.7631219770E-15  1.6597176621E-15
  3.0000000000E+02  1.3659807880E-15 -1.7668146931E-15  1.6472908295E-15
