  -4.00000000000000        1.76939422546125     
  -3.99000000022352        1.76684891019490     
  -3.98000000044703        1.76430026943002     
  -3.97000000067055        1.76174828998737     
  -3.96000000089407        1.75919295860523     
  -3.95000000111759        1.75663426192635     
  -3.94000000134110        1.75407218650757     
  -3.93000000156462        1.75150671881136     
  -3.92000000178814        1.74893784521452     
  -3.91000000201166        1.74636555199762     
  -3.90000000223517        1.74378982534929     
  -3.89000000245869        1.74121065136327     
  -3.88000000268221        1.73862801603890     
  -3.87000000290573        1.73604190528298     
  -3.86000000312924        1.73345230489946     
  -3.85000000335276        1.73085920059882     
  -3.84000000357628        1.72826257799214     
  -3.83000000379980        1.72566242259166     
  -3.82000000402331        1.72305871980514     
  -3.81000000424683        1.72045145494408     
  -3.80000000447035        1.71784061321461     
  -3.79000000469387        1.71522617972073     
  -3.78000000491738        1.71260813945821     
  -3.77000000514090        1.70998647732232     
  -3.76000000536442        1.70736117809792     
  -3.75000000558794        1.70473222646268     
  -3.74000000581145        1.70209960698794     
  -3.73000000603497        1.69946330413247     
  -3.72000000625849        1.69682330224575     
  -3.71000000648201        1.69417958556316     
  -3.70000000670552        1.69153213820917     
  -3.69000000692904        1.68888094419207     
  -3.68000000715256        1.68622598740473     
  -3.67000000737607        1.68356725162397     
  -3.66000000759959        1.68090472050700     
  -3.65000000782311        1.67823837759538     
  -3.64000000804663        1.67556820630587     
  -3.63000000827014        1.67289418993818     
  -3.62000000849366        1.67021631166525     
  -3.61000000871718        1.66753455453663     
  -3.60000000894070        1.66484890147764     
  -3.59000000916421        1.66215933528578     
  -3.58000000938773        1.65946583863055     
  -3.57000000961125        1.65676839405313     
  -3.56000000983477        1.65406698396222     
  -3.55000001005828        1.65136159063402     
  -3.54000001028180        1.64865219621417     
  -3.53000001050532        1.64593878270841     
  -3.52000001072884        1.64322133199077     
  -3.51000001095235        1.64049982579351     
  -3.50000001117587        1.63777424571045     
  -3.49000001139939        1.63504457319819     
  -3.48000001162291        1.63231078956400     
  -3.47000001184642        1.62957287597617     
  -3.46000001206994        1.62683081345644     
  -3.45000001229346        1.62408458287810     
  -3.44000001251698        1.62133416496514     
  -3.43000001274049        1.61857954029383     
  -3.42000001296401        1.61582068928570     
  -3.41000001318753        1.61305759221034     
  -3.40000001341105        1.61029022917917     
  -3.39000001363456        1.60751858014979     
  -3.38000001385808        1.60474262491778     
  -3.37000001408160        1.60196234311954     
  -3.36000001430511        1.59917771422954     
  -3.35000001452863        1.59638871755411     
  -3.34000001475215        1.59359533223827     
  -3.33000001497567        1.59079753725520     
  -3.32000001519918        1.58799531140978     
  -3.31000001542270        1.58518863333244     
  -3.30000001564622        1.58237748148357     
  -3.29000001586974        1.57956183414298     
  -3.28000001609325        1.57674166941629     
  -3.27000001631677        1.57391696522690     
  -3.26000001654029        1.57108769931424     
  -3.25000001676381        1.56825384923894     
  -3.24000001698732        1.56541539236818     
  -3.23000001721084        1.56257230588589     
  -3.22000001743436        1.55972456678115     
  -3.21000001765788        1.55687214618767     
  -3.20000001788139        1.55401503859831     
  -3.19000001810491        1.55115320355396     
  -3.18000001832843        1.54828661368780     
  -3.17000001855195        1.54541526215845     
  -3.16000001877546        1.54253911046177     
  -3.15000001899898        1.53965814307782     
  -3.14000001922250        1.53677232937967     
  -3.13000001944602        1.53388166261446     
  -3.12000001966953        1.53098607826158     
  -3.11000001989305        1.52808558593346     
  -3.10000002011657        1.52518015405923     
  -3.09000002034009        1.52226973946452     
  -3.08000002056360        1.51935433316819     
  -3.07000002078712        1.51643390488069     
  -3.06000002101064        1.51350843019599     
  -3.05000002123415        1.51057788333753     
  -3.04000002145767        1.50764222331560     
  -3.03000002168119        1.50470143828259     
  -3.02000002190471        1.50175550774684     
  -3.01000002212822        1.49880438786927     
  -3.00000002235174        1.49584804794643     
  -2.99000002257526        1.49288647379829     
  -2.98000002279878        1.48991962973366     
  -2.97000002302229        1.48694748849541     
  -2.96000002324581        1.48397002112380     
  -2.95000002346933        1.48098719854706     
  -2.94000002369285        1.47799899130236     
  -2.93000002391636        1.47500536971599     
  -2.92000002413988        1.47200630381408     
  -2.91000002436340        1.46900176334588     
  -2.90000002458692        1.46599171777602     
  -2.89000002481043        1.46297613628398     
  -2.88000002503395        1.45995498775265     
  -2.87000002525747        1.45692824077343     
  -2.86000002548099        1.45389586363580     
  -2.85000002570450        1.45085782432426     
  -2.84000002592802        1.44781409051722     
  -2.83000002615154        1.44476462957974     
  -2.82000002637506        1.44170940856025     
  -2.81000002659857        1.43864839418834     
  -2.80000002682209        1.43558155287054     
  -2.79000002704561        1.43250885067269     
  -2.78000002726912        1.42943025331994     
  -2.77000002749264        1.42634572624448     
  -2.76000002771616        1.42325523447816     
  -2.75000002793968        1.42015874273466     
  -2.74000002816319        1.41705621536998     
  -2.73000002838671        1.41394761637883     
  -2.72000002861023        1.41083290939071     
  -2.71000002883375        1.40771205928040     
  -2.70000002905726        1.40458502236921     
  -2.69000002928078        1.40145176995622     
  -2.68000002950430        1.39831226309501     
  -2.67000002972782        1.39516645314539     
  -2.66000002995133        1.39201432069892     
  -2.65000003017485        1.38885580009767     
  -2.64000003039837        1.38569087603397     
  -2.63000003062189        1.38251949390006     
  -2.62000003084540        1.37934162218694     
  -2.61000003106892        1.37615722748895     
  -2.60000003129244        1.37296625125714     
  -2.59000003151596        1.36976864390260     
  -2.58000003173947        1.36656440112148     
  -2.57000003196299        1.36335343483952     
  -2.56000003218651        1.36013573727252     
  -2.55000003241003        1.35691125350654     
  -2.54000003263354        1.35367993734880     
  -2.53000003285706        1.35044174381560     
  -2.52000003308058        1.34719662947210     
  -2.51000003330410        1.34394455006548     
  -2.50000003352761        1.34068545895678     
  -2.49000003375113        1.33741930976374     
  -2.48000003397465        1.33414605558688     
  -2.47000003419816        1.33086564899450     
  -2.46000003442168        1.32757804202396     
  -2.45000003464520        1.32428318616264     
  -2.44000003486872        1.32098103234821     
  -2.43000003509223        1.31767153096508     
  -2.42000003531575        1.31435463179648     
  -2.41000003553927        1.31103028408387     
  -2.40000003576279        1.30769843646067     
  -2.39000003598630        1.30435903694468     
  -2.38000003620982        1.30101203297476     
  -2.37000003643334        1.29765737134365     
  -2.36000003665686        1.29429499822962     
  -2.35000003688037        1.29092485916605     
  -2.34000003710389        1.28754689903534     
  -2.33000003732741        1.28416106205615     
  -2.32000003755093        1.28076729177675     
  -2.31000003777444        1.27736553105034     
  -2.30000003799796        1.27395572206953     
  -2.29000003822148        1.27053780625306     
  -2.28000003844500        1.26711172436308     
  -2.27000003866851        1.26367741639210     
  -2.26000003889203        1.26023482160093     
  -2.25000003911555        1.25678387848560     
  -2.24000003933907        1.25332452477063     
  -2.23000003956258        1.24985669739760     
  -2.22000003978610        1.24638033250820     
  -2.21000004000962        1.24289536542220     
  -2.20000004023314        1.23940173064002     
  -2.19000004045665        1.23589936181277     
  -2.18000004068017        1.23238819173653     
  -2.17000004090369        1.22886815232906     
  -2.16000004112720        1.22533917494683     
  -2.15000004135072        1.22180118968034     
  -2.14000004157424        1.21825412561352     
  -2.13000004179776        1.21469790382482     
  -2.12000004202127        1.21113246805671     
  -2.11000004224479        1.20755773542825     
  -2.10000004246831        1.20397362516787     
  -2.09000004269183        1.20038007351057     
  -2.08000004291534        1.19677698751032     
  -2.07000004313886        1.19316431003482     
  -2.06000004336238        1.18954194648145     
  -2.05000004358590        1.18590982344475     
  -2.04000004380941        1.18226785861898     
  -2.03000004403293        1.17861596981541     
  -2.02000004425645        1.17495407368246     
  -2.01000004447997        1.17128208569181     
  -2.00000004470348        1.16759992010574     
  -1.99000004492700        1.16390748995758     
  -1.98000004515052        1.16020470702863     
  -1.97000004537404        1.15649148181863     
  -1.96000004559755        1.15276772352349     
  -1.95000004582107        1.14903334000580     
  -1.94000004604459        1.14528823776962     
  -1.93000004626811        1.14153232193090     
  -1.92000004649162        1.13776549619016     
  -1.91000004671514        1.13398766280157     
  -1.90000004693866        1.13019872254380     
  -1.89000004716218        1.12639857468836     
  -1.88000004738569        1.12258711696754     
  -1.87000004760921        1.11876424554141     
  -1.86000004783273        1.11492985496584     
  -1.85000004805624        1.11108383815472     
  -1.84000004827976        1.10722608634699     
  -1.83000004850328        1.10335648906995     
  -1.82000004872680        1.09947493409976     
  -1.81000004895031        1.09558130742507     
  -1.80000004917383        1.09167549320645     
  -1.79000004939735        1.08775737373411     
  -1.78000004962087        1.08382682938927     
  -1.77000004984438        1.07988373859767     
  -1.76000005006790        1.07592797778749     
  -1.75000005029142        1.07195942134244     
  -1.74000005051494        1.06797794155418     
  -1.73000005073845        1.06398340857682     
  -1.72000005096197        1.05997569037423     
  -1.71000005118549        1.05595465266945     
  -1.70000005140901        1.05192015889273     
  -1.69000005163252        1.04787207012726     
  -1.68000005185604        1.04381024505198     
  -1.67000005207956        1.03973453988439     
  -1.66000005230308        1.03564480832257     
  -1.65000005252659        1.03154090148218     
  -1.64000005275011        1.02742266783586     
  -1.63000005297363        1.02328995314244     
  -1.62000005319715        1.01914260038801     
  -1.61000005342066        1.01498045368052     
  -1.60000005364418        1.01080333682949     
  -1.59000005386770        1.00661110048216     
  -1.58000005409122        1.00240356732575     
  -1.57000005431473       0.998180566880317     
  -1.56000005453825       0.993941923940122     
  -1.55000005476177       0.989687459988558     
  -1.54000005498528       0.985416993113747     
  -1.53000005520880       0.981130337919655     
  -1.52000005543232       0.976827305433702     
  -1.51000005565584       0.972507703011894     
  -1.50000005587935       0.968171334241378     
  -1.49000005610287       0.963817998837023     
  -1.48000005632639       0.959447492539465     
  -1.47000005654991       0.955059607003948     
  -1.46000005677342       0.950654129689457     
  -1.45000005699694       0.946230843742653     
  -1.44000005722046       0.941789527877815     
  -1.43000005744398       0.937329956251691     
  -1.42000005766749       0.932851898336639     
  -1.41000005789101       0.928355118785404     
  -1.40000005811453       0.923839377294764     
  -1.39000005833805       0.919304428462171     
  -1.38000005856156       0.914750021637220     
  -1.37000005878508       0.910175900768969     
  -1.36000005900860       0.905581804246381     
  -1.35000005923212       0.900967464733807     
  -1.34000005945563       0.896332609000261     
  -1.33000005967915       0.891676957740914     
  -1.32000005990267       0.887000225394125     
  -1.31000006012619       0.882302119949980     
  -1.30000006034970       0.877582342752353     
  -1.29000006057322       0.872840588292195     
  -1.28000006079674       0.868076543994565     
  -1.27000006102026       0.863289889995462     
  -1.26000006124377       0.858480298912035     
  -1.25000006146729       0.853647435601420     
  -1.24000006169081       0.848790956911486     
  -1.23000006191432       0.843910511421900     
  -1.22000006213784       0.839005739172710     
  -1.21000006236136       0.834076271384422     
  -1.20000006258488       0.829121730164570     
  -1.19000006280839       0.824141728203852     
  -1.18000006303191       0.819135868457541     
  -1.17000006325543       0.814103743816052     
  -1.16000006347895       0.809044936759393     
  -1.15000006370246       0.803959018998462     
  -1.14000006392598       0.798845551099701     
  -1.13000006414950       0.793704078943490     
  -1.12000006437302       0.788534149485538     
  -1.11000006459653       0.783335273200154     
  -1.10000006482005       0.778106975250231     
  -1.09000006504357       0.772848746738348     
  -1.08000006526709       0.767560075014825     
  -1.07000006549060       0.762240432322024     
  -1.06000006571412       0.756889267345724     
  -1.05000006593764       0.751506027087184     
  -1.04000006616116       0.746090134253761     
  -1.03000006638467       0.740640996798586     
  -1.02000006660819       0.735158005494223     
  -1.01000006683171       0.729640533263529     
  -1.00000006705523       0.724087934482109     
 -0.990000067278743       0.718499544244430     
 -0.980000067502260       0.712874677595438     
 -0.970000067725778       0.707212628724810     
 -0.960000067949295       0.701512670119081     
 -0.950000068172812       0.695774051673702     
 -0.940000068396330       0.689995999758320     
 -0.930000068619847       0.684177716235701     
 -0.920000068843365       0.678318377429238     
 -0.910000069066882       0.672417133037127     
 -0.900000069290400       0.666473104989942     
 -0.890000069513917       0.660485386247152     
 -0.880000069737434       0.654453039530022     
 -0.870000069960952       0.648375095985598     
 -0.860000070184469       0.642250553778645     
 -0.850000070407987       0.636078376605586     
 -0.840000070631504       0.629857492126698     
 -0.830000070855021       0.623586790309909     
 -0.820000071078539       0.617265121681466     
 -0.810000071302056       0.610891295476533     
 -0.800000071525574       0.604464077682913     
 -0.790000071749091       0.597982188971301     
 -0.780000071972609       0.591444302503425     
 -0.770000072196126       0.584849041610127     
 -0.760000072419643       0.578194977329742     
 -0.750000072643161       0.571480625797579     
 -0.740000072866678       0.564704445474900     
 -0.730000073090196       0.557864834206454     
 -0.720000073313713       0.550960126094014     
 -0.710000073537230       0.543988588171010     
 -0.700000073760748       0.536948416865808     
 -0.690000073984265       0.529837734234858     
 -0.680000074207783       0.522654583950319     
 -0.670000074431300       0.515396924640961     
 -0.660000074654818       0.508062634122975     
 -0.650000074878335       0.500649497118821     
 -0.640000075101852       0.493155185486301     
 -0.630000075325370       0.485577292769948     
 -0.620000075548887       0.477913288320543     
 -0.610000075772405       0.470160527096646     
 -0.600000075995922       0.462316249700116     
 -0.590000076219440       0.454377552751902     
 -0.580000076442957       0.446341413816577     
 -0.570000076666474       0.438204652510540     
 -0.560000076889992       0.429963938046245     
 -0.550000077113509       0.421615770829814     
 -0.540000077337027       0.413156482978460     
 -0.530000077560544       0.404582215882549     
 -0.520000077784061       0.395888911074413     
 -0.510000078007579       0.387072297300745     
 -0.500000078231096       0.378127882955226     
 -0.490000078454614       0.369050928431177     
 -0.480000078678131       0.359836436936948     
 -0.470000078901649       0.350479134428559     
 -0.460000079125166       0.340973449721314     
 -0.450000079348683       0.331313492854298     
 -0.440000079572201       0.321493031528875     
 -0.430000079795718       0.311505465416370     
 -0.420000080019236       0.301343798097797     
 -0.410000080242753       0.291000606412925     
 -0.400000080466270       0.280468006862964     
 -0.390000080689788       0.269737618815069     
 -0.380000080913305       0.258800524087020     
 -0.370000081136823       0.247647222516323     
 -0.360000081360340       0.236267583030953     
 -0.350000081583858       0.224650789685749     
 -0.340000081807375       0.212785282045220     
 -0.330000082030892       0.200658689211214     
 -0.320000082254410       0.188257756689297     
 -0.310000082477927       0.175568265170427     
 -0.300000082701445       0.162574940165956     
 -0.290000082924962       0.149261351261201     
 -0.280000083148479       0.135609799597736     
 -0.270000083371997       0.121601191880173     
 -0.260000083595514       0.107214899118007     
 -0.250000083819032       9.242859767471988E-002
 -0.240000084042549       7.721809028606888E-002
 -0.230000084266067       6.155710374035080E-002
 -0.220000084489584       4.541705976441899E-002
 -0.210000084713101       2.876693631125105E-002
 -0.200000084936619       1.157250086004736E-002
 -0.190000085160136      -6.203576231633098E-003
 -0.180000085383654      -2.460175094534826E-002
 -0.170000085607171      -4.366667236613587E-002
 -0.160000085830688      -6.344842860241677E-002
 -0.150000086054206      -8.400057332670920E-002
 -0.140000086277723      -0.105383862611056     
 -0.130000086501241      -0.127666727016319     
 -0.120000086724758      -0.150919387994163     
 -0.110000086948276      -0.175233185977259     
 -9.000008739531040E-002 -0.227401462946536     
 -8.000008761882782E-002 -0.255491343862172     
 -7.000008784234524E-002 -0.285081733839581     
 -6.000008806586266E-002 -0.316332586476576     
 -5.000008828938007E-002 -0.349413633565648     
 -4.000008851289749E-002 -0.384524246869392     
 -3.000008873641491E-002 -0.421895411673471     
 -2.000008895993233E-002 -0.461789959322982     
 -1.000008918344975E-002 -0.504520447174574     
 -8.940696716308594E-008 -0.550447207707827     
  9.999910369515419E-003 -0.599995617172087     
  1.999991014599800E-002 -0.653676029707329     
  2.999990992248058E-002 -0.712098079547982     
  3.999990969896317E-002 -0.775995358872819     
  4.999990947544575E-002 -0.846263826965152     
  5.999990925192833E-002 -0.924007313848275     
  6.999990902841091E-002  -1.01060154343812     
  7.999990880489349E-002  -1.10778337330392     
  8.999990858137608E-002  -1.21777765471882     
  9.999990835785866E-002  -1.34348160854058     
  0.109999908134341       -1.48873963304613     
  0.119999907910824       -1.65876488883721     
  0.129999907687306       -1.86080807109275     
  0.139999907463789       -2.10526075772058     
  0.149999907240272       -2.40756281509478     
  0.159999907016754       -2.79169197627898     
  0.169999906793237       -3.29701235414255     
  0.179999906569719       -3.99297470455458     
  0.189999906346202       -5.01465155167685     
  0.199999906122684       -6.66421313209235     
  0.209999905899167       -9.78502138781760     
  0.219999905675650       -17.9555936848025     
  0.229999905452132       -96.0920742247169     
  0.239999905228615        29.5963909618877     
  0.249999905005097        12.9856550064050     
  0.259999904781580        8.37778593721852     
  0.269999904558063        6.21286192778284     
  0.279999904334545        4.95332622309771     
  0.289999904111028        4.12814083798982     
  0.299999903887510        3.54471477816186     
  0.309999903663993        3.10964557430981     
  0.319999903440475        2.77214866407966     
  0.329999903216958        2.50223538274963     
  0.339999902993441        2.28106066255688     
  0.349999902769923        2.09618555695394     
  0.359999902546406        1.93906758875381     
  0.369999902322888        1.80364603736073     
  0.379999902099371        1.68550180219440     
  0.389999901875854        1.58133456422743     
  0.399999901652336        1.48863458526299     
  0.409999901428819        1.40545594217885     
  0.419999901205301        1.33026613685797     
  0.429999900981784        1.26184332894145     
  0.439999900758266        1.19920102722791     
  0.449999900534749        1.14153331496920     
  0.459999900311232        1.08817561351284     
  0.469999900087714        1.03857520574742     
  0.479999899864197       0.992268494677048     
  0.489999899640679       0.948863979609466     
  0.499999899417162       0.908027967858015     
  0.509999899193645       0.869474817073058     
  0.519999898970127       0.832958411265339     
  0.529999898746610       0.798265514998134     
  0.539999898523092       0.765210423669340     
  0.549999898299575       0.733630623791272     
  0.559999898076057       0.703383247760598     
  0.569999897852540       0.674342158240618     
  0.579999897629023       0.646395535491017     
  0.589999897405505       0.619443869139793     
  0.599999897181988       0.593398277353608     
  0.609999896958470       0.568179092811377     
  0.619999896734953       0.543714667157351     
  0.629999896511436       0.519940355574689     
  0.639999896287918       0.496797650449408     
  0.649999896064401       0.474233439168659     
  0.659999895840883       0.452199365740125     
  0.669999895617366       0.430651279474383     
  0.679999895393848       0.409548757326042     
  0.689999895170331       0.388854688353155     
  0.699999894946814       0.368534911189252     
  0.709999894723296       0.348557896578706     
  0.719999894499779       0.328894468592568     
  0.729999894276261       0.309517559016560     
  0.739999894052744       0.290401990269998     
  0.749999893829226       0.271524283067049     
  0.759999893605709       0.252862485413448     
  0.769999893382192       0.234396020202568     
  0.779999893158674       0.216105548936409     
  0.789999892935157       0.197972849594058     
  0.799999892711639       0.179980706805826     
  0.809999892488122       0.162112812770435     
  0.819999892264605       0.144353677769336     
  0.829999892041087       0.126688548849810     
  0.839999891817570       0.109103335949740     
  0.849999891594052       9.158454439707542E-002
  0.859999891370535       7.411921309748444E-002
  0.869999891147017       5.669485793251231E-002
  0.879999890923500       3.929944947505629E-002
  0.889999890699983       2.192108363943717E-002
  0.899999890476465       4.548814872756386E-003
  0.909999890252948      -1.282864465277069E-002
  0.919999890029430      -3.022197402322699E-002
  0.929999889805913      -4.764231072534425E-002
  0.939999889582396      -6.509943151507111E-002
  0.949999889358878      -8.260390687145103E-002
  0.959999889135361      -0.100165874349370     
  0.969999888911843      -0.117795428110061     
  0.979999888688326      -0.135502612611635     
  0.989999888464808      -0.153297451873981     
  0.999999888241291      -0.171189978142044     
   1.00999988801777      -0.189190260185484     
   1.01999988779426      -0.207308431427266     
   1.02999988757074      -0.225554718019951     
   1.03999988734722      -0.243939467057518     
   1.04999988712370      -0.262473175185910     
   1.05999988690019      -0.281166517606066     
   1.06999988667667      -0.300030377876087     
   1.07999988645315      -0.319075878456737     
   1.08999988622963      -0.338314412400683     
   1.09999988600612      -0.357757676285958     
   1.10999988578260      -0.377417704526712     
   1.11999988555908      -0.397306905521653     
   1.12999988533556      -0.417438099553190     
   1.13999988511205      -0.437824559115586     
   1.14999988488853      -0.458480051412736     
   1.15999988466501      -0.479418883952082     
   1.16999988444149      -0.500655953054494     
   1.17999988421798      -0.522206795920282     
   1.18999988399446      -0.544087646597577     
   1.19999988377094      -0.566315496387411     
   1.20999988354743      -0.588908158982948     
   1.21999988332391      -0.611884341182474     
   1.22999988310039      -0.635263719595485     
   1.23999988287687      -0.659067024193636     
   1.24999988265336      -0.683316129432641     
   1.25999988242984      -0.708034153864548     
   1.26999988220632      -0.733245569348437     
   1.27999988198280      -0.758976320836893     
   1.28999988175929      -0.785253958280830     
   1.29999988153577      -0.812107782021110     
   1.30999988131225      -0.839569003462312     
   1.31999988108873      -0.867670922883339     
   1.32999988086522      -0.896449126825697     
   1.33999988064170      -0.925941707522035     
   1.34999988041818      -0.956189507555307     
   1.35999988019466      -0.987236392868339     
   1.36999987997115       -1.01912955882823     
   1.37999987974763       -1.05191987318955     
   1.38999987952411       -1.08566226228333     
   1.39999987930059       -1.12041548790539     
   1.40999987907708       -1.15624615685223     
   1.41999987885356       -1.19322157268711     
   1.42999987863004       -1.23141919677120     
   1.43999987840652       -1.27092183932578     
   1.44999987818301       -1.31182026553275     
   1.45999987795949       -1.35421392147925     
   1.46999987773597       -1.39821202853202     
   1.47999987751245       -1.44393484579274     
   1.48999987728894       -1.49151513579621     
   1.49999987706542       -1.54109986905771     
   1.50999987684190       -1.59285221682807     
   1.51999987661839       -1.64695388891774     
   1.52999987639487       -1.70360788977068     
   1.53999987617135       -1.76304178235950     
   1.54999987594783       -1.82551157222696     
   1.55999987572432       -1.89130635519988     
   1.56999987550080       -1.96075390865502     
   1.57999987527728       -2.03422745863142     
   1.58999987505376       -2.11215392190970     
   1.59999987483025       -2.19502401262721     
   1.60999987460673       -2.28340472500697     
   1.61999987438321       -2.37795487083302     
   1.62999987415969       -2.47944458146031     
   1.63999987393618       -2.58878000870987     
   1.64999987371266       -2.70703491410320     
   1.65999987348914       -2.83549150172312     
   1.66999987326562       -2.97569381019476     
   1.67999987304211       -3.12951841533676     
   1.68999987281859       -3.29926936904390     
   1.69999987259507       -3.48780765084146     
   1.70999987237155       -3.69873072269118     
   1.71999987214804       -3.93662636538859     
   1.72999987192452       -4.20743931407401     
   1.73999987170100       -4.51901384602571     
   1.74999987147748       -4.88191941638264     
   1.75999987125397       -5.31074800203534     
   1.76999987103045       -5.82623068141024     
   1.77999987080693       -6.45884798874370     
   1.78999987058342       -7.25532796610809     
   1.79999987035990       -8.29114101332533     
   1.80999987013638       -9.69662175878307     
   1.81999986991286       -11.7179085938832     
   1.82999986968935       -14.8823064007114     
   1.83999986946583       -20.5602841759515     
   1.84999986924231       -33.7732368214079     
   1.85999986901879       -99.5944977083779     
   1.86999986879528        98.5666084350451     
   1.87999986857176        32.2188204790040     
   1.88999986834824        18.9616433186794     
   1.89999986812472        13.2694693150531     
   1.90999986790121        10.0966689228469     
   1.91999986767769        8.06836330766139     
   1.92999986745417        6.65588761007194     
   1.93999986723065        5.61257017508523     
   1.94999986700714        4.80798971277162     
   1.95999986678362        4.16643157109115     
   1.96999986656010        3.64108933823318     
   1.97999986633658        3.20144872262613     
   1.98999986611307        2.82672468139149     
   1.99999986588955        2.50228442326731     
