  2.061153622439000E-007  3.931053485259784E-015
  2.081868560730650E-007  4.010464681228239E-015
  2.102791687613270E-007  4.091482994511126E-015
  2.123925095416982E-007  4.174135869315794E-015
  2.145270897500181E-007  4.258459907006750E-015
  2.166831228460860E-007  4.344485909091589E-015
  2.188608244350085E-007  4.432251439067259E-015
  2.210604122887591E-007  4.521788207692284E-015
  2.232821063679562E-007  4.613133476887622E-015
  2.255261288438591E-007  4.706325030131405E-015
  2.277927041205855E-007  4.801398583848136E-015
  2.300820588575518E-007  4.898392942701874E-015
  2.323944219921395E-007  4.997348759892567E-015
  2.347300247625892E-007  5.098301992087860E-015
  2.370891007311241E-007  5.201294360418257E-015
  2.394718858073070E-007  5.306365508207651E-015
  2.418786182716312E-007  5.413562297168297E-015
  2.443095387993488E-007  5.522921517097073E-015
  2.467648904845383E-007  5.634493925444617E-015
  2.492449188644143E-007  5.748318810376596E-015
  2.517498719438816E-007  5.864438693120200E-015
  2.542800002203354E-007  5.982910365462037E-015
  2.568355567087120E-007  6.103772182711008E-015
  2.594167969667899E-007  6.227071275086480E-015
  2.620239791207458E-007  6.352869325406431E-015
  2.646573638909678E-007  6.481206572186895E-015
  2.673172146181275E-007  6.612134983699707E-015
  2.700037972895140E-007  6.745710071282362E-015
  2.727173805656335E-007  6.881985290694174E-015
  2.754582358070747E-007  7.021011979529057E-015
  2.782266371016460E-007  7.162842160769587E-015
  2.810228612917836E-007  7.307542957579727E-015
  2.838471880022370E-007  7.455165106329915E-015
  2.866998996680307E-007  7.605771636773898E-015
  2.895812815627086E-007  7.759417695237141E-015
  2.924916218268613E-007  7.916170912437349E-015
  2.954312114969406E-007  8.076088070248770E-015
  2.984003445343630E-007  8.239235600989053E-015
  3.013993178549066E-007  8.405677881905778E-015
  3.044284313584026E-007  8.575483168692487E-015
  3.074879879587257E-007  8.748717651841884E-015
  3.105782936140856E-007  8.925457508359485E-015
  3.136996573576229E-007  9.105761739334546E-015
  3.168523913283132E-007  9.289714559726210E-015
  3.200368108021809E-007  9.477379894033870E-015
  3.232532342238271E-007  9.668831754918169E-015
  3.265019832382742E-007  9.864157589955733E-015
  3.297833827231311E-007  1.006342738893383E-014
  3.330977608210807E-007  1.026672146281848E-014
  3.364454489726948E-007  1.047412438341699E-014
  3.398267819495783E-007  1.068571556835827E-014
  3.432420978878466E-007  1.090158187334954E-014
  3.466917383219398E-007  1.112181136217342E-014
  3.501760482187759E-007  1.134649010323684E-014
  3.536953760122483E-007  1.157570210218482E-014
  3.572500736380690E-007  1.180954547785142E-014
  3.608404965689629E-007  1.204811320878649E-014
  3.644670038502152E-007  1.229150282942083E-014
  3.681299581355759E-007  1.253980333408866E-014
  3.718297257235262E-007  1.279312477438766E-014
  3.755666765939080E-007  1.305156545861323E-014
  3.793411844449224E-007  1.331522502655907E-014
  3.831536267305001E-007  1.358421455759534E-014
  3.870043846980465E-007  1.385863316770270E-014
  3.908938434265675E-007  1.413859487492354E-014
  3.948223918651771E-007  1.442420846110944E-014
  3.987904228719929E-007  1.471559791354758E-014
  4.027983332534224E-007  1.501287863637822E-014
  4.068465238038437E-007  1.531615374352747E-014
  4.109353993456852E-007  1.562554857266511E-014
  4.150653687699086E-007  1.594121822667123E-014
  4.192368450768980E-007  1.626325678843399E-014
  4.234502454177603E-007  1.659178772439660E-014
  4.277059911360407E-007  1.692696460432155E-014
  4.320045078098576E-007  1.726891466916261E-014
  4.363462252944604E-007  1.761777404555771E-014
  4.407315777652157E-007  1.797368072679921E-014
  4.451610037610251E-007  1.833676733962074E-014
  4.496349462281793E-007  1.870719014140705E-014
  4.541538525646534E-007  1.908510028208187E-014
  4.587181746648468E-007  1.947065100775499E-014
  4.633283689647730E-007  1.986398288374003E-014
  4.679848964877040E-007  2.026525319430563E-014
  4.726882228902725E-007  2.067464380908276E-014
  4.774388185090382E-007  2.109230167492287E-014
  4.822371584075218E-007  2.151839074909166E-014
  4.870837224237117E-007  2.195309239769655E-014
  4.919789952180485E-007  2.239656767396403E-014
  4.969234663218909E-007  2.284900275349857E-014
  5.019176301864698E-007  2.331057872566188E-014
  5.069619862323334E-007  2.378148690995623E-014
  5.120570388992901E-007  2.426190573914122E-014
  5.172032976968522E-007  2.475202385305611E-014
  5.224012772551882E-007  2.525204817739902E-014
  5.276514973765856E-007  2.576218855156279E-014
  5.329544830874317E-007  2.628261807846816E-014
  5.383107646907167E-007  2.681355192389847E-014
  5.437208778190647E-007  2.735523230613793E-014
  5.491853634882967E-007  2.790785662430028E-014
  5.547047681515337E-007  2.847163296289920E-014
  5.602796437538412E-007  2.904679659660835E-014
  5.659105477874254E-007  2.963358609731096E-014
  5.715980433473820E-007  3.023222693183590E-014
  5.773426991880067E-007  3.084296412736072E-014
  5.831450897796707E-007  3.146602951115084E-014
  5.890057953662685E-007  3.210168304785027E-014
  5.949254020232427E-007  3.275018834449775E-014
  6.009045017161921E-007  3.341177898157470E-014
  6.069436923600686E-007  3.408675087156502E-014
  6.130435778789690E-007  3.477534461086820E-014
  6.192047682665288E-007  3.547786379682120E-014
  6.254278796469210E-007  3.619456479496013E-014
  6.317135343364694E-007  3.692573325851743E-014
  6.380623609058812E-007  3.767167612970799E-014
  6.444749942431040E-007  3.843268720796025E-014
  6.509520756168154E-007  3.920909938591170E-014
  6.574942527405504E-007  4.000114453117184E-014
  6.641021798374731E-007  4.080923438262937E-014
  6.707765177057999E-007  4.163364448664385E-014
  6.775179337848795E-007  4.247468966282230E-014
  6.843271022219378E-007  4.333274292313552E-014
  6.912047039394927E-007  4.420812841109774E-014
  6.981514267034474E-007  4.510119276972082E-014
  7.051679651918673E-007  4.601226912675632E-014
  7.122550210644483E-007  4.694178678556715E-014
  7.194133030326836E-007  4.789010759751962E-014
  7.266435269307352E-007  4.885752418360230E-014
  7.339464157870182E-007  4.984451890539108E-014
  7.413226998965040E-007  5.085145032340450E-014
  7.487731168937503E-007  5.187871932119159E-014
  7.562984118266657E-007  5.292673228092040E-014
  7.638993372310146E-007  5.399593914897166E-014
  7.715766532056714E-007  5.508671985765745E-014
  7.793311274886315E-007  5.619957442212863E-014
  7.871635355337853E-007  5.733487510316304E-014
  7.950746605884642E-007  5.849313452261374E-014
  8.030652937717663E-007  5.967475581700033E-014
  8.111362341536690E-007  6.088026477260755E-014
  8.192882888349362E-007  6.211013570301930E-014
  8.275222730278293E-007  6.336486916777784E-014
  8.358390101376295E-007  6.464491302612069E-014
  8.442393318449782E-007  6.595084081491500E-014
  8.527240781890465E-007  6.728313395961871E-014
  8.612940976515395E-007  6.864236095417536E-014
  8.699502472415452E-007  7.002901721565729E-014
  8.786933925812359E-007  7.144370656881245E-014
  8.875244079924318E-007  7.288695951945504E-014
  8.964441765840330E-007  7.435937539694893E-014
  9.054535903403319E-007  7.586156190970048E-014
  9.145535502102119E-007  7.739403127235193E-014
  9.237449661972436E-007  7.895751114739303E-014
  9.330287574506850E-007  8.055255091575417E-014
  9.424058523573979E-007  8.217983366491246E-014
  9.518771886346875E-007  8.383996730802114E-014
  9.614437134240741E-007  8.553365311657511E-014
  9.711063833860089E-007  8.726149510906768E-014
  9.808661647955404E-007  8.902429894180457E-014
  9.907240336389425E-007  9.082268730349712E-014
  1.000680975711315E-006  9.265744316254285E-014
  1.010737986715162E-006  9.452925136012941E-014
  1.020896072359964E-006  9.643889370956541E-014
  1.031156248462753E-006  9.838707466663227E-014
  1.041519541049687E-006  1.003745967492437E-013
  1.051986986458663E-006  1.024023182592983E-013
  1.062559631442943E-006  1.044709752241882E-013
  1.073238533275836E-006  1.065814484550665E-013
  1.084024759856425E-006  1.087345859355135E-013
  1.094919389816357E-006  1.109311563210836E-013
  1.105923512627707E-006  1.131721668942066E-013
  1.117038228711926E-006  1.154584098073215E-013
  1.128264649549883E-006  1.177907798131417E-013
  1.139603897793020E-006  1.201703231075047E-013
  1.151057107375609E-006  1.225979610278117E-013
  1.162625423628153E-006  1.250745804873477E-013
  1.174310003391917E-006  1.276012214239969E-013
  1.186112015134616E-006  1.301789383895098E-013
  1.198032639067258E-006  1.328088007088814E-013
  1.210073067262170E-006  1.354917013019982E-013
  1.222234503772207E-006  1.382287847217388E-013
  1.234518164751152E-006  1.410211634008286E-013
  1.246925278575342E-006  1.438700137336302E-013
  1.259457085966497E-006  1.467763334542178E-013
  1.272114840115799E-006  1.497414273820251E-013
  1.284899806809213E-006  1.527664713059426E-013
  1.297813264554060E-006  1.558525084864679E-013
  1.310856504706878E-006  1.590009937608602E-013
  1.324030831602551E-006  1.622130030781977E-013
  1.337337562684746E-006  1.654898774411782E-013
  1.350778028637662E-006  1.688330777298660E-013
  1.364353573519093E-006  1.722437303050642E-013
  1.378065554894842E-006  1.757232308975165E-013
  1.391915343974472E-006  1.792730972400614E-013
  1.405904325748432E-006  1.828946624872951E-013
  1.420033899126559E-006  1.865894330164774E-013
  1.434305477077963E-006  1.903587279621877E-013
  1.448720486772334E-006  1.942042499604467E-013
  1.463280369722653E-006  1.981274106845912E-013
  1.477986581929349E-006  2.021299047299562E-013
  1.492840594025897E-006  2.062131319977679E-013
  1.507843891425886E-006  2.103788841300759E-013
  1.522997974471558E-006  2.146288174182468E-013
  1.538304358583846E-006  2.189646108510113E-013
  1.553764574413918E-006  2.233879663588543E-013
  1.569380167996239E-006  2.279006635362988E-013
  1.585152700903180E-006  2.325044517587506E-013
  1.601083750401178E-006  2.372014892602480E-013
  1.617174909608456E-006  2.419931917627709E-013
  1.633427787654345E-006  2.468818807092936E-013
  1.649844009840194E-006  2.518691300707235E-013
  1.666425217801901E-006  2.569573189047358E-013
  1.683173069674081E-006  2.621480715965478E-013
  1.700089240255878E-006  2.674437126260531E-013
  1.717175421178446E-006  2.728466000216885E-013
  1.734433321074116E-006  2.783584385072174E-013
  1.751864665747259E-006  2.839816439895321E-013
  1.769471198346869E-006  2.897186669430001E-013
  1.787254679540878E-006  2.955712951798545E-013
  1.805216887692224E-006  3.015421558148054E-013
  1.823359619036693E-006  3.076339139195248E-013
  1.841684687862537E-006  3.138484467637741E-013
  1.860193926691909E-006  3.201886027893216E-013
  1.878889186464117E-006  3.266567950726343E-013
  1.897772336720718E-006  3.332555888802825E-013
  1.916845265792473E-006  3.399880662458083E-013
  1.936109880988184E-006  3.468562652456928E-013
  1.955568108785423E-006  3.538633423641483E-013
  1.975221895023187E-006  3.610116444873149E-013
  1.995073205096477E-006  3.683046534456369E-013
  2.015124024152843E-006  3.757449152378591E-013
  2.035376357290900E-006  3.833355047802000E-013
  2.055832229760839E-006  3.910794151898521E-013
  2.076493687166953E-006  3.989796804496628E-013
  2.097362795672201E-006  4.070396277512591E-013
  2.118441642204824E-006  4.152623779184001E-013
  2.139732334667041E-006  4.236512212260170E-013
  2.161237002145842E-006  4.322096210403903E-013
  2.182957795125894E-006  4.409409605186860E-013
  2.204896885704596E-006  4.498485399130367E-013
  2.227056467809289E-006  4.589359631944238E-013
  2.249438757416649E-006  4.682072754659393E-013
  2.272045992774289E-006  4.776656623872337E-013
  2.294880434624585E-006  4.873151405586312E-013
  2.317944366430750E-006  4.971595184732217E-013
  2.341240094605185E-006  5.072026566465133E-013
  2.364769948740120E-006  5.174490031372829E-013
  2.388536281840578E-006  5.279022634116168E-013
  2.412541470559673E-006  5.385667316800402E-013
  2.436787915436282E-006  5.494462188546690E-013
  2.461278041135098E-006  5.605460862195969E-013
  2.486014296689100E-006  5.718699925388331E-013
  2.510999155744455E-006  5.834223309198975E-013
  2.536235116807892E-006  5.952082465440183E-013
  2.561724703496545E-006  6.072321234770747E-013
  2.587470464790326E-006  6.194992433093805E-013
  2.613474975286819E-006  6.320135572491445E-013
  2.639740835458743E-006  6.447816081778556E-013
  2.666270671914005E-006  6.578069144636680E-013
  2.693067137658357E-006  6.710956016812495E-013
  2.720132912360706E-006  6.846527379733940E-013
  2.747470702621075E-006  6.984834595489902E-013
  2.775083242241273E-006  7.125938406837202E-013
  2.802973292498272E-006  7.269894601835182E-013
  2.831143642420341E-006  7.416753877445131E-013
  2.859597109065945E-006  7.566582290660043E-013
  2.888336537805461E-006  7.719440941056585E-013
  2.917364802605713E-006  7.875385833176611E-013
  2.946684806317371E-006  8.034476694268898E-013
  2.976299480965240E-006  8.196777056885384E-013
  3.006211788041463E-006  8.362366406024944E-013
  3.036424718801675E-006  8.531295102153014E-013
  3.066941294564129E-006  8.703638465513996E-013
  3.097764567011833E-006  8.879463717110181E-013
  3.128897618497717E-006  9.058842067545242E-013
  3.160343562352875E-006  9.241839527365854E-013
  3.192105543197895E-006  9.428541624181079E-013
  3.224186737257333E-006  9.619007030256330E-013
  3.256590352677327E-006  9.813323372476392E-013
  3.289319629846424E-006  1.001156693694360E-012
  3.322377841719614E-006  1.021381504876377E-012
  3.355768294145633E-006  1.042014608319778E-012
  3.389494326197550E-006  1.063064908389652E-012
  3.423559310506675E-006  1.084540148638523E-012
  3.457966653599826E-006  1.106449145087179E-012
  3.492719796239985E-006  1.128800836404305E-012
  3.527822213770378E-006  1.151604611939149E-012
  3.563277416462010E-006  1.174868679555671E-012
  3.599088949864695E-006  1.198602344050693E-012
  3.635260395161617E-006  1.222815701446670E-012
  3.671795369527450E-006  1.247518323788787E-012
  3.708697526490075E-006  1.272719913942308E-012
  3.745970556295941E-006  1.298430643650553E-012
  3.783618186279089E-006  1.324660825053043E-012
  3.821644181233890E-006  1.351420572168045E-012
  3.860052343791530E-006  1.378721160858583E-012
  3.898846514800269E-006  1.406573338726320E-012
  3.938030573709538E-006  1.434987999974589E-012
  3.977608438957880E-006  1.463976880790940E-012
  4.017584068364803E-006  1.493550835111112E-012
  4.057961459526561E-006  1.523722262916147E-012
  4.098744650215917E-006  1.554505146891169E-012
  4.139937718785926E-006  1.585908011389459E-012
  4.181544784577773E-006  1.617945876101499E-012
  4.223570008332711E-006  1.650630408258646E-012
  4.266017592608136E-006  1.683975583695136E-012
  4.308891782197847E-006  1.717994131868369E-012
  4.352196864556534E-006  1.752698953312962E-012
  4.395937170228519E-006  1.788106038984600E-012
  4.440117073280820E-006  1.824227947895224E-012
  4.484740991740559E-006  1.861079611528281E-012
  4.529813388036769E-006  1.898676169713961E-012
  4.575338769446639E-006  1.937031484664179E-012
  4.621321688546249E-006  1.976162593025795E-012
  4.667766743665828E-006  2.016083018447258E-012
  4.714678579349592E-006  2.056810989060893E-012
  4.762061886820203E-006  2.098361961386596E-012
  4.809921404447894E-006  2.140751598972590E-012
  4.858261918224311E-006  2.183997308150377E-012
  4.907088262241116E-006  2.228115966833015E-012
  4.956405319173398E-006  2.273127005759698E-012
  5.006218020767949E-006  2.319047798999006E-012
  5.056531348336439E-006  2.365895173023346E-012
  5.107350333253554E-006  2.413688534360151E-012
  5.158680057460133E-006  2.462448350781668E-012
  5.210525653971372E-006  2.512192997701332E-012
  5.262892307390128E-006  2.562942691987012E-012
  5.315785254425382E-006  2.614718732500231E-012
  5.369209784415913E-006  2.667540298869365E-012
  5.423171239859242E-006  2.721426824532042E-012
  5.477675016945882E-006  2.776402884563978E-012
  5.532726566098960E-006  2.832489319826313E-012
  5.588331392519269E-006  2.889709717375131E-012
  5.644495056735788E-006  2.948084689790620E-012
  5.701223175161743E-006  3.007640932962955E-012
  5.758521420656249E-006  3.068398852600842E-012
  5.816395523091605E-006  3.130384985961097E-012
  5.874851269926282E-006  3.193622033399203E-012
  5.933894506783677E-006  3.258137231061923E-012
  5.993531138036679E-006  3.323956498561406E-012
  6.053767127398112E-006  3.391105256461210E-012
  6.114608498517106E-006  3.459610129128302E-012
  6.176061335581476E-006  3.529499834503141E-012
  6.238131783926139E-006  3.600799149258252E-012
  6.300826050647656E-006  3.673540156256109E-012
  6.364150405224943E-006  3.747750136523809E-012
  6.428111180146228E-006  3.823458498432352E-012
  6.492714771542306E-006  3.900696825760777E-012
  6.557967639826152E-006  3.979495362992782E-012
  6.623876310338971E-006  4.059888347473821E-012
  6.690447374002740E-006  4.141901506099530E-012
  6.757687487979300E-006  4.225575347749318E-012
  6.825603376336083E-006  4.310940080887843E-012
  6.894201830718521E-006  4.398028134901497E-012
  6.963489711029219E-006  4.486874210015958E-012
  7.033473946113947E-006  4.577515327939875E-012
  7.104161534454534E-006  4.669987174347490E-012
  7.175559544868721E-006  4.764329649274790E-012
  7.247675117217048E-006  4.860573854173526E-012
  7.320515463116846E-006  4.958764453094264E-012
  7.394087866663405E-006  5.058939195853607E-012
  7.468399685158392E-006  5.161134439815522E-012
  7.543458349845581E-006  5.265396573215272E-012
  7.619271366653990E-006  5.371764975104747E-012
  7.695846316948479E-006  5.480283411048235E-012
  7.773190858287890E-006  5.590992376246155E-012
  7.851312725190810E-006  5.703938752551495E-012
  7.930219729909032E-006  5.819166164253228E-012
  8.009919763208783E-006  5.936718825328093E-012
  8.090420795159810E-006  6.056647482716646E-012
  8.171730875932394E-006  6.179003604750206E-012
  8.253858136602368E-006  6.303827395784144E-012
  8.336810789964242E-006  6.431171610392721E-012
  8.420597131352476E-006  6.561089746692653E-012
  8.505225539471033E-006  6.693631996286121E-012
  8.590704477231249E-006  6.828849229268920E-012
  8.677042492598133E-006  6.966801199411003E-012
  8.764248219445169E-006  7.107542338654706E-012
  8.852330378417714E-006  7.251121611693853E-012
  8.941297777805069E-006  7.397603172869401E-012
  9.031159314421309E-006  7.547041647049785E-012
  9.121923974494983E-006  7.699502891476782E-012
  9.213600834567735E-006  7.855045259698144E-012
  9.306199062401971E-006  8.013727890177864E-012
  9.399727917897638E-006  8.175612847787988E-012
  9.494196754018227E-006  8.340773760976292E-012
  9.589615017726075E-006  8.509268090182070E-012
  9.685992250927068E-006  8.681164857370336E-012
  9.783338091424841E-006  8.856536220138343E-012
  9.881662273884565E-006  9.035450975294627E-012
  9.980974630806424E-006  9.217976658364576E-012
  1.008128509350887E-005  9.404194962281365E-012
  1.018260369312177E-005  9.594175437050800E-012
  1.028494056158950E-005  9.787984094126170E-012
  1.038830593268422E-005  9.985719184194514E-012
  1.049271014302915E-005  1.018744888830911E-011
  1.059816363313233E-005  1.039325131432860E-011
  1.070467694843066E-005  1.060320562741701E-011
  1.081226074034443E-005  1.081739663693849E-011
  1.092092576734248E-005  1.103591952106740E-011
  1.103068289601807E-005  1.125887082682384E-011
  1.114154310217553E-005  1.148631132729975E-011
  1.125351747192785E-005  1.171834912991313E-011
  1.136661720280533E-005  1.195507986399386E-011
  1.148085360487530E-005  1.219658634587282E-011
  1.159623810187317E-005  1.244296667021897E-011
  1.171278223234479E-005  1.269433457736064E-011
  1.183049765080033E-005  1.295077196419120E-011
  1.194939612887973E-005  1.321240021559845E-011
  1.206948955652988E-005  1.347930383047319E-011
  1.219078994319362E-005  1.375160235020135E-011
  1.231330941901071E-005  1.402939750983592E-011
  1.243706023603083E-005  1.431281202644944E-011
  1.256205476943880E-005  1.460194571789474E-011
  1.268830551879213E-005  1.489692447086265E-011
  1.281582510927096E-005  1.519786600479180E-011
  1.294462629294061E-005  1.550487964189918E-011
  1.307472195002678E-005  1.581810129470322E-011
  1.320612509020358E-005  1.613764860039143E-011
  1.333884885389455E-005  1.646365601042941E-011
  1.347290651358665E-005  1.679624454357319E-011
  1.360831147515758E-005  1.713555222180645E-011
  1.374507727921631E-005  1.748171383743490E-011
  1.388321760245723E-005  1.783487121440364E-011
  1.402274625902779E-005  1.819515251491051E-011
  1.416367720190991E-005  1.856272423821828E-011
  1.430602452431532E-005  1.893771320945322E-011
  1.444980246109490E-005  1.932027431556239E-011
  1.459502539016212E-005  1.971058055271351E-011
  1.474170783393093E-005  2.010876467960664E-011
  1.488986446076792E-005  2.051498797741751E-011
  1.503951008645925E-005  2.092941395784007E-011
  1.519065967569219E-005  2.135221923413876E-011
  1.534332834355163E-005  2.178355566283349E-011
  1.549753135703158E-005  2.222361542357776E-011
  1.565328413656187E-005  2.267256593580626E-011
  1.581060225755028E-005  2.313057686447906E-011
  1.596950145193998E-005  2.359785906928218E-011
  1.612999760978284E-005  2.407455383172830E-011
  1.629210678082839E-005  2.456089395107396E-011
  1.645584517612882E-005  2.505707053768418E-011
  1.662122916966012E-005  2.556325461252537E-011
  1.678827529995945E-005  2.607966498470344E-011
  1.695700027177905E-005  2.660651211605305E-011
  1.712742095775671E-005  2.714398635041412E-011
  1.729955440010305E-005  2.769232682024501E-011
  1.747341781230574E-005  2.825175283269044E-011
  1.764902858085089E-005  2.882247501615284E-011
  1.782640426696169E-005  2.940474206107084E-011
  1.800556260835458E-005  2.999874715941953E-011
  1.818652152101299E-005  3.060475711648694E-011
  1.836929910097899E-005  3.122299488096988E-011
  1.855391362616288E-005  3.185374628113403E-011
  1.874038355817104E-005  3.249724108015210E-011
  1.892872754415205E-005  3.315373626999748E-011
  1.911896441866147E-005  3.382348020342593E-011
  1.931111320554528E-005  3.450676124652069E-011
  1.950519311984229E-005  3.520384727771197E-011
  1.970122356970567E-005  3.591500982213047E-011
  1.989922415834376E-005  3.664054892013887E-011
  2.009921468598042E-005  3.738073140446450E-011
  2.030121515183509E-005  3.813586524500331E-011
  2.050524575612267E-005  3.890626272177985E-011
  2.071132690207363E-005  3.969222780636321E-011
  2.091947919797429E-005  4.049406862076381E-011
  2.112972345922771E-005  4.131209748203832E-011
  2.134208071043522E-005  4.214665666112410E-011
  2.155657218749889E-005  4.299808030866441E-011
  2.177321933974518E-005  4.386669418347794E-011
  2.199204383206985E-005  4.475285453029390E-011
  2.221306754710450E-005  4.565692254742509E-011
  2.243631258740481E-005  4.657925125812240E-011
  2.266180127766085E-005  4.752021173134656E-011
  2.288955616692955E-005  4.848019346523701E-011
  2.311960003088964E-005  4.945956463122119E-011
  2.335195587411921E-005  5.045872525708592E-011
  2.358664693239622E-005  5.147804037352667E-011
  2.382369667502208E-005  5.251794772883023E-011
  2.406312880716859E-005  5.357889128195927E-011
  2.430496727224849E-005  5.466126638914312E-011
  2.454923625430982E-005  5.576548744279574E-011
  2.479596018045435E-005  5.689202984742540E-011
  2.504516372328029E-005  5.804130611894149E-011
  2.529687180334960E-005  5.921383218375247E-011
  2.555110959168004E-005  6.041004701157050E-011
  2.580790251226231E-005  6.163042368800763E-011
  2.606727624460247E-005  6.287541334882366E-011
  2.632925672628988E-005  6.414555877969697E-011
  2.659387015559105E-005  6.544141051539071E-011
  2.686114299406941E-005  6.676338268668173E-011
  2.713110196923153E-005  6.811209739832218E-011
  2.740377407719991E-005  6.948806935262536E-011
  2.767918658541256E-005  7.089184944850956E-011
  2.795736703534981E-005  7.232393729784305E-011
  2.823834324528849E-005  7.378501645536718E-011
  2.852214331308372E-005  7.527554276748341E-011
  2.880879561897880E-005  7.679624640327402E-011
  2.909832882844318E-005  7.834762822338513E-011
  2.939077189503909E-005  7.993034616298085E-011
  2.968615406331690E-005  8.154506744263464E-011
  2.998450487173959E-005  8.319240771238719E-011
  3.028585415563662E-005  8.487302152088717E-011
  3.059023205018751E-005  8.658760317116509E-011
  3.089766899343537E-005  8.833676383140387E-011
  3.120819572933071E-005  9.012127806926707E-011
  3.152184331080590E-005  9.194190032958655E-011
  3.183864310288046E-005  9.379920723918756E-011
  3.215862678579760E-005  9.569406646535743E-011
  3.248182635819227E-005  9.762719978930679E-011
  3.280827414029103E-005  9.959943432527899E-011
  3.313800277714414E-005  1.016114486897264E-010
  3.347104524189006E-005  1.036641555382439E-010
  3.380743483905280E-005  1.057583189432105E-010
  3.414720520787241E-005  1.078947456385801E-010
  3.449039032566889E-005  1.100743840083347E-010
  3.483702451124003E-005  1.122979661022285E-010
  3.518714242829325E-005  1.145665302976707E-010
  3.554077908891202E-005  1.168809311007591E-010
  3.589796985705708E-005  1.192421011180829E-010
  3.625875045210293E-005  1.216509523008486E-010
  3.662315695240971E-005  1.241084426121774E-010
  3.699122579893114E-005  1.266156447091703E-010
  3.736299379885858E-005  1.291734424252479E-010
  3.773849812930184E-005  1.317829361413547E-010
  3.811777634100688E-005  1.344451387645022E-010
  3.850086636211095E-005  1.371610423889808E-010
  3.888780650193538E-005  1.399318952578594E-010
  3.927863545481662E-005  1.427587544999290E-010
  3.967339230397565E-005  1.456426563802237E-010
  4.007211652542635E-005  1.485848622147538E-010
  4.047484799192313E-005  1.515864034669726E-010
  4.088162697694826E-005  1.546487519190381E-010
  4.129249415873922E-005  1.577729005683530E-010
  4.170749062435658E-005  1.609600702517591E-010
  4.212665787379273E-005  1.642117874270018E-010
  4.255003782412192E-005  1.675290202106688E-010
  4.297767281369201E-005  1.709133317397786E-010
  4.340960560635832E-005  1.743660881169540E-010
  4.384587939576005E-005  1.778885268649822E-010
  4.428653780963972E-005  1.814821979289293E-010
  4.473162491420592E-005  1.851483011892692E-010
  4.518118521854002E-005  1.888885752975304E-010
  4.563526367904709E-005  1.927044085349185E-010
  4.609390570395158E-005  1.965972075686648E-010
  4.655715715783817E-005  2.005687774345767E-010
  4.702506436623831E-005  2.046204151912847E-010
  4.749767412026275E-005  2.087541243572261E-010
  4.797503368128075E-005  2.129711673719579E-010
  4.845719078564621E-005  2.172734414656687E-010
  4.894419364947136E-005  2.216627155376467E-010
  4.943609097344842E-005  2.261405482849557E-010
  4.993293194771970E-005  2.307089118902084E-010
  5.043476625679667E-005  2.353694905719592E-010
  5.094164408452843E-005  2.401243086007900E-010
  5.145361611912016E-005  2.449751795348984E-010
  5.197073355820196E-005  2.499240215422035E-010
  5.249304811394866E-005  2.549727790165943E-010
  5.302061201825112E-005  2.601235849777193E-010
  5.355347802793938E-005  2.653784395580245E-010
  5.409169943005849E-005  2.707394518678868E-010
  5.463533004719717E-005  2.762086777698870E-010
  5.518442424287016E-005  2.817884489154157E-010
  5.573903692695461E-005  2.874809637036286E-010
  5.629922356118111E-005  2.932884505311250E-010
  5.686504016467991E-005  2.992132520603844E-010
  5.743654331958286E-005  3.052577432819819E-010
  5.801379017668172E-005  3.114243318639343E-010
  5.859683846114323E-005  3.177155437191285E-010
  5.918574647828172E-005  3.241338542129025E-010
  5.978057311938966E-005  3.306818585397250E-010
  6.038137786762685E-005  3.373621877402311E-010
  6.098822080396878E-005  3.441773352161663E-010
  6.160116261321479E-005  3.511300896241738E-010
  6.222026459005659E-005  3.582234539861607E-010
  6.284558864520780E-005  3.654598562593739E-010
  6.347719731159503E-005  3.728428194801919E-010
  6.411515375061126E-005  3.803747603282780E-010
  6.475952175843203E-005  3.880588419340883E-010
  6.541036577239508E-005  3.958980918130870E-010
  6.606775087744418E-005  4.038959407430392E-010
  6.673174281263768E-005  4.120551410256475E-010
  6.740240797772241E-005  4.203790283032272E-010
  6.807981343977377E-005  4.288711682565116E-010
  6.876402693990248E-005  4.375349924625750E-010
  6.945511690002872E-005  4.463739798706038E-010
  7.015315242972443E-005  4.553912843543252E-010
  7.085820333312427E-005  4.645906629540197E-010
  7.157034011590611E-005  4.739763020416977E-010
  7.228963399234170E-005  4.835511236527522E-010
  7.301615689241808E-005  4.933196066527274E-010
  7.374998146903070E-005  5.032853396212654E-010
  7.449118110524875E-005  5.134525348955281E-010
  7.523982992165351E-005  5.238248847838650E-010
  7.599600278375051E-005  5.344067122343149E-010
  7.675977530945610E-005  5.452024007470451E-010
  7.753122387665932E-005  5.562161989928553E-010
  7.831042563085978E-005  5.674526106122728E-010
  7.909745849288223E-005  5.789158057427025E-010
  7.989240116666873E-005  5.906110047958294E-010
  8.069533314714912E-005  6.025417039644348E-010
  8.150633472819056E-005  6.147140530285805E-010
  8.232548701062700E-005  6.271322749845406E-010
  8.315287191036930E-005  6.398010527556513E-010
  8.398857216659692E-005  6.527261520509463E-010
  8.483267135003191E-005  6.659119868293427E-010
  8.568525387129605E-005  6.793642634473886E-010
  8.654640498935192E-005  6.930885623503589E-010
  8.741621082002897E-005  7.070899174458573E-010
  8.829475834463511E-005  7.213740565403718E-010
  8.918213541865493E-005  7.359469972568915E-010
  9.007843078053531E-005  7.508142079299619E-010
  9.098373406055935E-005  7.659814421151730E-010
  9.189813578980947E-005  7.814551715504247E-010
  9.282172740922061E-005  7.972417450254856E-010
  9.375460127872437E-005  8.133471684297888E-010
  9.469685068648510E-005  8.297777448796099E-010
  9.564856985822878E-005  8.465405164951420E-010
  9.660985396666569E-005  8.636419686760440E-010
  9.758079914100775E-005  8.810884546063608E-010
  9.856150247658151E-005  8.988875168928308E-010
  9.955206204453779E-005  9.170463611515296E-010
  1.005525769016588E-004  9.355720693069769E-010
  1.015631471002642E-004  9.544713706974533E-010
  1.025838736982157E-004  9.737535633665196E-010
  1.036148587690240E-004  9.934244581230535E-010
  1.046562054120551E-004  1.013493122228602E-009
  1.057080177628413E-004  1.033966923988639E-009
  1.067704010034941E-004  1.054854248998066E-009
  1.078434613732228E-004  1.076164061809410E-009
  1.089273061789587E-004  1.097904059841146E-009
  1.100220438060855E-004  1.120083442221499E-009
  1.111277837292783E-004  1.142710129519086E-009
  1.122446365234509E-004  1.165794032184272E-009
  1.133727138748133E-004  1.189344728296163E-009
  1.145121285920407E-004  1.213371453239290E-009
  1.156629946175544E-004  1.237883568105780E-009
  1.168254270389161E-004  1.262890561044136E-009
  1.179995421003365E-004  1.288402048620458E-009
  1.191854572143001E-004  1.314429235573407E-009
  1.203832909733068E-004  1.340982509932559E-009
  1.215931631617306E-004  1.368071911307391E-009
  1.228151947677985E-004  1.395709094013600E-009
  1.240495079956894E-004  1.423904389918980E-009
  1.252962262777549E-004  1.452669763567346E-009
  1.265554742868621E-004  1.482015845519346E-009
  1.278273779488612E-004  1.511954413747051E-009
  1.291120644551783E-004  1.542497914387206E-009
  1.304096622755347E-004  1.573658967670534E-009
  1.317203011707938E-004  1.605448325610687E-009
  1.330441122059372E-004  1.637880986038834E-009
  1.343812277631716E-004  1.670968037999889E-009
  1.357317815551671E-004  1.704723823566019E-009
  1.370959086384284E-004  1.739161324917397E-009
  1.384737454268004E-004  1.774294747326393E-009
  1.398654297051103E-004  1.810137967447119E-009
  1.412711006429456E-004  1.846704522267572E-009
  1.426908988085715E-004  1.884010789329676E-009
  1.441249661829877E-004  1.922070174995085E-009
  1.455734461741268E-004  1.960898409203102E-009
  1.470364836311949E-004  2.000511441373169E-009
  1.485142248591569E-004  2.040923814831048E-009
  1.500068176333671E-004  2.082154082145598E-009
  1.515144112143468E-004  2.124216133121011E-009
  1.530371563627103E-004  2.167128989536534E-009
  1.545752053542415E-004  2.210907519726104E-009
  1.561287119951212E-004  2.255569563700703E-009
  1.576978316373081E-004  2.301134327298288E-009
  1.592827211940740E-004  2.347620726947755E-009
  1.608835391556954E-004  2.395046248973317E-009
  1.625004456053024E-004  2.443429748153115E-009
  1.641336022348874E-004  2.492790337695988E-009
  1.657831723614744E-004  2.543147392024387E-009
  1.674493209434506E-004  2.594522854418080E-009
  1.691322145970627E-004  2.646935506643717E-009
  1.708320216130786E-004  2.700406705310216E-009
  1.725489119736162E-004  2.754959272979474E-009
  1.742830573691424E-004  2.810612827901565E-009
  1.760346312156419E-004  2.867391970285812E-009
  1.778038086719590E-004  2.925315715809209E-009
  1.795907666573136E-004  2.984411672291188E-009
  1.813956838689935E-004  3.044701858125034E-009
  1.832187408002238E-004  3.106209789291979E-009
  1.850601197582169E-004  3.168958089658520E-009
  1.869200048824031E-004  3.232976987067427E-009
  1.887985821628447E-004  3.298286144395966E-009
  1.906960394588353E-004  3.364916525182843E-009
  1.926125665176857E-004  3.432890897688227E-009
  1.945483549936988E-004  3.502239771395573E-009
  1.965035984673355E-004  3.572990351183261E-009
  1.984784924645725E-004  3.645168957642994E-009
  2.004732344764552E-004  3.718807304337208E-009
  2.024880239788472E-004  3.793932489776015E-009
  2.045230624523776E-004  3.870574517080081E-009
  2.065785534025897E-004  3.948765081588650E-009
  2.086547023802914E-004  4.028533748128968E-009
  2.107517170021107E-004  4.109915648541176E-009
  2.128698069712572E-004  4.192942520064291E-009
  2.150091840984929E-004  4.277645224904871E-009
  2.171700623233133E-004  4.364058971747906E-009
  2.193526577353418E-004  4.452219461811479E-009
  2.215571885959383E-004  4.542158917419058E-009
  2.237838753600260E-004  4.633919310142723E-009
  2.260329406981369E-004  4.727528498462804E-009
  2.283046095186790E-004  4.823030814966003E-009
  2.305991089904274E-004  4.920463131512477E-009
  2.329166685652415E-004  5.019864177238102E-009
  2.352575200010099E-004  5.121271846009718E-009
  2.376218973848271E-004  5.224728659156521E-009
  2.400100371564016E-004  5.330276355335441E-009
  2.424221781317008E-004  5.437955862460675E-009
  2.448585615268323E-004  5.547807269173899E-009
  2.473194309821660E-004  5.659882400760688E-009
  2.498050325866981E-004  5.774219769410169E-009
  2.523156149026604E-004  5.890865449266136E-009
  2.548514289903768E-004  6.009870415319626E-009
  2.574127284333690E-004  6.131274939949148E-009
  2.599997693637159E-004  6.255132726453060E-009
  2.626128104876664E-004  6.381495362981145E-009
  2.652521131115104E-004  6.510412258695360E-009
  2.679179411677097E-004  6.641930578922510E-009
  2.706105612412915E-004  6.776106899365162E-009
  2.733302425965069E-004  6.912995654111977E-009
  2.760772572037580E-004  7.052646111171198E-009
  2.788518797667946E-004  7.195117103777335E-009
  2.816543877501851E-004  7.340471282335610E-009
  2.844850614070635E-004  7.488757173215224E-009
  2.873441838071543E-004  7.640039004676211E-009
  2.902320408650801E-004  7.794378885094756E-009
  2.931489213689532E-004  7.951833687356040E-009
  2.960951170092547E-004  8.112470229773209E-009
  2.990709224080040E-004  8.276353193474052E-009
  3.020766351482207E-004  8.443548151193915E-009
  3.051125558036835E-004  8.614121576905148E-009
  3.081789879689881E-004  8.788137728738915E-009
  3.112762382899062E-004  8.965668007838147E-009
  3.144046164940510E-004  9.146787966766600E-009
  3.175644354218500E-004  9.331564703229216E-009
  3.207560110578290E-004  9.520072582903964E-009
  3.239796625622114E-004  9.712390202773859E-009
  3.272357123028340E-004  9.908594038507929E-009
  3.305244858873842E-004  1.010875837569253E-008
  3.338463121959611E-004  1.031296825757540E-008
  3.372015234139638E-004  1.052130665746706E-008
  3.405904550653101E-004  1.073385112278354E-008
  3.440134460459893E-004  1.095069014064598E-008
  3.474708386579519E-004  1.117191011657223E-008
  3.509629786433403E-004  1.139759864153545E-008
  3.544902152190631E-004  1.162784450473601E-008
  3.580529011117173E-004  1.186274781746598E-008
  3.616513925928612E-004  1.210239318177694E-008
  3.652860495146414E-004  1.234687651526409E-008
  3.689572353457793E-004  1.259630189732091E-008
  3.726653172079170E-004  1.285076456281375E-008
  3.764106659123311E-004  1.311036448221852E-008
  3.801936559970129E-004  1.337521340780291E-008
  3.840146657641236E-004  1.364541071676325E-008
  3.878740773178239E-004  1.392107114166419E-008
  3.917722766024855E-004  1.420228988161108E-008
  3.957096534412853E-004  1.448919523668038E-008
  3.996866015751884E-004  1.478188888462164E-008
  4.037035187023224E-004  1.508051318351651E-008
  4.077608065177472E-004  1.538516225529258E-008
  4.118588707536257E-004  1.569595665617984E-008
  4.159981212197964E-004  1.601304038934606E-008
  4.201789718447553E-004  1.633651575041343E-008
  4.244018407170490E-004  1.666653765538591E-008
  4.286671501270838E-004  1.700322643539462E-008
  4.329753266093551E-004  1.734671882499104E-008
  4.373268009851013E-004  1.769715345116047E-008
  4.417220084053862E-004  1.805464839306981E-008
  4.461613883946145E-004  1.841938340864572E-008
  4.506453848944847E-004  1.879148046395897E-008
  4.551744463083835E-004  1.917108584815844E-008
  4.597490255462263E-004  1.955836312231562E-008
  4.643695800697493E-004  1.995347817083996E-008
  4.690365719382552E-004  2.035655293742415E-008
  4.737504678548200E-004  2.076779610169325E-008
  4.785117392129637E-004  2.118732600457845E-008
  4.833208621437898E-004  2.161534063398624E-008
  4.881783175635990E-004  2.205199366793387E-008
  4.930845912219812E-004  2.249747242574104E-008
  4.980401737503908E-004  2.295195893260518E-008
  5.030455607112102E-004  2.341562175972305E-008
  5.081012526473069E-004  2.388864777026245E-008
  5.132077551320874E-004  2.437122640541529E-008
  5.183655788200556E-004  2.486355782272681E-008
  5.235752394978785E-004  2.536583682522325E-008
  5.288372581359655E-004  2.587826087952048E-008
  5.341521609405652E-004  2.640104661056667E-008
  5.395204794063872E-004  2.693437232302302E-008
  5.449427503697519E-004  2.747848510298888E-008
  5.504195160622739E-004  2.803358550391293E-008
  5.559513241650865E-004  2.859989352492090E-008
  5.615387278636101E-004  2.917766594270775E-008
  5.671822859028704E-004  2.976709538483030E-008
  5.728825626433746E-004  3.036842803819081E-008
  5.786401281175469E-004  3.098192211048973E-008
  5.844555580867326E-004  3.160778779860801E-008
  5.903294340987749E-004  3.224631586115844E-008
  5.962623435461700E-004  3.289773172292982E-008
  6.022548797248065E-004  3.356231616825458E-008
  6.083076418932963E-004  3.424031882617979E-008
  6.144212353329002E-004  3.493201914348116E-008
  6.205962714080567E-004  3.563769158679569E-008
  6.268333676275193E-004  3.635762330000865E-008
  6.331331477061076E-004  3.709210540477511E-008
  6.394962416270792E-004  3.784141502681020E-008
  6.459232857051288E-004  3.860586920907508E-008
  6.524149226500201E-004  3.938575306734223E-008
  6.589718016308573E-004  4.018141037216662E-008
  6.655945783410026E-004  4.099311629892408E-008
  6.722839150636460E-004  4.182120494953233E-008
  6.790404807380342E-004  4.266605221221934E-008
  6.858649510263652E-004  4.352798345002223E-008
  6.927580083813549E-004  4.440730966236362E-008
  6.997203421144829E-004  4.530440244614518E-008
  7.067526484649246E-004  4.621960075272651E-008
  7.138556306691753E-004  4.715332420845026E-008
  7.210299990313746E-004  4.810586463152741E-008
  7.282764709943374E-004  4.907767114503098E-008
  7.355957712112987E-004  5.006910286577733E-008
  7.429886316183797E-004  5.108056249659004E-008
  7.504557915077816E-004  5.211245831516920E-008
  7.579979976017164E-004  5.316518461925836E-008
  7.656160041270783E-004  5.423920014992221E-008
  7.733105728908685E-004  5.533491075643737E-008
  7.810824733563754E-004  5.645272771342434E-008
  7.889324827201221E-004  5.759316783564000E-008
  7.968613859895868E-004  5.875661470303572E-008
  8.048699760617038E-004  5.994357797933968E-008
  8.129590538021542E-004  6.115449336219484E-008
  8.211294281254529E-004  6.238990436803968E-008
  8.293819160758410E-004  6.365025977079439E-008
  8.377173429089906E-004  6.493605546347300E-008
  8.461365421745311E-004  6.624787700202899E-008
  8.546403557994053E-004  6.758615181834734E-008
  8.632296341720621E-004  6.895150099105694E-008
  8.719052362274964E-004  7.034440742138734E-008
  8.806680295331436E-004  7.176544481515783E-008
  8.895188903756367E-004  7.321519487187026E-008
  8.984587038484355E-004  7.469426872689124E-008
  9.074883639403372E-004  7.620317879977087E-008
  9.166087736248758E-004  7.774259503851904E-008
  9.258208449506200E-004  7.931306695594879E-008
  9.351254991323793E-004  8.091530370424003E-008
  9.445236666433257E-004  8.254991521987523E-008
  9.540162873080421E-004  8.421751962206842E-008
  9.636043103965054E-004  8.591880964803350E-008
  9.732886947190147E-004  8.765448772305394E-008
  9.830704087220726E-004  8.942522138925174E-008
  9.929504305852307E-004  9.123175454370275E-008
  1.002929748318909E-003  9.307470615718251E-008
  1.013009359863196E-003  9.495490713399153E-008
  1.023190273187647E-003  9.687317761200365E-008
  1.033473506392079E-003  9.883009748636417E-008
  1.043860087808380E-003  1.008266217264553E-007
  1.054351056103348E-003  1.028634881887912E-007
  1.064947460382556E-003  1.049415374780462E-007
  1.075650360295261E-003  1.070614817157863E-007
  1.086460826140374E-003  1.092242299247459E-007
  1.097379938973488E-003  1.114307040197991E-007
  1.108408790714985E-003  1.136817440706378E-007
  1.119548484259231E-003  1.159782967747285E-007
  1.130800133584864E-003  1.183211783869104E-007
  1.142164863866191E-003  1.207114565117035E-007
  1.153643811585712E-003  1.231500206696789E-007
  1.165238124647765E-003  1.256377721782894E-007
  1.176948962493318E-003  1.281757709287732E-007
  1.188777496215914E-003  1.307650918004368E-007
  1.200724908678782E-003  1.334067754493085E-007
  1.212792394633126E-003  1.361017776133531E-007
  1.224981160837598E-003  1.388512161374970E-007
  1.237292426178973E-003  1.416562244899071E-007
  1.249727421794048E-003  1.445178511863828E-007
  1.262287391192744E-003  1.474372599379523E-007
  1.274973590382470E-003  1.504156814572401E-007
  1.287787287993715E-003  1.534542615060499E-007
  1.300729765406920E-003  1.565542640826921E-007
  1.313802316880610E-003  1.597168159231969E-007
  1.327006249680827E-003  1.629433180651637E-007
  1.340342884211854E-003  1.662350351713906E-007
  1.353813554148259E-003  1.695931966864604E-007
  1.367419606568260E-003  1.730192591639607E-007
  1.381162402088439E-003  1.765144880785221E-007
  1.395043314999798E-003  1.800803252908300E-007
  1.409063733405198E-003  1.837182327628760E-007
  1.423225059358161E-003  1.874295315090554E-007
  1.437528709003086E-003  1.912158840015944E-007
  1.451976112716855E-003  1.950787052204760E-007
  1.466568715251880E-003  1.990195380916096E-007
  1.481307975880575E-003  2.030399467379829E-007
  1.496195368541286E-003  2.071416820579502E-007
  1.511232381985684E-003  2.113261875642641E-007
  1.526420519927645E-003  2.155953150453657E-007
  1.541761301193620E-003  2.199505512316066E-007
  1.557256259874520E-003  2.243938517228070E-007
  1.572906945479126E-003  2.289269178055481E-007
  1.588714923089039E-003  2.335515872496464E-007
  1.604681773515195E-003  2.382696661597072E-007
  1.620809093455942E-003  2.430829851854231E-007
  1.637098495656713E-003  2.479935727451638E-007
  1.653551609071303E-003  2.530034857989687E-007
  1.670170079024764E-003  2.581143442967444E-007
  1.686955567377941E-003  2.633284903129644E-007
  1.703909752693657E-003  2.686481823940910E-007
  1.721034330404571E-003  2.740752383108701E-007
  1.738331012982726E-003  2.796118552887217E-007
  1.755801530110794E-003  2.852603803500940E-007
  1.773447628855045E-003  2.910230736105007E-007
  1.791271073840059E-003  2.969021056324112E-007
  1.809273647425189E-003  3.028997971750455E-007
  1.827457149882794E-003  3.090188661931590E-007
  1.845823399578274E-003  3.152614578407310E-007
  1.864374233151902E-003  3.216299909200754E-007
  1.883111505702496E-003  3.281274116714026E-007
  1.902037090972925E-003  3.347560879333111E-007
  1.921152881537488E-003  3.415185435094351E-007
  1.940460788991171E-003  3.484177126989464E-007
  1.959962744140808E-003  3.554560669349292E-007
  1.979660697198168E-003  3.626367437800239E-007
  1.999556617974969E-003  3.699624162471633E-007
  2.019652496079871E-003  3.774361770317076E-007
  2.039950341117431E-003  3.850609049431204E-007
  2.060452182889067E-003  3.928396470079138E-007
  2.081160071596040E-003  4.007754921185830E-007
  2.102076078044479E-003  4.088717021449205E-007
  2.123202293852459E-003  4.171315843494320E-007
  2.144540831659165E-003  4.255579639877100E-007
  2.166093825336160E-003  4.341548958248353E-007
  2.187863430200773E-003  4.429254283320293E-007
  2.209851823231631E-003  4.518730512758313E-007
  2.232061203286362E-003  4.610014369234965E-007
  2.254493791321479E-003  4.703141733050147E-007
  2.277151830614479E-003  4.798151693526787E-007
  2.300037586988174E-003  4.895079788735138E-007
  2.323153349037271E-003  4.993966150254875E-007
  2.346501428357240E-003  5.094852850512924E-007
  2.370084159775469E-003  5.197774231710992E-007
  2.393903901584753E-003  5.302776224576807E-007
  2.417963035779121E-003  5.409899816338194E-007
  2.442263968292043E-003  5.519187959357956E-007
  2.466809129237021E-003  5.630679950711103E-007
  2.491600973150604E-003  5.744429824856370E-007
  2.516641979237843E-003  5.860473833640726E-007
  2.541934651620214E-003  5.978864473010459E-007
  2.567481519586034E-003  6.099644891255630E-007
  2.593285137843387E-003  6.222864607879936E-007
  2.619348086775602E-003  6.348575289462276E-007
  2.645672972699293E-003  6.476826396164233E-007
  2.672262428124988E-003  6.607665116159850E-007
  2.699119112020388E-003  6.741148143600116E-007
  2.726245710076264E-003  6.877330003886594E-007
  2.753644934975027E-003  7.016259997044991E-007
  2.781319526661998E-003  7.157997085468741E-007
  2.809272252619410E-003  7.302598042852793E-007
  2.837505908143152E-003  7.450123459783398E-007
  2.866023316622305E-003  7.600622571644964E-007
  2.894827329821480E-003  7.754166694768388E-007
  2.923920828166001E-003  7.910812786860368E-007
  2.953306721029949E-003  8.070624754578366E-007
  2.982987947027096E-003  8.233661164912237E-007
  3.012967474304777E-003  8.399993870144987E-007
  3.043248300840704E-003  8.569683175632936E-007
  3.073833454742763E-003  8.742802816008848E-007
  3.104725994551833E-003  8.919421225174189E-007
  3.135929009547639E-003  9.099607772186214E-007
  3.167445620057682E-003  9.283429563546056E-007
  3.199278977769278E-003  9.470967492177367E-007
  3.231432266044725E-003  9.662297130023995E-007
  3.263908700239646E-003  9.857485322160053E-007
  3.296711528024524E-003  1.005661613375243E-006
  3.329844029709473E-003  1.025977482420253E-006
  3.363309518572272E-003  1.046703133295431E-006
  3.397111341189696E-003  1.067848306483203E-006
  3.431252877772174E-003  1.089420214645393E-006
  3.465737542501817E-003  1.111427839314018E-006
  3.500568783873834E-003  1.133880287761777E-006
  3.535750085041388E-003  1.156785438716659E-006
  3.571284964163915E-003  1.180154337727712E-006
  3.607176974758939E-003  1.203994770974690E-006
  3.643429706057430E-003  1.228316685876237E-006
  3.680046783362728E-003  1.253130515014980E-006
  3.717031868413078E-003  1.278445448855576E-006
  3.754388659747807E-003  1.304271497937578E-006
  3.792120893077178E-003  1.330619511666067E-006
  3.830232341655968E-003  1.357499786397858E-006
  3.868726816660794E-003  1.384923112961478E-006
  3.907608167571236E-003  1.412900430752810E-006
  3.946880282554787E-003  1.441443187414562E-006
  3.986547088855670E-003  1.470561909945869E-006
  4.026612553187573E-003  1.500269796114123E-006
  4.067080682130316E-003  1.530576963574005E-006
  4.107955522530517E-003  1.561495849638523E-006
  4.149241161906279E-003  1.593040166106305E-006
  4.190941728855944E-003  1.625222345877575E-006
  4.233061393470959E-003  1.658053508135991E-006
  4.275604367752883E-003  1.691548640644373E-006
  4.318574906034598E-003  1.725719203468695E-006
  4.361977305405740E-003  1.760581319086785E-006
  4.405815906142417E-003  1.796148320663917E-006
  4.450095092141232E-003  1.832432199717081E-006
  4.494819291357688E-003  1.869449683891320E-006
  4.539992976248974E-003  1.907215440721426E-006
  4.585620664221224E-003  1.945743566450894E-006
  4.631706918081261E-003  1.985049120439702E-006
  4.678256346492874E-003  2.025150485652282E-006
  4.725273604437696E-003  2.066060829474771E-006
  4.772763393680704E-003  2.107798207038886E-006
  4.820730463240395E-003  2.150378558065984E-006
  4.869179609863700E-003  2.193818831961226E-006
  4.918115678505653E-003  2.238136210608256E-006
  4.967543562813901E-003  2.283349717736984E-006
  5.017468205618064E-003  2.329475416969724E-006
  5.067894599424026E-003  2.376533637384758E-006
  5.118827786913189E-003  2.424542552787146E-006
  5.170272861446748E-003  2.473522221907973E-006
  5.222234967575027E-003  2.523490513261902E-006
  5.274719301551940E-003  2.574468841569938E-006
  5.327731111854623E-003  2.626476428877613E-006
  5.381275699708282E-003  2.679535262640753E-006
  5.435358419616323E-003  2.733665118854685E-006
  5.489984679895806E-003  2.788889414619953E-006
  5.545159943218281E-003  2.845228504731161E-006
  5.600889727156061E-003  2.902705572025763E-006
  5.657179604733979E-003  2.961343264806332E-006
  5.714035204986703E-003  3.021167125605616E-006
  5.771462213521638E-003  3.082197865240403E-006
  5.829466373087492E-003  3.144461680753994E-006
  5.888053484148560E-003  3.207983391351087E-006
  5.947229405464770E-003  3.272789035906905E-006
  6.007000054677568E-003  3.338904131667690E-006
  6.067371408901684E-003  3.406354543961743E-006
  6.128349505322849E-003  3.475165597558303E-006
  6.189940441801521E-003  3.545369232901327E-006
  6.252150377482675E-003  3.616989745456796E-006
  6.314985533411720E-003  3.690058987330156E-006
  6.378452193156611E-003  3.764600164765202E-006
  6.442556703436212E-003  3.840652319239837E-006
  6.507305474754973E-003  3.918240374731359E-006
  6.572704982043981E-003  3.997391410716502E-006
  6.638761765308467E-003  4.078145857197203E-006
  6.705482430281803E-003  4.160529820567598E-006
  6.772873649086087E-003  4.244579107673983E-006
  6.840942160899361E-003  4.330324378782389E-006
  6.909694772629528E-003  4.417804277270961E-006
  6.979138359595057E-003  4.507050386870097E-006
  7.049279866212513E-003  4.598098531923689E-006
  7.120126306691010E-003  4.690985030132226E-006
  7.191684765733635E-003  4.785748631286271E-006
  7.263962399245923E-003  4.882424741800942E-006
  7.336966435051459E-003  4.981055097422214E-006
  7.410704173614658E-003  5.081680064536150E-006
  7.485182988770826E-003  5.184336625022161E-006
  7.560410328463545E-003  5.289068195218230E-006
  7.636393715489472E-003  5.395912826377118E-006
  7.713140748250632E-003  5.504917077477486E-006
  7.790659101514255E-003  5.616122135013496E-006
  7.868956527180266E-003  5.729575803385250E-006
  7.948040855056482E-003  5.845320467597983E-006
  8.027919993641592E-003  5.963403161490476E-006
  8.108601930916023E-003  6.083875676095876E-006
  8.190094735140737E-003  6.206776100315585E-006
  8.272406555664065E-003  6.332161644622149E-006
  8.355545623736655E-003  6.460079937527861E-006
  8.439520253334597E-003  6.590581340371282E-006
  8.524338841990829E-003  6.723719006603275E-006
  8.610009871634900E-003  6.859544710954799E-006
  8.696541909441165E-003  6.998117308752704E-006
  8.783943608685518E-003  7.139487946076192E-006
  8.872223709610716E-003  7.283714886936519E-006
  8.961391040300420E-003  7.430852890769190E-006
  9.051454517562004E-003  7.580970465379321E-006
  9.142423147818249E-003  7.734115322348617E-006
  9.234306028007988E-003  7.890353276931757E-006
  9.327112346495808E-003  8.049746674909274E-006
  9.420851383990897E-003  8.212358718171926E-006
  9.515532514475121E-003  8.378260145793232E-006
  9.611165206140429E-003  8.547511529789993E-006
  9.707759022335682E-003  8.720183222804912E-006
  9.805323622522994E-003  8.896342046317079E-006
  9.903868763243690E-003  9.076057994811686E-006
  1.000340429909396E-002  9.259408862810015E-006
  1.010394018371034E-002  9.446464384903328E-006
  1.020548647076507E-002  9.637288321319925E-006
  1.030805331497147E-002  9.831982274186023E-006
  1.041165097309945E-002  1.003059589787752E-005
  1.051628980500114E-002  1.023322610854824E-005
  1.062198027464693E-002  1.043995246909323E-005
  1.072873295117187E-002  1.065085562598888E-005
  1.083655850993256E-002  1.086601732092258E-005
  1.094546773357475E-002  1.108552994334044E-005
  1.105547151311154E-002  1.130946322119041E-005
  1.116658084901257E-002  1.153792627301682E-005
  1.127880685230402E-002  1.177101047249668E-005
  1.139216074567974E-002  1.200879384797348E-005
  1.150665386462352E-002  1.225139453291955E-005
  1.162229765854267E-002  1.249888327426012E-005
  1.173910369191296E-002  1.275138102679635E-005
  1.185708364543506E-002  1.300897082751676E-005
  1.197624931720263E-002  1.327176667999258E-005
  1.209661262388217E-002  1.353987419526955E-005
  1.221818560190464E-002  1.381339539866817E-005
  1.234098040866916E-002  1.409244381533694E-005
  1.246500932375873E-002  1.437712946639170E-005
  1.259028475016822E-002  1.466756387488442E-005
  1.271681921554466E-002  1.496386008194297E-005
  1.284462537344004E-002  1.526614816621524E-005
  1.297371600457665E-002  1.557453409988416E-005
  1.310410401812519E-002  1.588916175418353E-005
  1.323580245299567E-002  1.621014038781983E-005
  1.336882447914131E-002  1.653760174336259E-005
  1.350318339887560E-002  1.687167939607350E-005
  1.363889264820246E-002  1.721250344869337E-005
  1.377596579815993E-002  1.756022182521628E-005
  1.391441655617722E-002  1.791495766326203E-005
  1.405425876744551E-002  1.827685731338992E-005
  1.419550641630247E-002  1.864607459957805E-005
  1.433817362763069E-002  1.902274913793284E-005
  1.448227466827019E-002  1.940702789900110E-005
  1.462782394844512E-002  1.979907087992001E-005
  1.477483602320478E-002  2.019903477499392E-005
  1.492332559387917E-002  2.060707843136559E-005
  1.507330750954910E-002  2.102336287222753E-005
  1.522479676853111E-002  2.144805694643144E-005
  1.537780851987735E-002  2.188133749313789E-005
  1.553235806489046E-002  2.232336109516837E-005
  1.568846085865373E-002  2.277432064836067E-005
  1.584613251157663E-002  2.323438884346877E-005
  1.600538879095584E-002  2.370374069545949E-005
  1.616624562255202E-002  2.418258255593222E-005
  1.632871909218236E-002  2.467109459877983E-005
  1.649282544732924E-002  2.516948282470155E-005
  1.665858109876491E-002  2.567793259260928E-005
  1.682600262219266E-002  2.619664354913749E-005
  1.699510675990435E-002  2.672585372829577E-005
  1.716591042245466E-002  2.726573294100553E-005
  1.733843069035219E-002  2.781653712168016E-005
  1.751268481576749E-002  2.837845356838903E-005
  1.768869022425833E-002  2.895173258641892E-005
  1.786646451651221E-002  2.953659151613464E-005
  1.804602547010652E-002  3.013325060817501E-005
  1.822739104128624E-002  3.074198230260893E-005
  1.841057936675963E-002  3.136300113058405E-005
  1.859560876551190E-002  3.199656169393909E-005
  1.878249774063711E-002  3.264293463274686E-005
  1.897126498118852E-002  3.330233161233353E-005
  1.916192936404749E-002  3.397508052338554E-005
  1.935450995581120E-002  3.466141267678178E-005
  1.954902601469929E-002  3.536161332235180E-005
  1.974549699247977E-002  3.607595888487478E-005
  1.994394253641412E-002  3.680471668631945E-005
  2.014438249122213E-002  3.754820938017027E-005
  2.034683690106630E-002  3.830671222128031E-005
  2.055132601155633E-002  3.908055639995579E-005
  2.075787027177368E-002  3.986999900190374E-005
  2.096649033631649E-002  4.067541915605425E-005
  2.117720706736506E-002  4.149712198127981E-005
  2.139004153676810E-002  4.233539000351484E-005
  2.160501502814991E-002  4.319058976532152E-005
  2.182214903903878E-002  4.406307957797066E-005
  2.204146528301673E-002  4.495319570239160E-005
  2.226298569189094E-002  4.586127893915498E-005
  2.248673241788688E-002  4.678771570234478E-005
  2.271272783586362E-002  4.773289786569170E-005
  2.294099454555128E-002  4.869713994690475E-005
  2.317155537381105E-002  4.968085755422804E-005
  2.340443337691791E-002  5.068445825079481E-005
  2.363965184286621E-002  5.170831322711791E-005
  2.387723429369857E-002  5.275286904148369E-005
  2.411720448785807E-002  5.381852197763504E-005
  2.435958642256409E-002  5.490568786114398E-005
  2.460440433621209E-002  5.601481677717388E-005
  2.485168271079745E-002  5.714636509554657E-005
  2.510144627436369E-002  5.830075219409008E-005
  2.535372000347531E-002  5.947849012798114E-005
  2.560852912571544E-002  6.067999615609504E-005
  2.586589912220866E-002  6.190578092875573E-005
  2.612585573016910E-002  6.315630334747576E-005
  2.638842494547416E-002  6.443214693512201E-005
  2.665363302526420E-002  6.573366555072669E-005
  2.692150649056821E-002  6.706154610722575E-005
  2.719207212895593E-002  6.841621533901358E-005
  2.746535699721668E-002  6.979831676430965E-005
  2.774138842406503E-002  7.120826036722436E-005
  2.802019401287368E-002  7.264667457010500E-005
  2.830180164443387E-002  7.411416616749718E-005
  2.858623947974340E-002  7.561128881980136E-005
  2.887353596282286E-002  7.713875854400806E-005
  2.916371982355996E-002  7.869699046737245E-005
  2.945682008058260E-002  8.028668590330618E-005
  2.975286604416073E-002  8.190849339034903E-005
  3.005188731913742E-002  8.356310208135666E-005
  3.035391380788934E-002  8.525108375112459E-005
  3.065897571331706E-002  8.697320907447165E-005
  3.096710354186534E-002  8.873009945001528E-005
  3.127832810657381E-002  9.052251341261426E-005
  3.159268053015830E-002  9.235109060510462E-005
  3.191019224812314E-002  9.421660929363564E-005
  3.223089501190469E-002  9.611985874391443E-005
  3.255482089204662E-002  9.806150770821223E-005
  3.288200228140684E-002  1.000423658339399E-004
  3.321247189839698E-002  1.020632541125097E-004
  3.354626279025410E-002  1.041250050028704E-004
  3.388340833634556E-002  1.062283618368434E-004
  3.422394225150692E-002  1.083742126104950E-004
  3.456789858941348E-002  1.105634239157765E-004
  3.491531174598565E-002  1.127967720661644E-004
  3.526621646282862E-002  1.150753174282427E-004
  3.562064783070648E-002  1.173998262025273E-004
  3.597864129305139E-002  1.197713509581867E-004
  3.634023264950790E-002  1.221907509021641E-004
  3.670545805951299E-002  1.246589663656964E-004
  3.707435404591201E-002  1.271771260291062E-004
  3.744695749861103E-002  1.297460926314301E-004
  3.782330567826581E-002  1.323669172035668E-004
  3.820343622000794E-002  1.350407366786063E-004
  3.858738713720837E-002  1.377685608699947E-004
  3.897519682527879E-002  1.405514851021832E-004
  3.936690406551117E-002  1.433905835951276E-004
  3.976254802895596E-002  1.462870905667576E-004
  4.016216828033922E-002  1.492420750696292E-004
  4.056580478201910E-002  1.522567304824717E-004
  4.097349789798213E-002  1.553323035833564E-004
  4.138528839787965E-002  1.584700585491099E-004
  4.180121746110482E-002  1.616710906943173E-004
  4.222132668091057E-002  1.649367342355124E-004
  4.264565806856896E-002  1.682683420838430E-004
  4.307425405757237E-002  1.716674374629908E-004
  4.350715750787687E-002  1.751351092162961E-004
  4.394441171018824E-002  1.786726888229403E-004
  4.438606039029110E-002  1.822819099831240E-004
  4.483214771342150E-002  1.859639143652243E-004
  4.528271828868348E-002  1.897202455181052E-004
  4.573781717351005E-002  1.935524686720920E-004
  4.619748987816896E-002  1.974620925715480E-004
  4.666178237031371E-002  2.014506465453155E-004
  4.713074107958044E-002  2.055198391114608E-004
  4.760441290223089E-002  2.096711642261795E-004
  4.808284520584203E-002  2.139063754908984E-004
  4.856608583404293E-002  2.182271708193483E-004
  4.905418311129910E-002  2.226350291093487E-004
  4.954718584774503E-002  2.271320975823900E-004
  5.004514334406519E-002  2.317199026001979E-004
  5.054810539642417E-002  2.364003998252816E-004
  5.105612230144637E-002  2.411754077301687E-004
  5.156924486124562E-002  2.460469351158216E-004
  5.208752438850550E-002  2.510167692675637E-004
  5.261101271161066E-002  2.560869720197387E-004
  5.313976217982963E-002  2.612595499397859E-004
  5.367382566854987E-002  2.665367905752567E-004
  5.421325658456530E-002  2.719204197646618E-004
  5.475810887141705E-002  2.774127821328273E-004
  5.530843701478785E-002  2.830161699823005E-004
  5.586429604795065E-002  2.887325628586700E-004
  5.642574155727198E-002  2.945645724029035E-004
  5.699282968777064E-002  3.005143257276834E-004
  5.756561714873226E-002  3.065842404275111E-004
  5.814416121938026E-002  3.127765916570643E-004
  5.872851975460383E-002  3.190941268851744E-004
  5.931875119074346E-002  3.255392777054525E-004
  5.991491455143462E-002  3.321145085193541E-004
  6.051706945351018E-002  3.388225860947795E-004
  6.112527611296215E-002  3.456661357373687E-004
  6.173959535096332E-002  3.526477278323522E-004
  6.236008859994942E-002  3.597703314173616E-004
  6.298681790976243E-002  3.670368659340702E-004
  6.361984595385561E-002  3.744501073847808E-004
  6.425923603556088E-002  3.820128690984729E-004
  6.490505209441925E-002  3.897285597233922E-004
  6.555735871257479E-002  3.975999834259020E-004
  6.621622112123289E-002  4.056306381802558E-004
  6.688170520718349E-002  4.138229402207660E-004
  6.755387751938975E-002  4.221810405188067E-004
  6.823280527564303E-002  4.307078187084024E-004
  6.891855636928473E-002  4.394067656129104E-004
  6.961119937599569E-002  4.482814205677105E-004
  7.031080356065378E-002  4.573349850459669E-004
  7.101743888426046E-002  4.665716744318604E-004
  7.173117601093697E-002  4.759947888788077E-004
  7.245208631499074E-002  4.856080641275830E-004
  7.318024188805296E-002  4.954154844394377E-004
  7.391571554628772E-002  5.054208913983460E-004
  7.465858083767374E-002  5.156285775701433E-004
  7.540891204935922E-002  5.260422953516814E-004
  7.616678421509060E-002  5.366660479543097E-004
  7.693227312271603E-002  5.475044996804268E-004
  7.770545532176416E-002  5.585617715036971E-004
  7.848640813109924E-002  5.698422440650574E-004
  7.927520964665298E-002  5.813503579713026E-004
  8.007193874923428E-002  5.930910273246125E-004
  8.087667511241735E-002  6.050686133373033E-004
  8.168949921050911E-002  6.172877435606589E-004
  8.251049232659673E-002  6.297539464089000E-004
  8.333973656067598E-002  6.424715667125207E-004
  8.417731483786131E-002  6.554464866205660E-004
  8.502331091667843E-002  6.686827596454791E-004
  8.587780939744021E-002  6.821864119532288E-004
  8.674089573070681E-002  6.959626977974363E-004
  8.761265622583081E-002  7.100169427261403E-004
  8.849317805958817E-002  7.243551954253543E-004
  8.938254928489606E-002  7.389827180063107E-004
  9.028085883961814E-002  7.539054995352226E-004
  9.118819655545848E-002  7.691296123264082E-004
  9.210465316694479E-002  7.846609914343870E-004
  9.303032032050192E-002  8.005058750574156E-004
  9.396529058361662E-002  8.166703637064730E-004
  9.490965745409435E-002  8.331615393135977E-004
  9.586351536940915E-002  8.499852298079230E-004
  9.682695971614742E-002  8.671484734374728E-004
  9.780008683954670E-002  8.846584072325205E-004
  9.878299405313028E-002  9.025215801899457E-004
  9.977577964843860E-002  9.207453198003084E-004
  0.100778542904859       9.393370554928729E-004
  0.101791384099551       9.583040869789294E-004
  0.102814404517481       9.776533456050196E-004
  0.103847706461540       9.973934996146097E-004
  0.104891393262787       1.017532397268219E-003
  0.105945569290769       1.038076569609187E-003
  0.107010339963968       1.059035491707455E-003
  0.108085811760340       1.080418777028505E-003
  0.109172092227959       1.102232804218557E-003
  0.110269289995778       1.124486448366115E-003
  0.111377514784488       1.147189681579868E-003
  0.112496877417492       1.170350172975738E-003
  0.113627489831985       1.193978639254814E-003
  0.114769465090151       1.218084470847080E-003
  0.115922917390468       1.242675696486775E-003
  0.117087962079126       1.267763440765806E-003
  0.118264715661566       1.293356982409965E-003
  0.119453295814126       1.319467740143887E-003
  0.120653821395813       1.346104763113829E-003
  0.121866412460184       1.373278234755931E-003
  0.123091190267357       1.401000523364244E-003
  0.124328277296133       1.429283147962391E-003
  0.125577797256246       1.458135203313954E-003
  0.126839875100733       1.487569532752475E-003
  0.128114637038430       1.517597597859297E-003
  0.129402210546594       1.548231540753420E-003
  0.130702724383648       1.579482616385574E-003
  0.132016308602060       1.611364878988886E-003
  0.133343094561345       1.643889921969105E-003
  0.134683214941207       1.677070026275705E-003
  0.136036803754799       1.710920328086077E-003
  0.137403996362131       1.745452397629647E-003
  0.138784929483603       1.780681756786455E-003
  0.140179741213677       1.816620874071052E-003
  0.141588571034690       1.853284575341761E-003
  0.143011559830797       1.890687893364471E-003
  0.144448849902064       1.928844960950114E-003
  0.145900584978696       1.967771214768692E-003
  0.147366910235410       2.007482305039884E-003
  0.148847972305953       2.047994660780426E-003
  0.150343919297768       2.089322677452747E-003
  0.151854900806799       2.131484348685653E-003
  0.153381067932457       2.174495639282901E-003
  0.154922573292726       2.218373876612957E-003
  0.156479571039428       2.263136627298135E-003
  0.158052216873633       2.308801699800910E-003
  0.159640668061236       2.355387147034216E-003
  0.161245083448679       2.402910683085338E-003
  0.162865623478839       2.451393204275132E-003
  0.164502450207069       2.500851763895585E-003
  0.166155727317405       2.551307203636199E-003
  0.167825620138936       2.602779463337555E-003
  0.169512295662337       2.655287554235887E-003
  0.171215922556564       2.708853154312282E-003
  0.172936671185727       2.763499457919774E-003
  0.174674713626124       2.819246330914712E-003
  0.176430223683446       2.876116351370517E-003
  0.178203376910161       2.934132409958495E-003
  0.179994350623071       2.993315237178397E-003
  0.181803323921040       3.053690810410002E-003
  0.183630477702903       3.115280477321558E-003
  0.185475994685563       3.178113402483434E-003
  0.187340059422255       3.242210339104129E-003
  0.189222858321007       3.307597375845629E-003
  0.191124579663277       3.374299687802022E-003
  0.193045413622784       3.442346637157982E-003
  0.194985552284525       3.511762853010753E-003
  0.196945189663983       3.582574582142968E-003
  0.198924521726530       3.654813629533855E-003
  0.200923746407019       3.728505719883559E-003
  0.202943063629587       3.803680855863932E-003
  0.204982675327637       3.880369456783425E-003
  0.207042785464040       3.958599707409435E-003
  0.209123600051525       4.038405502987825E-003
  0.211225327173285       4.119817198614515E-003
  0.213348177003785       4.202864209535703E-003
  0.215492361829776       4.287583109745327E-003
  0.217658096071527       4.374005552636840E-003
  0.219845596304268       4.462162245165061E-003
  0.222055081279844       4.552096669478078E-003
  0.224286771948595       4.643836374479030E-003
  0.226540891481447       4.737421735768685E-003
  0.228817665292232       4.832889521038378E-003
  0.231117321060228       4.930274194430376E-003
  0.233440088752929       5.029616311357135E-003
  0.235786200649039       5.130956996498166E-003
  0.238155891361703       5.234330829369833E-003
  0.240549397861967       5.339782847314040E-003
  0.242966959502475       5.447352978291157E-003
  0.245408818041408       5.557086023316780E-003
  0.247875217666652       5.669020147697178E-003
  0.250366405020226       5.783204227964901E-003
  0.252882629222942       5.899680503163171E-003
  0.255424141899316       6.018493247780351E-003
  0.257991197202735       6.139694743636123E-003
  0.260584051840867       6.263327595866485E-003
  0.263202965101337       6.389440948438630E-003
  0.265848198877654       6.518087630682162E-003
  0.268520017695399       6.649315166863464E-003
  0.271218688738682       6.783171711787068E-003
  0.273944481876854       6.919715221798153E-003
  0.276697669691503       7.058995270671445E-003
  0.279478527503702       7.201068255262827E-003
  0.282287333401552       7.345991355154440E-003
  0.285124368267981       7.493816308165735E-003
  0.287989915808842       7.644608055349915E-003
  0.290884262581277       7.798419879603316E-003
  0.293807698022374       7.955312081902218E-003
  0.296760514478113       8.115352147099771E-003
  0.299743007232602       8.278592544507584E-003
  0.302755474537600       8.445102452006491E-003
  0.305798217642350       8.614948800148249E-003
  0.308871540823696       8.788196202000978E-003
  0.311975751416519       8.964906881878539E-003
  0.315111159844464       9.145153708029385E-003
  0.318278079650987       9.329010569457293E-003
  0.321476827530707       9.516542459439897E-003
  0.324707723361079       9.707821866870988E-003
  0.327971090234378       9.902928951796373E-003
  0.331267254490010       1.010193492747946E-002
  0.334596545747148       1.030491532438672E-002
  0.337959296937692       1.051195008474239E-002
  0.341355844339564       1.072312706842596E-002
  0.344786527610334       1.093851824622786E-002
  0.348251689821188       1.115821028230252E-002
  0.351751677491235       1.138228411984723E-002
  0.355286840622158       1.161083569381303E-002
  0.358857532733217       1.184394132803569E-002
  0.362464110896598       1.208169587660223E-002
  0.366106935773123       1.232419198540656E-002
  0.369786371648316       1.257152356716732E-002
  0.373502786468830       1.282378581505612E-002
  0.377256551879244       1.308106804682598E-002
  0.381048043259227       1.334347515569385E-002
  0.384877639761078       1.361111350036568E-002
  0.388745724347637       1.388406908703440E-002
  0.392652683830586       1.416245458225380E-002
  0.396598908909131       1.444638423636906E-002
  0.400584794209066       1.473595912485036E-002
  0.404610738322244       1.503129278293010E-002
  0.408677143846431       1.533248911195813E-002
  0.412784417425568       1.563967211419647E-002
  0.416932969790436       1.595295622799841E-002
  0.421123215799729       1.627244985095428E-002
  0.425355574481538       1.659828561825997E-002
  0.429630469075260       1.693059038517898E-002
  0.433948327073916       1.726947736625597E-002
  0.438309580266904       1.761509213675660E-002
  0.442714664783177       1.796754352157127E-002
  0.447164021134860       1.832696509042257E-002
  0.451658094261293       1.869350791332951E-002
  0.456197333573536       1.906730155251285E-002
  0.460782192999302       1.944848518776538E-002
  0.465413131028355       1.983719986945213E-002
  0.470090610758355       2.023358853845504E-002
  0.474815099941175       2.063781213312646E-002
  0.479587071029670       2.105001767785857E-002
  0.484407001224925       2.147034602667656E-002
  0.489275372523976       2.189896434022452E-002
  0.494192671768011       2.233602568902698E-002
  0.499159390691051       2.278169340844587E-002
  0.504176025969127       2.323612474992305E-002
  0.509243079269949       2.369950401647751E-002
  0.514361057303068       2.417199298068417E-002
  0.519530471870553       2.465375552429747E-002
  0.524751839918169       2.514498302779527E-002
  0.530025683587071       2.564584403932393E-002
  0.535352530266021       2.615652636858570E-002
  0.540732912644127       2.667722037051056E-002
  0.546167368764109       2.720811034589274E-002
  0.551656442076109       2.774938302256556E-002
  0.557200681492031       2.830123629432606E-002
  0.562800641440438       2.886387946514721E-002
  0.568456881921992       2.943748949243394E-002
  0.574169968565453       3.002231627556697E-002
  0.579940472684247       3.061852444327029E-002
  0.585768971333595       3.122634304220664E-002
  0.591656047368219       3.184598631433690E-002
  0.597602289500628       3.247768035198068E-002
  0.603608292359990       3.312163614705648E-002
  0.609674656551598       3.377809474079298E-002
  0.615801988716924       3.444727297675104E-002
  0.621990901594292       3.512942728922517E-002
  0.628242014080147       3.582478063781010E-002
  0.634555951290946       3.653356811057575E-002
  0.640933344625674       3.725603718635589E-002
  0.647374831828976       3.799244800080512E-002
  0.653881057054943       3.874305473820306E-002
  0.660452670931517       3.950808645935340E-002
  0.667090330625564       4.028782269462067E-002
  0.673794699908584       4.108256592189409E-002
  0.680566449223092       4.189252653083891E-002
  0.687406255749663       4.271801401480070E-002
  0.694314803474649       4.355928379440950E-002
  0.701292783258581       4.441661400338082E-002
  0.708340892905250       4.529034530770274E-002
  0.715459837231497       4.618066520358668E-002
  0.722650328137685       4.708796133808554E-002
  0.729913084678898       4.801246747842523E-002
  0.737248833136841       4.895450012127443E-002
  0.744658307092474       4.991442023434501E-002
  0.752142247499367       5.089243184160502E-002
  0.759701402757797       5.188894428906107E-002
  0.767336528789590       5.290420925257693E-002
  0.775048389113711       5.393858389062825E-002
  0.782837754922619       5.499238885386137E-002
  0.790705405159386       5.606592806043807E-002
  0.798652126595593       5.715957167108799E-002
  0.806678713910004       5.827358994980293E-002
  0.814785969768042       5.940840356688736E-002
  0.822974704902046       6.056426964075079E-002
  0.831245738192356       6.174161811488942E-002
  0.839599896749192       6.294073517284654E-002
  0.848038015995371       6.416201753680922E-002
  0.856560939749851       6.540582394321251E-002
  0.865169520312109       6.667247411493057E-002
  0.873864618547375       6.796235683663357E-002
  0.882647103972719       6.927582196412861E-002
  0.891517854844001       7.061324550543033E-002
  0.900477758243703       7.197503021376896E-002
  0.909527710169629       7.336149486596621E-002
  0.918668615624514       7.477305109290609E-002
  0.927901388706522       7.621007072274874E-002
  0.937226952700654       7.767292990924664E-002
  0.946646240171081       7.916200917418426E-002
  0.956160193054400       8.067769345018788E-002
  0.965769762753827       8.222041800934651E-002
  0.975475910234340       8.379050825274197E-002
  0.985279606118776       8.538836226285990E-002
  0.995181830784893       8.701438270457730E-002
   1.00518357446341       8.866895346364748E-002
   1.01528583733703       9.035246262866217E-002
   1.02548962964045       9.206530253062786E-002
   1.03579597176142       9.380782226301380E-002
   1.04620589434273       9.558039816811742E-002
   1.05672043838532       9.738360245524760E-002
   1.06734065535235       9.921762919095103E-002
   1.07806760727436       0.101082866468587     
   1.08890236685550       0.102979852532824     
   1.09984601758074       0.104908789808157     
   1.11089965382429       0.106870176143558     
   1.12206438095896       0.108864317608282     
   1.13334131546680       0.110891572130350     
   1.14473158505063       0.112952350754478     
   1.15623632874691       0.115047018505442     
   1.16785669703960       0.117175842708848     
   1.17959385197521       0.119339345465740     
   1.19144896727902       0.121537647456552     
   1.20342322847244       0.123771277320566     
   1.21551783299155       0.126040461200267     
   1.22773399030690       0.128345528950031     
   1.24007292204440       0.130686812726494     
   1.25253586210750       0.133064647001491     
   1.26512405680059       0.135479211022333     
   1.27783876495364       0.137930999903522     
   1.29068125804805       0.140420036856495     
   1.30365282034384       0.142946820880177     
   1.31675474900804       0.145511427884864     
   1.32998835424444       0.148114253861583     
   1.34335495942459       0.150755535872469     
   1.35685590122016       0.153435293619976     
   1.37049252973656       0.156153925249592     
   1.38426620864802       0.158911557652227     
   1.39817831533390       0.161708315657442     
   1.41223024101646       0.164544432964775     
   1.42642339089999       0.167420199116889     
   1.44075918431130       0.170335512524689     
   1.45523905484168       0.173290602864868     
   1.46986445049025       0.176285529978583     
   1.48463683380875       0.179320520948113     
   1.49955768204784       0.182395574077315     
   1.51462848730477       0.185510855385796     
   1.52985075667262       0.188666298594402     
   1.54522601239102       0.191861947548279     
   1.56075579199835       0.195097959035052     
   1.57644164848552       0.198374195276275     
   1.59228515045124       0.201690805727391     
   1.60828788225892       0.205047701431953     
   1.62445144419506       0.208444727580518     
   1.64077745262934       0.211882020774680     
   1.65726754017620       0.215359415327455     
   1.67392335585814       0.218876858560511     
   1.69074656527060       0.222434231581557     
   1.70773885074856       0.226031347678395     
   1.72490191153470       0.229668257301985     
   1.74223746394943       0.233344637797740     
   1.75974724156242       0.237060279592270     
   1.77743299536602       0.240815026898693     
   1.79529649395037       0.244608654033549     
   1.81333952368019       0.248440737992827     
   1.83156388887350       0.252310906362001     
   1.84997141198201       0.256218902234932     
   1.86856393377336       0.260164076638151     
   1.88734331351523       0.264146020256884     
   1.90631142916125       0.268163989441076     
   1.92547017753878       0.272217157123306     
   1.94482147453862       0.276304936522322     
   1.96436725530661       0.280426267556507     
   1.98410947443711       0.284579868237443     
   2.00405010616849       0.288764559899425     
   2.02419114458053       0.292978871561691     
   2.04453460379385       0.297221032926902     
   2.06508251817134       0.301489135019932     
   2.08583694252156       0.305780924880336     
   2.10679995230423       0.310093899101378     
   2.12797364383781       0.314425332195271     
   2.14936013450908       0.318771929408393     
   2.17096156298495       0.323130260327865     
   2.19278008942625       0.327496272333039     
   2.21481789570382       0.331865692795051     
   2.23707718561665       0.336233745239640     
   2.25956018511228       0.340595207975835     
   2.28226914250939       0.344944439398176     
   2.30520632872265       0.349275368760049     
   2.32837403748980       0.353581629308031     
   2.35177458560101       0.357856337549057     
   2.37541031313060       0.362092405695649     
   2.39928358367102       0.366282574393332     
   2.42339678456921       0.370419264777469     
   2.44775232716537       0.374495229680812     
   2.47235264703404       0.378503086574060     
   2.49720020422772       0.382435795513605     
   2.52229748352282       0.386286854879838     
   2.54764699466820       0.390050372434777     
   2.57325127263610       0.393721213196406     
   2.59911287787564       0.397295302065061     
   2.62523439656890       0.400769481338153     
   2.65161844088952       0.404141686662053     
   2.67826764926392       0.407410803167057     
   2.70518468663515       0.410576209674024     
   2.73237224472936       0.413637521077509     
   2.75983304232504       0.416594516711810     
   2.78756982552481       0.419446822859819     
   2.81558536803012       0.422194202634085     
   2.84388247141856       0.424836510147948     
   2.87246396542406       0.427373613581494     
   2.90133270821982       0.429805385489545     
   2.93049158670419       0.432131812708114     
   2.95994351678932       0.434352871084585     
   2.98969144369275       0.436468628505485     
   3.01973834223197       0.438479170765995     
   3.05008721712187       0.440384631088430     
   3.08074110327523       0.442185188750102     
   3.11170306610621       0.443881059609926     
   3.14297620183689       0.445472521498106     
   3.17456363780692       0.446959861227472     
   3.20646853278620       0.448343434706439     
   3.23869407729083       0.449623605442354     
   3.27124349390210       0.450800818400644     
   3.30412003758882       0.451875501035209     
   3.33732699603273       0.452848126577849     
   3.37086768995737       0.453719257808537     
   3.40474547346006       0.454489419816927     
   3.43896373434740       0.455159185372679     
   3.47352589447398       0.455729132348618     
   3.50843541008463       0.456199931033298     
   3.54369577215999       0.456572170383687     
   3.57931050676566       0.456846532364006     
   3.61528317540477       0.457023660835331     
   3.65161737537417       0.457104316446764     
   3.68831674012413       0.457089222353361     
   3.72538493962172       0.456978905252541     
   3.76282568071776       0.456774165662318     
   3.80064270751757       0.456475879723191     
   3.83883980175534       0.456084451878812     
   3.87742078317234       0.455600814068532     
   3.91638950989885       0.455025653314113     
   3.95574987884001       0.454359637395117     
   3.99550582606553       0.453603460745868     
   4.03566132720326       0.452757844843413     
   4.07622039783677       0.451823397196780     
   4.11718709390692       0.450800892422643     
   4.15856551211746       0.449690847700089     
   4.20035979034470       0.448493994482444     
   4.24257410805129       0.447210947025863     
   4.28521268670417       0.445842392472666     
   4.32827979019674       0.444388801000909     
   4.37177972527525       0.442850859429427     
   4.41571684196944       0.441229133021976     
   4.46009553402761       0.439524308685682     
   4.50492023935594       0.437736801370209     
   4.55019544046231       0.435867444169935     
   4.59592566490458       0.433916397525449     
   4.64211548574328       0.431884741651255     
   4.68876952199901       0.429772780686584     
   4.73589243911425       0.427580937373267     
   4.78348894942000       0.425310368577348     
   4.83156381260694       0.422961136116220     
   4.88012183620146       0.420534241855450     
   4.92916787604638       0.418030199876732     
   4.97870683678656       0.415450065739267     
   5.02874367235935       0.412794088666117     
   5.07928338649002       0.410063374660895     
   5.13033103319208       0.407258744500282     
   5.18189171727275       0.404380832509077     
   5.23397059484341       0.401430936158819     
   5.28657287383521       0.398409636821077     
   5.33970381451988       0.395318184031934     
   5.39336873003577       0.392157752968934     
   5.44757298691916       0.388929442194178     
   5.50232200564090       0.385634490410226     
   5.55762126114848       0.382274059473626     
   5.61347628341355       0.378849674584216     
   5.66989265798487       0.375362677128534     
   5.72687602654691       0.371814666566896     
   5.78443208748403       0.368207281901500     
   5.84256659645026       0.364542089338778     
   5.90128536694497       0.360820920265538     
   5.96059427089412       0.357045535456490     
   6.02049923923754       0.353217737349763     
   6.08100626252198       0.349339600870711     
   6.14212139150020       0.345413016884788     
   6.20385073773602       0.341440152198492     
   6.26620047421550       0.337422871549873     
   6.32917683596426       0.333363669172783     
   6.39278612067095       0.329264722864323     
   6.45703468931704       0.325128274758056     
   6.52192896681295       0.320956653112708     
   6.58747544264049       0.316752225151472     
   6.65368067150188       0.312517392386310     
   6.72055127397517       0.308254585813171     
   6.78809393717634       0.303966261015161     
   6.85631541542799       0.299654893205839     
   6.92522253093480       0.295322972247214     
   6.99482217446574       0.290972997671542     
   7.06512130604316       0.286607473737955     
   7.13612695563881       0.282228904549075     
   7.20784622387682       0.277839789254459     
   7.28028628274377       0.273442617361543     
   7.35345437630592       0.269039864176461     
   7.42735782143360       0.264633986390775     
   7.50200400853291       0.260227417831962     
   7.57740040228476       0.255822565389193     
   7.65355454239136       0.251421805127925     
   7.73047404433019       0.247027478600623     
   7.80816660011553       0.242641889363180     
   7.88663997906771       0.238267299700563     
   7.96590202859002       0.233905927567744     
   8.04596067495346       0.229559943746165     
   8.12682392408939       0.225231469218790     
   8.20849986239010       0.220922572761222     
   8.29099665751749       0.216635268749463     
   8.37432255921982       0.212371515179544     
   8.45848590015670       0.208133211897581     
   8.54349509673235       0.203922199033752     
   8.62935864993728       0.199740255637191     
   8.71608514619836       0.195589098503957     
   8.80368325823749       0.191470381193949     
   8.89216174593887       0.187385693227971     
   8.98152945722500       0.183336559460043     
   9.07179532894149       0.179324439615522     
   9.16296838775072       0.175350727989659     
   9.25505775103457       0.171416753296815     
   9.34807262780609       0.167523778664706     
   9.44202231963048       0.163673001763779     
   9.53691622155521       0.159865555066077     
   9.63276382304955       0.156102506223719     
   9.72957470895352       0.152384858561486     
   9.82735856043640       0.148713551673853     
   9.92612515596481       0.145089462121170     
   10.0258843722806       0.141513404215661     
   10.1266461853886       0.137986130892267     
   10.2284206715540       0.134508334655391     
   10.3312180083103       0.131080648596962     
   10.4350484754768       0.127703647477335     
   10.5399224561867       0.124377848864857     
   10.6458504379255       0.121103714326128     
   10.7528430135798       0.117881650663227     
   10.8609108824961       0.114712011190451     
   10.9700648515514       0.111595097047317     
   11.0803158362337       0.108531158540870     
   11.1916748617332       0.105520396514548     
   11.3041530640453       0.102562963737151     
   11.4177616910839       9.965896630963406E-002
   11.5325121038065       9.680846508378721E-002
   11.6484157773500       9.401147709096462E-002
   11.7654843021782       9.126797697543912E-002
   11.8837293852412       8.857789843095799E-002
   12.0031628511459       8.594113563557371E-002
   12.1237966433384       8.335754468371941E-002
   12.2456428252985       8.082694501106989E-002
   12.3687135817458       7.834912081153414E-002
   12.4930212198585       7.592382244235427E-002
   12.6185781705042       7.355076781701025E-002
   12.7453969894824       7.122964378230964E-002
   12.8734903587807       6.896010747968444E-002
   13.0028710878429       6.674178768745286E-002
   13.1335521148496       6.457428614435451E-002
   13.2655465080125       6.245717885147382E-002
   13.3988674668808       6.039001735310764E-002
   13.5335283236616       5.837232999402255E-002
   13.6695425445527       5.640362315387561E-002
   13.8069237310896       5.448338245654117E-002
   13.9456856215054       5.261107395530734E-002
   14.0858420921048       5.078614529195175E-002
   14.2274071586517       4.900802683081881E-002
   14.3703949777706       4.727613276614949E-002
   14.5148198483627       4.558986220391066E-002
   14.6606962130353       4.394860021659402E-002
   14.8080386595466       4.235171887232700E-002
   14.9568619222638       4.079857823695471E-002
   15.1071808836374       3.928852735051236E-002
   15.2590105756887       3.782090517690322E-002
   15.4123661815135       3.639504152825991E-002
   15.5672630368000       3.501025796293623E-002
   15.7237166313631       3.366586865864050E-002
   15.8817426106924       3.236118125977192E-002
   16.0413567775176       3.109549770048258E-002
   16.2025750933884       2.986811500262056E-002
   16.3654136802707       2.867832605007199E-002
   16.5298888221590       2.752542033873832E-002
   16.6960169667044       2.640868470361261E-002
   16.8638147268599       2.532740402202715E-002
   17.0332988825413       2.428086189666049E-002
   17.2044863823054       2.326834131120552E-002
   17.3773943450448       2.228912526938815E-002
   17.5520400617000       2.134249741190699E-002
   17.7284409969881       2.042774261139410E-002
   17.9066147911497       1.954414754993527E-002
   18.0865792617125       1.869100127218662E-002
   18.2683524052738       1.786759571819937E-002
   18.4519523992993       1.707322623717985E-002
   18.6373976039413       1.630719208147534E-002
   18.8247065638750       1.556879688248087E-002
   19.0138980101524       1.485734910713372E-002
   19.2049908620758       1.417216249649663E-002
   19.3980042290895       1.351255648604997E-002
   19.5929574126913       1.287785660823978E-002
   19.7898699083618       1.226739487754294E-002
   19.9887614075148       1.168051015857041E-002
   20.1896517994659       1.111654851673237E-002
   20.3925611734217       1.057486355236213E-002
   20.5975098204887       1.005481671784238E-002
   20.8045182357024       9.555777618571846E-003
   21.0136071200768       9.077124297337136E-003
   21.2247973826747       8.618243502874583E-003
   21.4381101426982       8.178530942212244E-003
   21.6535667316011       7.757391517527469E-003
   21.8711886952218       7.354239547139979E-003
   22.0909977959382       6.968498971333350E-003
   22.3130160148434       6.599603542656473E-003
   22.5372655539442       6.246997001362864E-003
   22.7637688383816       5.910133235674528E-003
   22.9925485186728       5.588476427498536E-003
   23.2236274729763       5.281501183322594E-003
   23.4570288093801       4.988692650893417E-003
   23.6927758682126       4.709546621447245E-003
   23.9308922243758       4.443569618077216E-003
   24.1714016897040       4.190278970052746E-003
   24.4143283153441       3.949202873661928E-003
   24.6596963941610       3.719880439439368E-003
   24.9075304631672       3.501861726342202E-003
   25.1578553059760       3.294707762784587E-003
   25.4106959552804       3.097990555089396E-003
   25.6660776953560       2.911293083315938E-003
   25.9240260645895       2.734209285021512E-003
   26.1845668580330       2.566344026964124E-003
   26.4477261299828       2.407313065305571E-003
   26.7135301965854       2.256742994369982E-003
   26.9820056384691       2.114271184519886E-003
   27.2531793034017       1.979545709251145E-003
   27.5270783089756       1.852225262072432E-003
   27.8037300453198       1.731979063314544E-003
   28.0831621778384       1.618486757438818E-003
   28.3654026499774       1.511438301030948E-003
   28.6504796860194       1.410533842052271E-003
   28.9384217939055       1.315483590572293E-003
   29.2292577680863       1.226007681555877E-003
   29.5230166924018       1.141836029962220E-003
   29.8197279429891       1.062708178728409E-003
   30.1194211912206       9.883731399234425E-004
   30.4221264066708       9.185892296424012E-004
   30.7278738601135       8.531238969505215E-004
   31.0366941265489       7.917535474408592E-004
   31.3486180882609       7.342633617340231E-004
   31.6636769379057       6.804471094745931E-004
   31.9819021816308       6.301069591661275E-004
   32.3033256422257       5.830532843870075E-004
   32.6279794623044       5.391044667370289E-004
   32.9558961075193       4.980866960409007E-004
   33.2871083698084       4.598337681605637E-004
   33.6216493706737       4.241868809218114E-004
   33.9595525644943       3.909944285026028E-004
   34.3008517418711       3.601117947637064E-004
   34.6455810330062       3.314011458600501E-004
   34.9937749111159       3.047312225872277E-004
   35.3454681958784       2.799771327903437E-004
   35.7006960569151       2.570201442624198E-004
   36.0594940173082       2.357474784445681E-004
   36.4218979571527       2.160521053244099E-004
   36.7879441171446       1.978325398245940E-004
   37.1576691022050       1.809926400434723E-004
   37.5311098851404       1.654414076152707E-004
   37.9083038103403       1.510927905153193E-004
   38.2892885975116       1.378654885505483E-004
   38.6741023454505       1.256827618233163E-004
   39.0627835358525       1.144722423798525E-004
   39.4553710371605       1.041657492933930E-004
   39.8519041084518       9.469910736307979E-005
   40.2524224033640       8.601196964063212E-005
   40.6569659740603       7.804764393485636E-005
   41.0655752752350       7.075292346827771E-005
   41.4782911681585       6.407792180470554E-005
   41.8951549247643       5.797591218509391E-005
   42.3162082317753       5.240317135953923E-005
   42.7414931948731       4.731882801711843E-005
   43.1710523429084       4.268471587124179E-005
   43.6049286321540       3.846523146825561E-005
   44.0431654506003       3.462719674808049E-005
   44.4858066222945       3.113972639272512E-005
   44.9328964117226       2.797409996427335E-005
   45.3844795282360       2.510363883869217E-005
   45.8406011305228       2.250358791192915E-005
   46.3013068311232       2.015100205782517E-005
   46.7666427009913       1.802463729153247E-005
   47.2366552741019       1.610484659401582E-005
   47.7113915521038       1.437348033111927E-005
   48.1908990090206       1.281379120183914E-005
   48.6752255959976       1.141034363179939E-005
   49.1644197460969       1.014892752871418E-005
   49.6585303791413       9.016476301148829E-006
   50.1576069066059       8.000989042597140E-006
   50.6616992365594       7.091456770316980E-006
   51.1708577786546       6.277792609210284E-006
   51.6851334491703       5.550765801089084E-006
   52.2045776761020       4.901939420809026E-006
   52.7292424043052       4.323611673177605E-006
   53.2591801006901       3.808760646084953E-006
   53.7944437594678       3.350992389844947E-006
   54.3350869074504       2.944492194734475E-006
   54.8811636094030       2.583978935123031E-006
   55.4327284734511       2.264662351063424E-006
   55.9898366565406       1.982203136241268E-006
   56.5525438699541       1.732675704124706E-006
   57.1209063848819       1.512533503572451E-006
   57.6949810380490       1.318576758528561E-006
   58.2748252373993       1.147922507016668E-006
   58.8604969678359       9.979768183857324E-007
   59.4520547970198       8.664090693018500E-007
   60.0495578812270       7.511281630184593E-007
   60.6530659712637       6.502605787627093E-007
   61.2626394184420       5.621301423337802E-007
   61.8783391806144       4.852394118978143E-007
   62.5002268282704       4.182525773612157E-007
   63.1283645506930       3.599797750137484E-007
   63.7628151621777       3.093627235888993E-007
   64.4036421083145       2.654615914745915E-007
   65.0509094723320       2.274430092464606E-007
   65.7046819815060       1.945691454302584E-007
   66.3650250136323       1.661877677548984E-007
   67.0320046035642       1.417232159299906E-007
   67.7056874498168       1.206682161912872E-007
   68.3861409212359       1.025764715826677E-007
   69.0734330637358       8.705596595204910E-008
   69.7676326071034       7.376292324345480E-008
   70.4688089718716       6.239636743817145E-008
   71.1770322762612       5.269323192076850E-008
   71.8923733431929       4.442397055170920E-008
   72.6149037073694       3.738862592875446E-008
   73.3446956224292       3.141331353800617E-008
   74.0818220681720       2.634708344521878E-008
   74.8263567578568       2.205912409925462E-008
   75.5783741455728       1.843627550197078E-008
   76.3379494336856       1.538082162051327E-008
   77.1051585803569       1.280853432641191E-008
   77.8800783071407       1.064694347325391E-008
   78.6627861066556       8.833809861678867E-009
   79.4533602503336       7.315779878894198E-009
   80.2518797962481       6.047202491278976E-009
   81.0584245970189       4.989091005886751E-009
   81.8730753077984       4.108213696543679E-009
   82.6959133943364       3.376298856452958E-009
   83.5270211411274       2.769341281656360E-009
   84.3664816596386       2.266998458079005E-009
   85.2143788966213       1.852065917882713E-009
   86.0707976425060       1.510022322262709E-009
   86.9358235398808       1.228635819030323E-009
   87.8095430920563       9.976241346590800E-010
   88.6920436717159       8.083616834824612E-010
   89.5834135296530       6.536277283895160E-010
   90.4837418035961       5.273903032392854E-010
   91.3931185271229       4.246212224187263E-010
   92.3116346386637       3.411380491770307E-010
   93.2393819905949       2.734693879035559E-010
   94.1764533584250       2.187403462344363E-010
   95.1229424500715       1.745752919654075E-010
   96.0789439152324       1.390155505425892E-010
   97.0445533548509       1.104498619213350E-010
   98.0198673306756       8.755622362490483E-011
   99.0049833749169       6.925161141759522E-011
   100.000000000000       5.465202090347013E-011
