  0.0000000000E+00  0.0000000000E+00  0.0000000000E+00
  3.0000000000E-04 -9.1166926827E-15 -9.0282943493E-19
  1.2000000000E-03 -3.6456300078E-14 -1.4442465888E-17
  2.7000000000E-03 -8.1987422774E-14 -7.3091321233E-17
  4.8000000000E-03 -1.4565777023E-13 -2.3090000728E-16
  7.5000000000E-03 -2.2739422344E-13 -5.6339234252E-16
  1.0800000000E-02 -3.2710292254E-13 -1.1674185988E-15
  1.4700000000E-02 -4.4466937926E-13 -2.1609672247E-15
  1.9200000000E-02 -5.7995861409E-13 -3.6829353497E-15
  2.4300000000E-02 -7.3281531790E-13 -5.8928584385E-15
  3.0000000000E-02 -9.0306403798E-13 -8.9705995337E-15
  3.6300000000E-02 -1.0905093880E-12 -1.3115998586E-14
  4.3200000000E-02 -1.2949362821E-12 -1.8548482442E-14
  5.0700000000E-02 -1.5161101918E-12 -2.5506636112E-14
  5.8800000000E-02 -1.7537774271E-12 -3.4247736019E-14
  6.7500000000E-02 -2.0076654393E-12 -4.5047245980E-14
  7.6800000000E-02 -2.2774831471E-12 -5.8198276728E-14
  8.6700000000E-02 -2.5629212844E-12 -7.4011009854E-14
  9.7200000000E-02 -2.8636527693E-12 -9.2812087105E-14
  1.0830000000E-01 -3.1793330951E-12 -1.1494396601E-13
  1.2000000000E-01 -3.5096007409E-12 -1.4076424291E-13
  1.3230000000E-01 -3.8540776026E-12 -1.7064494440E-13
  1.4520000000E-01 -4.2123694440E-12 -2.0497178850E-13
  1.5870000000E-01 -4.5840663661E-12 -2.4414341654E-13
  1.7280000000E-01 -4.9687432948E-12 -2.8857059716E-13
  1.8750000000E-01 -5.3659604869E-12 -3.3867540369E-13
  2.0280000000E-01 -5.7752640524E-12 -3.9489036612E-13
  2.1870000000E-01 -6.1961864941E-12 -4.5765759926E-13
  2.3520000000E-01 -6.6282472618E-12 -5.2742790829E-13
  2.5230000000E-01 -7.0709533226E-12 -6.0465987326E-13
  2.7000000000E-01 -7.5237997451E-12 -6.8981891404E-13
  2.8830000000E-01 -7.9862702966E-12 -7.8337633717E-13
  3.0720000000E-01 -8.4578380539E-12 -8.8580836626E-13
  3.2670000000E-01 -8.9379660260E-12 -9.9759515737E-13
  3.4680000000E-01 -9.4261077873E-12 -1.1192198011E-12
  3.6750000000E-01 -9.9217081222E-12 -1.2511673133E-12
  3.8880000000E-01 -1.0424203679E-11 -1.3939236147E-12
  4.1070000000E-01 -1.0933023631E-11 -1.5479745039E-12
  4.3320000000E-01 -1.1447590349E-11 -1.7138046219E-12
  4.5630000000E-01 -1.1967320079E-11 -1.8918964126E-12
  4.8000000000E-01 -1.2491623624E-11 -2.0827290799E-12
  5.0430000000E-01 -1.3019907033E-11 -2.2867775430E-12
  5.2920000000E-01 -1.3551572300E-11 -2.5045113919E-12
  5.5470000000E-01 -1.4086018054E-11 -2.7363938450E-12
  5.8080000000E-01 -1.4622640266E-11 -2.9828807097E-12
  6.0750000000E-01 -1.5160832944E-11 -3.2444193489E-12
  6.3480000000E-01 -1.5699988844E-11 -3.5214476541E-12
  6.6270000000E-01 -1.6239500168E-11 -3.8143930273E-12
  6.9120000000E-01 -1.6778759268E-11 -4.1236713735E-12
  7.2030000000E-01 -1.7317159349E-11 -4.4496861048E-12
  7.5000000000E-01 -1.7854095163E-11 -4.7928271589E-12
  7.8030000000E-01 -1.8388963709E-11 -5.1534700318E-12
  8.1120000000E-01 -1.8921164921E-11 -5.5319748291E-12
  8.4270000000E-01 -1.9450102358E-11 -5.9286853344E-12
  8.7480000000E-01 -1.9975183879E-11 -6.3439280986E-12
  9.0750000000E-01 -2.0495822319E-11 -6.7780115508E-12
  9.4080000000E-01 -2.1011436155E-11 -7.2312251322E-12
  9.7470000000E-01 -2.1521450166E-11 -7.7038384549E-12
  1.0092000000E+00 -2.2025296075E-11 -8.1961004865E-12
  1.0443000000E+00 -2.2522413196E-11 -8.7082387624E-12
  1.0800000000E+00 -2.3012249053E-11 -9.2404586272E-12
  1.1163000000E+00 -2.3494260006E-11 -9.7929425054E-12
  1.1532000000E+00 -2.3967911845E-11 -1.0365849205E-11
  1.1907000000E+00 -2.4432680391E-11 -1.0959313251E-11
  1.2288000000E+00 -2.4888052066E-11 -1.1573444259E-11
  1.2675000000E+00 -2.5333524461E-11 -1.2208326333E-11
  1.3068000000E+00 -2.5768606885E-11 -1.2864017512E-11
  1.3467000000E+00 -2.6192820892E-11 -1.3540549242E-11
  1.3872000000E+00 -2.6605700806E-11 -1.4237925896E-11
  1.4283000000E+00 -2.7006794212E-11 -1.4956124325E-11
  1.4700000000E+00 -2.7395662447E-11 -1.5695093453E-11
  1.5123000000E+00 -2.7771881059E-11 -1.6454753912E-11
  1.5552000000E+00 -2.8135040252E-11 -1.7234997718E-11
  1.5987000000E+00 -2.8484745320E-11 -1.8035687988E-11
  1.6428000000E+00 -2.8820617046E-11 -1.8856658702E-11
  1.6875000000E+00 -2.9142292095E-11 -1.9697714505E-11
  1.7328000000E+00 -2.9449423381E-11 -2.0558630555E-11
  1.7787000000E+00 -2.9741680411E-11 -2.1439152413E-11
  1.8252000000E+00 -3.0018749613E-11 -2.2338995981E-11
  1.8723000000E+00 -3.0280334639E-11 -2.3257847478E-11
  1.9200000000E+00 -3.0526156649E-11 -2.4195363469E-11
  1.9683000000E+00 -3.0755954569E-11 -2.5151170932E-11
  2.0172000000E+00 -3.0969485329E-11 -2.6124867375E-11
  2.0667000000E+00 -3.1166524082E-11 -2.7116020992E-11
  2.1168000000E+00 -3.1346864393E-11 -2.8124170873E-11
  2.1675000000E+00 -3.1510318414E-11 -2.9148827248E-11
  2.2188000000E+00 -3.1656717023E-11 -3.0189471786E-11
  2.2707000000E+00 -3.1785909958E-11 -3.1245557929E-11
  2.3232000000E+00 -3.1897765911E-11 -3.2316511280E-11
  2.3763000000E+00 -3.1992172608E-11 -3.3401730024E-11
  2.4300000000E+00 -3.2069036863E-11 -3.4500585397E-11
  2.4843000000E+00 -3.2128284611E-11 -3.5612422204E-11
  2.5392000000E+00 -3.2169860914E-11 -3.6736559365E-11
  2.5947000000E+00 -3.2193729948E-11 -3.7872290516E-11
  2.6508000000E+00 -3.2199874964E-11 -3.9018884641E-11
  2.7075000000E+00 -3.2188298229E-11 -4.0175586749E-11
  2.7648000000E+00 -3.2159020940E-11 -4.1341618588E-11
  2.8227000000E+00 -3.2112083123E-11 -4.2516179397E-11
  2.8812000000E+00 -3.2047543500E-11 -4.3698446696E-11
  2.9403000000E+00 -3.1965479344E-11 -4.4887577115E-11
  3.0000000000E+00 -3.1865986303E-11 -4.6082707245E-11
  3.0603000000E+00 -3.1749178210E-11 -4.7282954544E-11
  3.1212000000E+00 -3.1615186871E-11 -4.8487418255E-11
  3.1827000000E+00 -3.1464161826E-11 -4.9695180369E-11
  3.2448000000E+00 -3.1296270095E-11 -5.0905306611E-11
  3.3075000000E+00 -3.1111695906E-11 -5.2116847461E-11
  3.3708000000E+00 -3.0910640400E-11 -5.3328839193E-11
  3.4347000000E+00 -3.0693321317E-11 -5.4540304952E-11
  3.4992000000E+00 -3.0459972661E-11 -5.5750255842E-11
  3.5643000000E+00 -3.0210844358E-11 -5.6957692053E-11
  3.6300000000E+00 -2.9946201883E-11 -5.8161603993E-11
  3.6963000000E+00 -2.9666325876E-11 -5.9360973452E-11
  3.7632000000E+00 -2.9371511744E-11 -6.0554774777E-11
  3.8307000000E+00 -2.9062069243E-11 -6.1741976072E-11
  3.8988000000E+00 -2.8738322046E-11 -6.2921540400E-11
  3.9675000000E+00 -2.8400607301E-11 -6.4092427015E-11
  4.0368000000E+00 -2.8049275163E-11 -6.5253592590E-11
  4.1067000000E+00 -2.7684688329E-11 -6.6403992465E-11
  4.1772000000E+00 -2.7307221547E-11 -6.7542581900E-11
  4.2483000000E+00 -2.6917261118E-11 -6.8668317334E-11
  4.3200000000E+00 -2.6515204390E-11 -6.9780157650E-11
  4.3923000000E+00 -2.6101459236E-11 -7.0877065441E-11
  4.4652000000E+00 -2.5676443523E-11 -7.1958008282E-11
  4.5387000000E+00 -2.5240584576E-11 -7.3021959994E-11
  4.6128000000E+00 -2.4794318631E-11 -7.4067901911E-11
  4.6875000000E+00 -2.4338090276E-11 -7.5094824143E-11
  4.7628000000E+00 -2.3872351895E-11 -7.6101726830E-11
  4.8387000000E+00 -2.3397563094E-11 -7.7087621392E-11
  4.9152000000E+00 -2.2914190133E-11 -7.8051531762E-11
  4.9923000000E+00 -2.2422705344E-11 -7.8992495623E-11
  5.0700000000E+00 -2.1923586551E-11 -7.9909565614E-11
  5.1483000000E+00 -2.1417316487E-11 -8.0801810533E-11
  5.2272000000E+00 -2.0904382201E-11 -8.1668316521E-11
  5.3067000000E+00 -2.0385274472E-11 -8.2508188230E-11
  5.3868000000E+00 -1.9860487221E-11 -8.3320549964E-11
  5.4675000000E+00 -1.9330516919E-11 -8.4104546807E-11
  5.5488000000E+00 -1.8795861995E-11 -8.4859345727E-11
  5.6307000000E+00 -1.8257022252E-11 -8.5584136650E-11
  5.7132000000E+00 -1.7714498280E-11 -8.6278133515E-11
  5.7963000000E+00 -1.7168790871E-11 -8.6940575296E-11
  5.8800000000E+00 -1.6620400442E-11 -8.7570727002E-11
  5.9643000000E+00 -1.6069826458E-11 -8.8167880638E-11
  6.0492000000E+00 -1.5517566863E-11 -8.8731356143E-11
  6.1347000000E+00 -1.4964117513E-11 -8.9260502288E-11
  6.2208000000E+00 -1.4409971623E-11 -8.9754697547E-11
  6.3075000000E+00 -1.3855619210E-11 -9.0213350926E-11
  6.3948000000E+00 -1.3301546554E-11 -9.0635902759E-11
  6.4827000000E+00 -1.2748235662E-11 -9.1021825465E-11
  6.5712000000E+00 -1.2196163738E-11 -9.1370624270E-11
  6.6603000000E+00 -1.1645802675E-11 -9.1681837882E-11
  6.7500000000E+00 -1.1097618540E-11 -9.1955039132E-11
  6.8403000000E+00 -1.0552071085E-11 -9.2189835572E-11
  6.9312000000E+00 -1.0009613260E-11 -9.2385870026E-11
  7.0227000000E+00 -9.4706907399E-12 -9.2542821107E-11
  7.1148000000E+00 -8.9357414691E-12 -9.2660403677E-11
  7.2075000000E+00 -8.4051952103E-12 -9.2738369277E-11
  7.3008000000E+00 -7.8794731134E-12 -9.2776506501E-11
  7.3947000000E+00 -7.3589872956E-12 -9.2774641329E-11
  7.4892000000E+00 -6.8441404364E-12 -9.2732637413E-11
  7.5843000000E+00 -6.3353253869E-12 -9.2650396315E-11
  7.6800000000E+00 -5.8329247951E-12 -9.2527857703E-11
  7.7763000000E+00 -5.3373107456E-12 -9.2364999492E-11
  7.8732000000E+00 -4.8488444166E-12 -9.2161837945E-11
  7.9707000000E+00 -4.3678757515E-12 -9.1918427722E-11
  8.0688000000E+00 -3.8947431483E-12 -9.1634861884E-11
  8.1675000000E+00 -3.4297731654E-12 -9.1311271847E-11
  8.2668000000E+00 -2.9732802441E-12 -9.0947827292E-11
  8.3667000000E+00 -2.5255664488E-12 -9.0544736021E-11
  8.4672000000E+00 -2.0869212250E-12 -9.0102243778E-11
  8.5683000000E+00 -1.6576211738E-12 -8.9620634006E-11
  8.6700000000E+00 -1.2379298458E-12 -8.9100227575E-11
  8.7723000000E+00 -8.2809755193E-13 -8.8541382450E-11
  8.8752000000E+00 -4.2836119254E-13 -8.7944493322E-11
  8.9787000000E+00 -3.8944105059E-14 -8.7309991190E-11
  9.0828000000E+00  3.3994407052E-13 -8.6638342897E-11
  9.1875000000E+00  7.0810750765E-13 -8.5930050627E-11
  9.2928000000E+00  1.0653642911E-12 -8.5185651354E-11
  9.3987000000E+00  1.4115464963E-12 -8.4405716249E-11
  9.5052000000E+00  1.7465002511E-12 -8.3590850050E-11
  9.6123000000E+00  2.0700857782E-12 -8.2741690383E-11
  9.7200000000E+00  2.3821774207E-12 -8.1858907052E-11
  9.8283000000E+00  2.6826636494E-12 -8.0943201281E-11
  9.9372000000E+00  2.9714470513E-12 -7.9995304929E-11
  1.0046700000E+01  3.2484443017E-12 -7.9015979657E-11
  1.0156800000E+01  3.5135861185E-12 -7.8006016064E-11
  1.0267500000E+01  3.7668171982E-12 -7.6966232793E-11
  1.0378800000E+01  4.0080961364E-12 -7.5897475596E-11
  1.0490700000E+01  4.2373953302E-12 -7.4800616375E-11
  1.0603200000E+01  4.4547008651E-12 -7.3676552180E-11
  1.0716300000E+01  4.6600123841E-12 -7.2526204195E-11
  1.0830000000E+01  4.8533429430E-12 -7.1350516680E-11
  1.0944300000E+01  5.0347188478E-12 -7.0150455897E-11
  1.1059200000E+01  5.2041794787E-12 -6.8927009003E-11
  1.1174700000E+01  5.3617770978E-12 -6.7681182930E-11
  1.1290800000E+01  5.5075766432E-12 -6.6414003231E-11
  1.1407500000E+01  5.6416555082E-12 -6.5126512915E-11
  1.1524800000E+01  5.7641033076E-12 -6.3819771255E-11
  1.1642700000E+01  5.8750216297E-12 -6.2494852588E-11
  1.1761200000E+01  5.9745237764E-12 -6.1152845091E-11
  1.1880300000E+01  6.0627344901E-12 -5.9794849549E-11
  1.2000000000E+01  6.1397896693E-12 -5.8421978103E-11
  1.2120300000E+01  6.2058360726E-12 -5.7035352997E-11
  1.2241200000E+01  6.2610310110E-12 -5.5636105311E-11
  1.2362700000E+01  6.3055420312E-12 -5.4225373682E-11
  1.2484800000E+01  6.3395465876E-12 -5.2804303030E-11
  1.2607500000E+01  6.3632317056E-12 -5.1374043270E-11
  1.2730800000E+01  6.3767936362E-12 -4.9935748025E-11
  1.2854700000E+01  6.3804375013E-12 -4.8490573345E-11
  1.2979200000E+01  6.3743769326E-12 -4.7039676412E-11
  1.3104300000E+01  6.3588337022E-12 -4.5584214267E-11
  1.3230000000E+01  6.3340373470E-12 -4.4125342520E-11
  1.3356300000E+01  6.3002247868E-12 -4.2664214088E-11
  1.3483200000E+01  6.2576399374E-12 -4.1201977924E-11
  1.3610700000E+01  6.2065333178E-12 -3.9739777760E-11
  1.3738800000E+01  6.1471616542E-12 -3.8278750866E-11
  1.3867500000E+01  6.0797874789E-12 -3.6820026818E-11
  1.3996800000E+01  6.0046787273E-12 -3.5364726275E-11
  1.4126700000E+01  5.9221083313E-12 -3.3913959781E-11
  1.4257200000E+01  5.8323538107E-12 -3.2468826577E-11
  1.4388300000E+01  5.7356968640E-12 -3.1030413435E-11
  1.4520000000E+01  5.6324229567E-12 -2.9599793511E-11
  1.4652300000E+01  5.5228209109E-12 -2.8178025222E-11
  1.4785200000E+01  5.4071824941E-12 -2.6766151138E-11
  1.4918700000E+01  5.2858020085E-12 -2.5365196910E-11
  1.5052800000E+01  5.1589758826E-12 -2.3976170213E-11
  1.5187500000E+01  5.0270022640E-12 -2.2600059721E-11
  1.5322800000E+01  4.8901806144E-12 -2.1237834113E-11
  1.5458700000E+01  4.7488113080E-12 -1.9890441097E-11
  1.5595200000E+01  4.6031952330E-12 -1.8558806479E-11
  1.5732300000E+01  4.4536333971E-12 -1.7243833254E-11
  1.5870000000E+01  4.3004265375E-12 -1.5946400728E-11
  1.6008300000E+01  4.1438747356E-12 -1.4667363682E-11
  1.6147200000E+01  3.9842770374E-12 -1.3407551564E-11
  1.6286700000E+01  3.8219310798E-12 -1.2167767719E-11
  1.6426800000E+01  3.6571327223E-12 -1.0948788651E-11
  1.6567500000E+01  3.4901756871E-12 -9.7513633285E-12
  1.6708800000E+01  3.3213512046E-12 -8.5762125241E-12
  1.6850700000E+01  3.1509476681E-12 -7.4240281913E-12
  1.6993200000E+01  2.9792502949E-12 -6.2954728828E-12
  1.7136300000E+01  2.8065407972E-12 -5.1911792072E-12
  1.7280000000E+01  2.6330970609E-12 -4.1117493260E-12
  1.7424300000E+01  2.4591928337E-12 -3.0577544913E-12
  1.7569200000E+01  2.2850974224E-12 -2.0297346242E-12
  1.7714700000E+01  2.1110754006E-12 -1.0281979345E-12
  1.7860800000E+01  1.9373863256E-12 -5.3620581971E-14
  1.8007500000E+01  1.7642844661E-12  8.9355362025E-13
  1.8154800000E+01  1.5920185405E-12  1.8129134610E-12
  1.8302700000E+01  1.4208314659E-12  2.7040805437E-12
  1.8451200000E+01  1.2509601181E-12  3.5667094576E-12
  1.8600300000E+01  1.0826351031E-12  4.4004879063E-12
  1.8750000000E+01  9.1608054018E-13  5.2051367944E-12
  1.8900300000E+01  7.5151385584E-13  5.9804102730E-12
  1.9051200000E+01  5.8914559074E-13  6.7260957426E-12
  1.9202700000E+01  4.2917921770E-13  7.4420138150E-12
  1.9354800000E+01  2.7181097217E-13  8.1280182341E-12
  1.9507500000E+01  1.1722969476E-13  8.7839957561E-12
  1.9660800000E+01 -3.4383313939E-14  9.4098659886E-12
  1.9814700000E+01 -1.8285442618E-13  1.0005581191E-11
  1.9969200000E+01 -3.2801780754E-13  1.0571126034E-11
  2.0124300000E+01 -4.6971552497E-13  1.1106517322E-11
  2.0280000000E+01 -6.0779764245E-13  1.1611803677E-11
  2.0436300000E+01 -7.4212230416E-13  1.2087065181E-11
  2.0593200000E+01 -8.7255580539E-13  1.2532412991E-11
  2.0750700000E+01 -9.9897265093E-13  1.2947988907E-11
  2.0908800000E+01 -1.1212556014E-12  1.3333964910E-11
  2.1067500000E+01 -1.2392957069E-12  1.3690542670E-11
  2.1226800000E+01 -1.3529923295E-12  1.4017953010E-11
  2.1386700000E+01 -1.4622531525E-12  1.4316455347E-11
  2.1547200000E+01 -1.5669941785E-12  1.4586337098E-11
  2.1708300000E+01 -1.6671397160E-12  1.4827913053E-11
  2.1870000000E+01 -1.7626223536E-12  1.5041524721E-11
  2.2032300000E+01 -1.8533829235E-12  1.5227539651E-11
  2.2195200000E+01 -1.9393704534E-12  1.5386350718E-11
  2.2358700000E+01 -2.0205421077E-12  1.5518375386E-11
  2.2522800000E+01 -2.0968631174E-12  1.5624054952E-11
  2.2687500000E+01 -2.1683066998E-12  1.5703853758E-11
  2.2852800000E+01 -2.2348539680E-12  1.5758258381E-11
  2.3018700000E+01 -2.2964938299E-12  1.5787776810E-11
  2.3185200000E+01 -2.3532228774E-12  1.5792937594E-11
  2.3352300000E+01 -2.4050452669E-12  1.5774288972E-11
  2.3520000000E+01 -2.4519725892E-12  1.5732397995E-11
  2.3688300000E+01 -2.4940237317E-12  1.5667849619E-11
  2.3857200000E+01 -2.5312247313E-12  1.5581245791E-11
  2.4026700000E+01 -2.5636086189E-12  1.5473204521E-11
  2.4196800000E+01 -2.5912152565E-12  1.5344358941E-11
  2.4367500000E+01 -2.6140911661E-12  1.5195356352E-11
  2.4538800000E+01 -2.6322893517E-12  1.5026857263E-11
  2.4710700000E+01 -2.6458691139E-12  1.4839534424E-11
  2.4883200000E+01 -2.6548958584E-12  1.4634071848E-11
  2.5056300000E+01 -2.6594408976E-12  1.4411163831E-11
  2.5230000000E+01 -2.6595812473E-12  1.4171513970E-11
  2.5404300000E+01 -2.6553994172E-12  1.3915834173E-11
  2.5579200000E+01 -2.6469831963E-12  1.3644843674E-11
  2.5754700000E+01 -2.6344254337E-12  1.3359268043E-11
  2.5930800000E+01 -2.6178238152E-12  1.3059838201E-11
  2.6107500000E+01 -2.5972806360E-12  1.2747289438E-11
  2.6284800000E+01 -2.5729025693E-12  1.2422360434E-11
  2.6462700000E+01 -2.5448004322E-12  1.2085792285E-11
  2.6641200000E+01 -2.5130889485E-12  1.1738327540E-11
  2.6820300000E+01 -2.4778865096E-12  1.1380709239E-11
  2.7000000000E+01 -2.4393149327E-12  1.1013679967E-11
  2.7180300000E+01 -2.3974992177E-12  1.0637980917E-11
  2.7361200000E+01 -2.3525673030E-12  1.0254350960E-11
  2.7542700000E+01 -2.3046498202E-12  9.8635257379E-12
  2.7724800000E+01 -2.2538798481E-12  9.4662367594E-12
  2.7907500000E+01 -2.2003926674E-12  9.0632105189E-12
  2.8090800000E+01 -2.1443255144E-12  8.6551676285E-12
  2.8274700000E+01 -2.0858173368E-12  8.2428219679E-12
  2.8459200000E+01 -2.0250085492E-12  7.8268798532E-12
  2.8644300000E+01 -1.9620407903E-12  7.4080392245E-12
  2.8830000000E+01 -1.8970566827E-12  6.9869888538E-12
  2.9016300000E+01 -1.8301995933E-12  6.5644075746E-12
  2.9203200000E+01 -1.7616133967E-12  6.1409635331E-12
  2.9390700000E+01 -1.6914422418E-12  5.7173134627E-12
  2.9578800000E+01 -1.6198303209E-12  5.2941019820E-12
  2.9767500000E+01 -1.5469216417E-12  4.8719609172E-12
  2.9956800000E+01 -1.4728598039E-12  4.4515086500E-12
  3.0146700000E+01 -1.3977877791E-12  4.0333494910E-12
  3.0337200000E+01 -1.3218476949E-12  3.6180730795E-12
  3.0528300000E+01 -1.2451806238E-12  3.2062538112E-12
  3.0720000000E+01 -1.1679263769E-12  2.7984502922E-12
  3.0912300000E+01 -1.0902233018E-12  2.3952048219E-12
  3.1105200000E+01 -1.0122080871E-12  1.9970429044E-12
  3.1298700000E+01 -9.3401557111E-13  1.6044727886E-12
  3.1492800000E+01 -8.5577855682E-13  1.2179850375E-12
  3.1687500000E+01 -7.7762763305E-13  8.3805212751E-13
  3.1882800000E+01 -6.9969100120E-13  4.6512807717E-13
  3.2078700000E+01 -6.2209430859E-13  9.9648106173E-14
  3.2275200000E+01 -5.4496048817E-13 -2.5797167537E-13
  3.2472300000E+01 -4.6840960496E-13 -6.0733454732E-13
  3.2670000000E+01 -3.9255870918E-13 -9.4806342945E-13
  3.2868300000E+01 -3.1752169638E-13 -1.2798011008E-12
  3.3067200000E+01 -2.4340917459E-13 -1.6022103888E-12
  3.3266700000E+01 -1.7032833864E-13 -1.9149743275E-12
  3.3466800000E+01 -9.8382851735E-14 -2.2177962858E-12
  3.3667500000E+01 -2.7672734444E-14 -2.5104000655E-12
  3.3868800000E+01  4.1705738974E-14 -2.7925299693E-12
  3.4070700000E+01  1.0966013667E-13 -3.0639508386E-12
  3.4273200000E+01  1.7610195782E-13 -3.3244480623E-12
  3.4476300000E+01  2.4094671359E-13 -3.5738275564E-12
  3.4680000000E+01  3.0411400055E-13 -3.8119157139E-12
  3.4884300000E+01  3.6552756648E-13 -4.0385593277E-12
  3.5089200000E+01  4.2511536846E-13 -4.2536254837E-12
  3.5294700000E+01  4.8280962346E-13 -4.4570014276E-12
  3.5500800000E+01  5.3854685125E-13 -4.6485944043E-12
  3.5707500000E+01  5.9226790983E-13 -4.8283314702E-12
  3.5914800000E+01  6.4391802329E-13 -4.9961592804E-12
  3.6122700000E+01  6.9344680223E-13 -5.1520438495E-12
  3.6331200000E+01  7.4080825682E-13 -5.2959702885E-12
  3.6540300000E+01  7.8596080255E-13 -5.4279425172E-12
  3.6750000000E+01  8.2886725873E-13 -5.5479829532E-12
  3.6960300000E+01  8.6949483991E-13 -5.6561321786E-12
  3.7171200000E+01  9.0781514027E-13 -5.7524485837E-12
  3.7382700000E+01  9.4380411114E-13 -5.8370079911E-12
  3.7594800000E+01  9.7744203177E-13 -5.9099032583E-12
  3.7807500000E+01  1.0087134734E-12 -5.9712438610E-12
  3.8020800000E+01  1.0376072571E-12 -6.0211554579E-12
  3.8234700000E+01  1.0641164050E-12 -6.0597794376E-12
  3.8449200000E+01  1.0882380852E-12 -6.0872724484E-12
  3.8664300000E+01  1.1099735518E-12 -6.1038059121E-12
  3.8880000000E+01  1.1293280774E-12 -6.1095655228E-12
  3.9096300000E+01  1.1463108816E-12 -6.1047507312E-12
  3.9313200000E+01  1.1609350529E-12 -6.0895742156E-12
  3.9530700000E+01  1.1732174663E-12 -6.0642613413E-12
  3.9748800000E+01  1.1831786951E-12 -6.0290496071E-12
  3.9967500000E+01  1.1908429185E-12 -5.9841880830E-12
  4.0186800000E+01  1.1962378242E-12 -5.9299368372E-12
  4.0406700000E+01  1.1993945069E-12 -5.8665663553E-12
  4.0627200000E+01  1.2003473627E-12 -5.7943569520E-12
  4.0848300000E+01  1.1991339790E-12 -5.7135981753E-12
  4.1070000000E+01  1.1957950215E-12 -5.6245882068E-12
  4.1292300000E+01  1.1903741176E-12 -5.5276332558E-12
  4.1515200000E+01  1.1829177359E-12 -5.4230469506E-12
  4.1738700000E+01  1.1734750637E-12 -5.3111497272E-12
  4.1962800000E+01  1.1620978811E-12 -5.1922682159E-12
  4.2187500000E+01  1.1488404328E-12 -5.0667346274E-12
  4.2412800000E+01  1.1337592982E-12 -4.9348861389E-12
  4.2638700000E+01  1.1169132582E-12 -4.7970642819E-12
  4.2865200000E+01  1.0983631617E-12 -4.6536143312E-12
  4.3092300000E+01  1.0781717900E-12 -4.5048846976E-12
  4.3320000000E+01  1.0564037194E-12 -4.3512263238E-12
  4.3548300000E+01  1.0331251839E-12 -4.1929920859E-12
  4.3777200000E+01  1.0084039364E-12 -4.0305361994E-12
  4.4006700000E+01  9.8230910904E-13 -3.8642136326E-12
  4.4236800000E+01  9.5491107453E-13 -3.6943795270E-12
  4.4467500000E+01  9.2628130606E-13 -3.5213886250E-12
  4.4698800000E+01  8.9649223814E-13 -3.3455947078E-12
  4.4930700000E+01  8.6561712768E-13 -3.1673500417E-12
  4.5163200000E+01  8.3372991570E-13 -2.9870048355E-12
  4.5396300000E+01  8.0090508984E-13 -2.8049067086E-12
  4.5630000000E+01  7.6721754804E-13 -2.6214001708E-12
  4.5864300000E+01  7.3274246349E-13 -2.4368261150E-12
  4.6099200000E+01  6.9755515100E-13 -2.2515213220E-12
  4.6334700000E+01  6.6173093516E-13 -2.0658179800E-12
  4.6570800000E+01  6.2534502036E-13 -1.8800432176E-12
  4.6807500000E+01  5.8847236293E-13 -1.6945186521E-12
  4.7044800000E+01  5.5118754550E-13 -1.5095599523E-12
  4.7282700000E+01  5.1356465388E-13 -1.3254764180E-12
  4.7521200000E+01  4.7567715654E-13 -1.1425705753E-12
  4.7760300000E+01  4.3759778691E-13 -9.6113778832E-13
  4.8000000000E+01  3.9939842864E-13 -7.8146588876E-13
  4.8240300000E+01  3.6115000392E-13 -6.0383482207E-13
  4.8481200000E+01  3.2292236517E-13 -4.2851631190E-13
  4.8722700000E+01  2.8478419002E-13 -2.5577354248E-13
  4.8964800000E+01  2.4680287988E-13 -8.5860859389E-14
  4.9207500000E+01  2.0904446219E-13  8.0976511100E-14
  4.9450800000E+01  1.7157349635E-13  2.4450272390E-13
  4.9694700000E+01  1.3445298366E-13  4.0449155795E-13
  4.9939200000E+01  9.7744281106E-14  5.6072664001E-13
  5.0184300000E+01  6.1507019335E-14  7.1300164917E-13
  5.0430000000E+01  2.5799024724E-14  8.6112050207E-13
  5.0676300000E+01 -9.3237542904E-15  1.0048975188E-12
  5.0923200000E+01 -4.3807316586E-14  1.1441575693E-12
  5.1170700000E+01 -7.7599673358E-14  1.2787362007E-12
  5.1418800000E+01 -1.1065090871E-13  1.4084797449E-12
  5.1667500000E+01 -1.4291323579E-13  1.5332454074E-12
  5.1916800000E+01 -1.7434104839E-13  1.6529013366E-12
  5.2166700000E+01 -2.0489096808E-13  1.7673266745E-12
  5.2417200000E+01 -2.3452188679E-13  1.8764115881E-12
  5.2668300000E+01 -2.6319500474E-13  1.9800572828E-12
  5.2920000000E+01 -2.9087386395E-13  2.0781759964E-12
  5.3172300000E+01 -3.1752437710E-13  2.1706909766E-12
  5.3425200000E+01 -3.4311485189E-13  2.2575364385E-12
  5.3678700000E+01 -3.6761601083E-13  2.3386575063E-12
  5.3932800000E+01 -3.9100100656E-13  2.4140101369E-12
  5.4187500000E+01 -4.1324543272E-13  2.4835610267E-12
  5.4442800000E+01 -4.3432733038E-13  2.5472875017E-12
  5.4698700000E+01 -4.5422719007E-13  2.6051773923E-12
  5.4955200000E+01 -4.7292794953E-13  2.6572288911E-12
  5.5212300000E+01 -4.9041498718E-13  2.7034503964E-12
  5.5470000000E+01 -5.0667611141E-13  2.7438603405E-12
  5.5728300000E+01 -5.2170154575E-13  2.7784870038E-12
  5.5987200000E+01 -5.3548391000E-13  2.8073683147E-12
  5.6246700000E+01 -5.4801819742E-13  2.8305516368E-12
  5.6506800000E+01 -5.5930174807E-13  2.8480935426E-12
  5.6767500000E+01 -5.6933421841E-13  2.8600595754E-12
  5.7028800000E+01 -5.7811754718E-13  2.8665239990E-12
  5.7290700000E+01 -5.8565591781E-13  2.8675695372E-12
  5.7553200000E+01 -5.9195571738E-13  2.8632871016E-12
  5.7816300000E+01 -5.9702549221E-13  2.8537755099E-12
  5.8080000000E+01 -6.0087590037E-13  2.8391411951E-12
  5.8344300000E+01 -6.0351966100E-13  2.8194979059E-12
  5.8609200000E+01 -6.0497150076E-13  2.7949663980E-12
  5.8874700000E+01 -6.0524809749E-13  2.7656741193E-12
  5.9140800000E+01 -6.0436802115E-13  2.7317548872E-12
  5.9407500000E+01 -6.0235167228E-13  2.6933485600E-12
  5.9674800000E+01 -5.9922121804E-13  2.6506007025E-12
  5.9942700000E+01 -5.9500052600E-13  2.6036622469E-12
  6.0211200000E+01 -5.8971509591E-13  2.5526891487E-12
  6.0480300000E+01 -5.8339198940E-13  2.4978420398E-12
  6.0750000000E+01 -5.7605975800E-13  2.4392858777E-12
  6.1020300000E+01 -5.6774836941E-13  2.3771895924E-12
  6.1291200000E+01 -5.5848913235E-13  2.3117257320E-12
  6.1562700000E+01 -5.4831462006E-13  2.2430701063E-12
  6.1834800000E+01 -5.3725859253E-13  2.1714014304E-12
  6.2107500000E+01 -5.2535591781E-13  2.0969009678E-12
  6.2380800000E+01 -5.1264249233E-13  2.0197521748E-12
  6.2654700000E+01 -4.9915516057E-13  1.9401403457E-12
  6.2929200000E+01 -4.8493163412E-13  1.8582522596E-12
  6.3204300000E+01 -4.7001041027E-13  1.7742758299E-12
  6.3480000000E+01 -4.5443069040E-13  1.6883997568E-12
  6.3756300000E+01 -4.3823229819E-13  1.6008131832E-12
  6.4033200000E+01 -4.2145559784E-13  1.5117053547E-12
  6.4310700000E+01 -4.0414141251E-13  1.4212652838E-12
  6.4588800000E+01 -3.8633094301E-13  1.3296814198E-12
  6.4867500000E+01 -3.6806568694E-13  1.2371413240E-12
  6.5146800000E+01 -3.4938735845E-13  1.1438313506E-12
  6.5426700000E+01 -3.3033780872E-13  1.0499363351E-12
  6.5707200000E+01 -3.1095894722E-13  9.5563928873E-13
  6.5988300000E+01 -2.9129266407E-13  8.6112110065E-13
  6.6270000000E+01 -2.7138075341E-13  7.6656024823E-13
  6.6552300000E+01 -2.5126483803E-13  6.7213251522E-13
  6.6835200000E+01 -2.3098629539E-13  5.7801071878E-13
  6.7118700000E+01 -2.1058618504E-13  4.8436444534E-13
  6.7402800000E+01 -1.9010517768E-13  3.9135979586E-13
  6.7687500000E+01 -1.6958348582E-13  2.9915914072E-13
  6.7972800000E+01 -1.4906079633E-13  2.0792088451E-13
  6.8258700000E+01 -1.2857620479E-13  1.1779924110E-13
  6.8545200000E+01 -1.0816815183E-13  2.8944019130E-14
  6.8832300000E+01 -8.7874361571E-14 -5.8499581781E-14
  6.9120000000E+01 -6.7731782183E-14 -1.4439116385E-13
  6.9408300000E+01 -4.7776528680E-14 -2.2859531287E-13
  6.9697200000E+01 -2.8043828013E-14 -3.1098176864E-13
  6.9986700000E+01 -8.5679665394E-15 -3.9142558395E-13
  7.0276800000E+01  1.0617760075E-14 -4.6980727197E-13
  7.0567500000E+01  2.9481094462E-14 -5.4601294201E-13
  7.0858800000E+01  4.7990862604E-14 -6.1993442341E-13
  7.1150700000E+01  6.6117016301E-14 -6.9146937772E-13
  7.1443200000E+01  8.3830672986E-14 -7.6052139889E-13
  7.1736300000E+01  1.0110415288E-13 -8.2700010160E-13
  7.2030000000E+01  1.1791101341E-13 -8.9082119773E-13
  7.2324300000E+01  1.3422608092E-13 -9.5190656085E-13
  7.2619200000E+01  1.5002547962E-13 -1.0101842789E-12
  7.2914700000E+01  1.6528665774E-13 -1.0655886953E-12
  7.3210800000E+01  1.7998841087E-13 -1.1180604376E-12
  7.3507500000E+01  1.9411090261E-13 -1.1675464359E-12
  7.3804800000E+01  2.0763568230E-13 -1.2139999281E-12
  7.4102700000E+01  2.2054570005E-13 -1.2573804552E-12
  7.4401200000E+01  2.3282531891E-13 -1.2976538447E-12
  7.4700300000E+01  2.4446032436E-13 -1.3347921830E-12
  7.5000000000E+01  2.5543793093E-13 -1.3687737771E-12
  7.5300300000E+01  2.6574678624E-13 -1.3995831057E-12
  7.5601200000E+01  2.7537697220E-13 -1.4272107597E-12
  7.5902700000E+01  2.8432000363E-13 -1.4516533728E-12
  7.6204800000E+01  2.9256882419E-13 -1.4729135420E-12
  7.6507500000E+01  3.0011779979E-13 -1.4909997383E-12
  7.6810800000E+01  3.0696270938E-13 -1.5059262085E-12
  7.7114700000E+01  3.1310073329E-13 -1.5177128673E-12
  7.7419200000E+01  3.1853043910E-13 -1.5263851810E-12
  7.7724300000E+01  3.2325176517E-13 -1.5319740430E-12
  7.8030000000E+01  3.2726600178E-13 -1.5345156406E-12
  7.8336300000E+01  3.3057577006E-13 -1.5340513141E-12
  7.8643200000E+01  3.3318499871E-13 -1.5306274093E-12
  7.8950700000E+01  3.3509889859E-13 -1.5242951216E-12
  7.9258800000E+01  3.3632393526E-13 -1.5151103343E-12
  7.9567500000E+01  3.3686779959E-13 -1.5031334504E-12
  7.9876800000E+01  3.3673937638E-13 -1.4884292185E-12
  8.0186700000E+01  3.3594871131E-13 -1.4710665526E-12
  8.0497200000E+01  3.3450697599E-13 -1.4511183476E-12
  8.0808300000E+01  3.3242643155E-13 -1.4286612892E-12
  8.1120000000E+01  3.2972039053E-13 -1.4037756599E-12
  8.1432300000E+01  3.2640317736E-13 -1.3765451411E-12
  8.1745200000E+01  3.2249008754E-13 -1.3470566112E-12
  8.2058700000E+01  3.1799734537E-13 -1.3153999408E-12
  8.2372800000E+01  3.1294206070E-13 -1.2816677851E-12
  8.2687500000E+01  3.0734218439E-13 -1.2459553743E-12
  8.3002800000E+01  3.0121646296E-13 -1.2083603015E-12
  8.3318700000E+01  2.9458439221E-13 -1.1689823091E-12
  8.3635200000E+01  2.8746617007E-13 -1.1279230749E-12
  8.3952300000E+01  2.7988264882E-13 -1.0852859962E-12
  8.4270000000E+01  2.7185528658E-13 -1.0411759749E-12
  8.4588300000E+01  2.6340609842E-13 -9.9569920134E-13
  8.4907200000E+01  2.5455760695E-13 -9.4896293998E-13
  8.5226700000E+01  2.4533279270E-13 -9.0107531469E-13
  8.5546800000E+01  2.3575504418E-13 -8.5214509603E-13
  8.5867500000E+01  2.2584810787E-13 -8.0228148984E-13
  8.6188800000E+01  2.1563603823E-13 -7.5159392781E-13
  8.6510700000E+01  2.0514314767E-13 -7.0019186037E-13
  8.6833200000E+01  1.9439395676E-13 -6.4818455230E-13
  8.7156300000E+01  1.8341314467E-13 -5.9568088120E-13
  8.7480000000E+01  1.7222549994E-13 -5.4278913946E-13
  8.7804300000E+01  1.6085587167E-13 -4.8961683970E-13
  8.8129200000E+01  1.4932912125E-13 -4.3627052433E-13
  8.8454700000E+01  1.3767007466E-13 -3.8285557920E-13
  8.8780800000E+01  1.2590347546E-13 -3.2947605199E-13
  8.9107500000E+01  1.1405393853E-13 -2.7623447518E-13
  8.9434800000E+01  1.0214590468E-13 -2.2323169434E-13
  8.9762700000E+01  9.0203596097E-14 -1.7056670156E-13
  9.0091200000E+01  7.8250972859E-14 -1.1833647458E-13
  9.0420300000E+01  6.6311690431E-14 -6.6635821647E-14
  9.0750000000E+01  5.4409058323E-14 -1.5557232401E-14
  9.1080300000E+01  4.2565999907E-14  3.4809264999E-14
  9.1411200000E+01  3.0805013489E-14  8.4376240394E-14
  9.1742700000E+01  1.9148134678E-14  1.3305899155E-13
  9.2074800000E+01  7.6169001074E-15  1.8077566739E-13
  9.2407500000E+01 -3.7676874335E-15  2.2744738426E-13
  9.2740800000E+01 -1.4985192410E-14  2.7299833536E-13
  9.3074700000E+01 -2.6015778456E-14  3.1735589287E-13
  9.3409200000E+01 -3.6840238743E-14  3.6045070301E-13
  9.3744300000E+01 -4.7440024771E-14  4.0221677370E-13
  9.4080000000E+01 -5.7797273538E-14  4.4259155488E-13
  9.4416300000E+01 -6.7894833068E-14  4.8151601140E-13
  9.4753200000E+01 -7.7716286261E-14  5.1893468839E-13
  9.5090700000E+01 -8.7245973042E-14  5.5479576918E-13
  9.5428800000E+01 -9.6469010786E-14  5.8905112562E-13
  9.5767500000E+01 -1.0537131301E-13  6.2165636094E-13
  9.6106800000E+01 -1.1393960632E-13  6.5257084505E-13
  9.6446700000E+01 -1.2216144555E-13  6.8175774235E-13
  9.6787200000E+01 -1.3002522719E-13  7.0918403212E-13
  9.7128300000E+01 -1.3752020101E-13  7.3482052146E-13
  9.7470000000E+01 -1.4463647988E-13  7.5864185093E-13
  9.7812300000E+01 -1.5136504787E-13  7.8062649294E-13
  9.8155200000E+01 -1.5769776655E-13  8.0075674293E-13
  9.8498700000E+01 -1.6362737953E-13  8.1901870351E-13
  9.8842800000E+01 -1.6914751527E-13  8.3540226166E-13
  9.9187500000E+01 -1.7425268815E-13  8.4990105910E-13
  9.9532800000E+01 -1.7893829780E-13  8.6251245592E-13
  9.9878700000E+01 -1.8320062683E-13  8.7323748777E-13
  1.0022520000E+02 -1.8703683680E-13  8.8208081657E-13
  1.0057230000E+02 -1.9044496256E-13  8.8905067503E-13
  1.0092000000E+02 -1.9342390506E-13  8.9415880518E-13
  1.0126830000E+02 -1.9597342251E-13  8.9742039102E-13
  1.0161720000E+02 -1.9809412002E-13  8.9885398544E-13
  1.0196670000E+02 -1.9978743776E-13  8.9848143183E-13
  1.0231680000E+02 -2.0105563762E-13  8.9632778031E-13
  1.0266750000E+02 -2.0190178851E-13  8.9242119904E-13
  1.0301880000E+02 -2.0232975020E-13  8.8679288068E-13
  1.0337070000E+02 -2.0234415594E-13  8.7947694426E-13
  1.0372320000E+02 -2.0195039373E-13  8.7051033282E-13
  1.0407630000E+02 -2.0115458636E-13  8.5993270682E-13
  1.0443000000E+02 -1.9996357031E-13  8.4778633385E-13
  1.0478430000E+02 -1.9838487355E-13  8.3411597468E-13
  1.0513920000E+02 -1.9642669220E-13  8.1896876596E-13
  1.0549470000E+02 -1.9409786623E-13  8.0239409995E-13
  1.0585080000E+02 -1.9140785423E-13  7.8444350128E-13
  1.0620750000E+02 -1.8836670727E-13  7.6517050134E-13
  1.0656480000E+02 -1.8498504190E-13  7.4463051026E-13
  1.0692270000E+02 -1.8127401245E-13  7.2288068693E-13
  1.0728120000E+02 -1.7724528253E-13  6.9997980728E-13
  1.0764030000E+02 -1.7291099602E-13  6.7598813106E-13
  1.0800000000E+02 -1.6828374732E-13  6.5096726744E-13
  1.0836030000E+02 -1.6337655125E-13  6.2498003965E-13
  1.0872120000E+02 -1.5820281235E-13  5.9809034891E-13
  1.0908270000E+02 -1.5277629388E-13  5.7036303805E-13
  1.0944480000E+02 -1.4711108650E-13  5.4186375486E-13
  1.0980750000E+02 -1.4122157662E-13  5.1265881563E-13
  1.1017080000E+02 -1.3512241461E-13  4.8281506904E-13
  1.1053470000E+02 -1.2882848290E-13  4.5239976065E-13
  1.1089920000E+02 -1.2235486392E-13  4.2148039825E-13
  1.1126430000E+02 -1.1571680814E-13  3.9012461838E-13
  1.1163000000E+02 -1.0892970205E-13  3.5840005413E-13
  1.1199630000E+02 -1.0200903639E-13  3.2637420457E-13
  1.1236320000E+02 -9.4970374412E-14  2.9411430598E-13
  1.1273070000E+02 -8.7829320485E-14  2.6168720512E-13
  1.1309880000E+02 -8.0601488941E-14  2.2915923474E-13
  1.1346750000E+02 -7.3302473282E-14  1.9659609161E-13
  1.1383680000E+02 -6.5947815784E-14  1.6406271710E-13
  1.1420670000E+02 -5.8552977569E-14  1.3162318078E-13
  1.1457720000E+02 -5.1133309179E-14  9.9340566906E-14
  1.1494830000E+02 -4.3704021715E-14  6.7276864283E-14
  1.1532000000E+02 -3.6280158588E-14  3.5492859425E-14
  1.1569230000E+02 -2.8876567922E-14  4.0480333359E-15
  1.1606520000E+02 -2.1507875667E-14 -2.6999538001E-14
  1.1643870000E+02 -1.4188459460E-14 -5.7593279265E-14
  1.1681280000E+02 -6.9324232695E-15 -8.7678207433E-14
  1.1718750000E+02  2.4642712086E-16 -1.1720101928E-13
  1.1756280000E+02  7.3346077693E-15 -1.4611017461E-13
  1.1793870000E+02  1.4318979323E-14 -1.7435597514E-13
  1.1831520000E+02  2.1186768830E-14 -2.0189063894E-13
  1.1869230000E+02  2.7925590581E-14 -2.2866837024E-13
  1.1907000000E+02  3.4523465953E-14 -2.5464542465E-13
  1.1944830000E+02  4.0968842226E-14 -2.7978016971E-13
  1.1982720000E+02  4.7250610348E-14 -3.0403314057E-13
  1.2020670000E+02  5.3358121632E-14 -3.2736709092E-13
  1.2058680000E+02  5.9281203350E-14 -3.4974703902E-13
  1.2096750000E+02  6.5010173222E-14 -3.7114030883E-13
  1.2134880000E+02  7.0535852778E-14 -3.9151656625E-13
  1.2173070000E+02  7.5849579573E-14 -4.1084785033E-13
  1.2211320000E+02  8.0943218259E-14 -4.2910859964E-13
  1.2249630000E+02  8.5809170486E-14 -4.4627567368E-13
  1.2288000000E+02  9.0440383649E-14 -4.6232836927E-13
  1.2326430000E+02  9.4830358454E-14 -4.7724843220E-13
  1.2364920000E+02  9.8973155317E-14 -4.9102006385E-13
  1.2403470000E+02  1.0286339959E-13 -5.0362992313E-13
  1.2442080000E+02  1.0649628562E-13 -5.1506712351E-13
  1.2480750000E+02  1.0986757964E-13 -5.2532322543E-13
  1.2519480000E+02  1.1297362150E-13 -5.3439222402E-13
  1.2558270000E+02  1.1581132529E-13 -5.4227053227E-13
  1.2597120000E+02  1.1837817875E-13 -5.4895695963E-13
  1.2636030000E+02  1.2067224163E-13 -5.5445268634E-13
  1.2675000000E+02  1.2269214291E-13 -5.5876123334E-13
  1.2714030000E+02  1.2443707695E-13 -5.6188842803E-13
  1.2753120000E+02  1.2590679855E-13 -5.6384236597E-13
  1.2792270000E+02  1.2710161698E-13 -5.6463336853E-13
  1.2831480000E+02  1.2802238897E-13 -5.6427393682E-13
  1.2870750000E+02  1.2867051072E-13 -5.6277870181E-13
  1.2910080000E+02  1.2904790891E-13 -5.6016437088E-13
  1.2949470000E+02  1.2915703080E-13 -5.5644967104E-13
  1.2988920000E+02  1.2900083340E-13 -5.5165528873E-13
  1.3028430000E+02  1.2858277173E-13 -5.4580380658E-13
  1.3068000000E+02  1.2790678630E-13 -5.3891963718E-13
  1.3107630000E+02  1.2697728966E-13 -5.3102895397E-13
  1.3147320000E+02  1.2579915228E-13 -5.2215961960E-13
  1.3187070000E+02  1.2437768765E-13 -5.1234111169E-13
  1.3226880000E+02  1.2271863660E-13 -5.0160444632E-13
  1.3266750000E+02  1.2082815109E-13 -4.8998209940E-13
  1.3306680000E+02  1.1871277722E-13 -4.7750792605E-13
  1.3346670000E+02  1.1637943776E-13 -4.6421707819E-13
  1.3386720000E+02  1.1383541407E-13 -4.5014592054E-13
  1.3426830000E+02  1.1108832752E-13 -4.3533194517E-13
  1.3467000000E+02  1.0814612050E-13 -4.1981368481E-13
  1.3507230000E+02  1.0501703689E-13 -4.0363062509E-13
  1.3547520000E+02  1.0170960227E-13 -3.8682311591E-13
  1.3587870000E+02  9.8232603734E-14 -3.6943228207E-13
  1.3628280000E+02  9.4595069364E-14 -3.5149993341E-13
  1.3668750000E+02  9.0806247560E-14 -3.3306847459E-13
  1.3709280000E+02  8.6875586071E-14 -3.1418081472E-13
  1.3749870000E+02  8.2812710899E-14 -2.9488027697E-13
  1.3790520000E+02  7.8627405075E-14 -2.7521050837E-13
  1.3831230000E+02  7.4329587354E-14 -2.5521539005E-13
  1.3872000000E+02  6.9929290881E-14 -2.3493894787E-13
  1.3912830000E+02  6.5436641849E-14 -2.1442526387E-13
  1.3953720000E+02  6.0861838223E-14 -1.9371838852E-13
  1.3994670000E+02  5.6215128540E-14 -1.7286225400E-13
  1.4035680000E+02  5.1506790843E-14 -1.5190058871E-13
  1.4076750000E+02  4.6747111792E-14 -1.3087683301E-13
  1.4117880000E+02  4.1946365977E-14 -1.0983405657E-13
  1.4159070000E+02  3.7114795480E-14 -8.8814877268E-14
  1.4200320000E+02  3.2262589727E-14 -6.7861381859E-14
  1.4241630000E+02  2.7399865661E-14 -4.7015048607E-14
  1.4283000000E+02  2.2536648273E-14 -2.6316671895E-14
  1.4324430000E+02  1.7682851524E-14 -5.8062890195E-15
  1.4365920000E+02  1.2848259698E-14  1.4476890728E-14
  1.4407470000E+02  8.0425092127E-15  3.4494554599E-14
  1.4449080000E+02  3.2750709138E-15  5.4209352408E-14
  1.4490750000E+02 -1.4447671012E-15  7.3584959959E-14
  1.4532480000E+02 -6.1079161182E-15  9.2586139761E-14
  1.4574270000E+02 -1.0705502864E-14  1.1117879895E-13
  1.4616120000E+02 -1.5228884962E-14  1.2933004436E-13
  1.4658030000E+02 -1.9669665765E-14  1.4700823459E-13
  1.4700000000E+02 -2.4019708538E-14  1.6418302909E-13
  1.4742030000E+02 -2.8271149975E-14  1.8082543415E-13
  1.4784120000E+02 -3.2416413018E-14  1.9690784574E-13
  1.4826270000E+02 -3.6448218985E-14  2.1240408914E-13
  1.4868480000E+02 -4.0359598954E-14  2.2728945537E-13
  1.4910750000E+02 -4.4143904427E-14  2.4154073427E-13
  1.4953080000E+02 -4.7794817232E-14  2.5513624435E-13
  1.4995470000E+02 -5.1306358656E-14  2.6805585925E-13
  1.5037920000E+02 -5.4672897821E-14  2.8028103091E-13
  1.5080430000E+02 -5.7889159259E-14  2.9179480929E-13
  1.5123000000E+02 -6.0950229707E-14  3.0258185881E-13
  1.5165630000E+02 -6.3851564106E-14  3.1262847139E-13
  1.5208320000E+02 -6.6588990802E-14  3.2192257615E-13
  1.5251070000E+02 -6.9158715942E-14  3.3045374575E-13
  1.5293880000E+02 -7.1557327072E-14  3.3821319944E-13
  1.5336750000E+02 -7.3781795939E-14  3.4519380286E-13
  1.5379680000E+02 -7.5829480487E-14  3.5139006446E-13
  1.5422670000E+02 -7.7698126066E-14  3.5679812885E-13
  1.5465720000E+02 -7.9385865852E-14  3.6141576695E-13
  1.5508830000E+02 -8.0891220487E-14  3.6524236293E-13
  1.5552000000E+02 -8.2213096947E-14  3.6827889823E-13
  1.5595230000E+02 -8.3350786652E-14  3.7052793250E-13
  1.5638520000E+02 -8.4303962819E-14  3.7199358166E-13
  1.5681870000E+02 -8.5072677085E-14  3.7268149306E-13
  1.5725280000E+02 -8.5657355406E-14  3.7259881789E-13
  1.5768750000E+02 -8.6058793248E-14  3.7175418096E-13
  1.5812280000E+02 -8.6278150084E-14  3.7015764774E-13
  1.5855870000E+02 -8.6316943228E-14  3.6782068902E-13
  1.5899520000E+02 -8.6177041008E-14  3.6475614308E-13
  1.5943230000E+02 -8.5860655305E-14  3.6097817554E-13
  1.5987000000E+02 -8.5370333488E-14  3.5650223704E-13
  1.6030830000E+02 -8.4708949754E-14  3.5134501876E-13
  1.6074720000E+02 -8.3879695900E-14  3.4552440596E-13
  1.6118670000E+02 -8.2886071558E-14  3.3905942964E-13
  1.6162680000E+02 -8.1731873911E-14  3.3197021640E-13
  1.6206750000E+02 -8.0421186913E-14  3.2427793668E-13
  1.6250880000E+02 -7.8958370051E-14  3.1600475139E-13
  1.6295070000E+02 -7.7348046664E-14  3.0717375720E-13
  1.6339320000E+02 -7.5595091852E-14  2.9780893049E-13
  1.6383630000E+02 -7.3704620009E-14  2.8793507015E-13
  1.6428000000E+02 -7.1681971992E-14  2.7757773928E-13
  1.6472430000E+02 -6.9532701974E-14  2.6676320604E-13
  1.6516920000E+02 -6.7262564000E-14  2.5551838366E-13
  1.6561470000E+02 -6.4877498277E-14  2.4387076977E-13
  1.6606080000E+02 -6.2383617229E-14  2.3184838521E-13
  1.6650750000E+02 -5.9787191352E-14  2.1947971245E-13
  1.6695480000E+02 -5.7094634885E-14  2.0679363362E-13
  1.6740270000E+02 -5.4312491344E-14  1.9381936851E-13
  1.6785120000E+02 -5.1447418945E-14  1.8058641239E-13
  1.6830030000E+02 -4.8506175933E-14  1.6712447403E-13
  1.6875000000E+02 -4.5495605867E-14  1.5346341385E-13
  1.6920030000E+02 -4.2422622879E-14  1.3963318241E-13
  1.6965120000E+02 -3.9294196934E-14  1.2566375936E-13
  1.7010270000E+02 -3.6117339139E-14  1.1158509293E-13
  1.7055480000E+02 -3.2899087099E-14  9.7427040124E-14
  1.7100750000E+02 -2.9646490382E-14  8.3219307628E-14
  1.7146080000E+02 -2.6366596095E-14  6.8991393701E-14
  1.7191470000E+02 -2.3066434617E-14  5.4772531014E-14
  1.7236920000E+02 -1.9753005503E-14  4.0591630598E-14
  1.7282430000E+02 -1.6433263593E-14  2.6477227013E-14
  1.7328000000E+02 -1.3114105350E-14  1.2457424803E-14
  1.7373630000E+02 -9.8023554493E-15 -1.4401536484E-15
  1.7419320000E+02 -6.5047536519E-15 -1.5188418773E-14
  1.7465070000E+02 -3.2279419727E-15 -2.8760862913E-14
  1.7510880000E+02  2.1547822413E-17 -4.2131607753E-14
  1.7556750000E+02  3.2373063741E-15 -5.5275450029E-14
  1.7602680000E+02  6.4130585196E-15 -6.8167905427E-14
  1.7648670000E+02  9.5426746956E-15 -8.0785250613E-14
  1.7694720000E+02  1.2620181933E-14 -9.3104563317E-14
  1.7740830000E+02  1.5639774431E-14 -1.0510376043E-13
  1.7787000000E+02  1.8595823680E-14 -1.1676163401E-13
  1.7833230000E+02  2.1482888141E-14 -1.2805788525E-13
  1.7879520000E+02  2.4295722437E-14 -1.3897315620E-13
  1.7925870000E+02  2.7029286068E-14 -1.4948905937E-13
  1.7972280000E+02  2.9678751624E-14 -1.5958820503E-13
  1.8018750000E+02  3.2239512483E-14 -1.6925422633E-13
  1.8065280000E+02  3.4707189991E-14 -1.7847180203E-13
  1.8111870000E+02  3.7077640110E-14 -1.8722667697E-13
  1.8158520000E+02  3.9346959527E-14 -1.9550568018E-13
  1.8205230000E+02  4.1511491215E-14 -2.0329674065E-13
  1.8252000000E+02  4.3567829443E-14 -2.1058890075E-13
  1.8298830000E+02  4.5512824227E-14 -2.1737232725E-13
  1.8345720000E+02  4.7343585222E-14 -2.2363832000E-13
  1.8392670000E+02  4.9057485052E-14 -2.2937931827E-13
  1.8439680000E+02  5.0652162068E-14 -2.3458890473E-13
  1.8486750000E+02  5.2125522555E-14 -2.3926180705E-13
  1.8533880000E+02  5.3475742358E-14 -2.4339389729E-13
  1.8581070000E+02  5.4701267961E-14 -2.4698218887E-13
  1.8628320000E+02  5.5800817000E-14 -2.5002483139E-13
  1.8675630000E+02  5.6773378221E-14 -2.5252110319E-13
  1.8723000000E+02  5.7618210896E-14 -2.5447140163E-13
  1.8770430000E+02  5.8334843688E-14 -2.5587723134E-13
  1.8817920000E+02  5.8923072986E-14 -2.5674119032E-13
  1.8865470000E+02  5.9382960713E-14 -2.5706695389E-13
  1.8913080000E+02  5.9714831614E-14 -2.5685925677E-13
  1.8960750000E+02  5.9919270041E-14 -2.5612387310E-13
  1.9008480000E+02  5.9997116240E-14 -2.5486759459E-13
  1.9056270000E+02  5.9949462152E-14 -2.5309820689E-13
  1.9104120000E+02  5.9777646749E-14 -2.5082446408E-13
  1.9152030000E+02  5.9483250914E-14 -2.4805606152E-13
  1.9200000000E+02  5.9068091866E-14 -2.4480360711E-13
  1.9248030000E+02  5.8534217180E-14 -2.4107859091E-13
  1.9296120000E+02  5.7883898375E-14 -2.3689335327E-13
  1.9344270000E+02  5.7119624124E-14 -2.3226105166E-13
  1.9392480000E+02  5.6244093077E-14 -2.2719562604E-13
  1.9440750000E+02  5.5260206336E-14 -2.2171176306E-13
  1.9489080000E+02  5.4171059576E-14 -2.1582485912E-13
  1.9537470000E+02  5.2979934864E-14 -2.0955098223E-13
  1.9585920000E+02  5.1690292158E-14 -2.0290683304E-13
  1.9634430000E+02  5.0305760537E-14 -1.9590970484E-13
  1.9683000000E+02  4.8830129167E-14 -1.8857744282E-13
  1.9731630000E+02  4.7267338023E-14 -1.8092840254E-13
  1.9780320000E+02  4.5621468398E-14 -1.7298140783E-13
  1.9829070000E+02  4.3896733213E-14 -1.6475570809E-13
  1.9877880000E+02  4.2097467141E-14 -1.5627093517E-13
  1.9926750000E+02  4.0228116592E-14 -1.4754705987E-13
  1.9975680000E+02  3.8293229550E-14 -1.3860434814E-13
  2.0024670000E+02  3.6297445309E-14 -1.2946331718E-13
  2.0073720000E+02  3.4245484111E-14 -1.2014469132E-13
  2.0122830000E+02  3.2142136724E-14 -1.1066935802E-13
  2.0172000000E+02  2.9992253967E-14 -1.0105832386E-13
  2.0221230000E+02  2.7800736216E-14 -9.1332670774E-14
  2.0270520000E+02  2.5572522903E-14 -8.1513512476E-14
  2.0319870000E+02  2.3312582033E-14 -7.1621951275E-14
  2.0369280000E+02  2.1025899743E-14 -6.1679035299E-14
  2.0418750000E+02  1.8717469923E-14 -5.1705716227E-14
  2.0468280000E+02  1.6392283909E-14 -4.1722807613E-14
  2.0517870000E+02  1.4055320283E-14 -3.1750943878E-14
  2.0567520000E+02  1.1711534797E-14 -2.1810540038E-14
  2.0617230000E+02  9.3658504267E-15 -1.1921752258E-14
  2.0667000000E+02  7.0231475916E-15 -2.1044392891E-15
  2.0716830000E+02  4.6882545497E-15  7.6218751293E-15
  2.0766720000E+02  2.3659379868E-15  1.7238038850E-14
  2.0816670000E+02  6.0893817875E-17  2.6725306802E-14
  2.0866680000E+02 -2.2222617817E-15  3.6065375328E-14
  2.0916750000E+02 -4.4790011009E-15  4.5240415305E-14
  2.0966880000E+02 -6.7048933571E-15  5.4233104009E-14
  2.1017070000E+02 -8.8956128841E-15  6.3026655654E-14
  2.1067320000E+02 -1.1046947032E-14  7.1604850565E-14
  2.1117630000E+02 -1.3154803763E-14  7.9952062939E-14
  2.1168000000E+02 -1.5215218933E-14  8.8053287145E-14
  2.1218430000E+02 -1.7224363244E-14  9.5894162531E-14
  2.1268920000E+02 -1.9178548858E-14  1.0346099669E-13
  2.1319470000E+02 -2.1074235667E-14  1.1074078719E-13
  2.1370080000E+02 -2.2908037194E-14  1.1772124162E-13
  2.1420750000E+02 -2.4676726137E-14  1.2439079617E-13
  2.1471480000E+02 -2.6377239533E-14  1.3073863237E-13
  2.1522270000E+02 -2.8006683538E-14  1.3675469235E-13
  2.1573120000E+02 -2.9562337822E-14  1.4242969229E-13
  2.1624030000E+02 -3.1041659566E-14  1.4775513423E-13
  2.1675000000E+02 -3.2442287064E-14  1.5272331620E-13
  2.1726030000E+02 -3.3762042921E-14  1.5732734057E-13
  2.1777120000E+02 -3.4998936841E-14  1.6156112078E-13
  2.1828270000E+02 -3.6151168018E-14  1.6541938632E-13
  2.1879480000E+02 -3.7217127104E-14  1.6889768598E-13
  2.1930750000E+02 -3.8195397783E-14  1.7199238949E-13
  2.1982080000E+02 -3.9084757922E-14  1.7470068736E-13
  2.2033470000E+02 -3.9884180327E-14  1.7702058921E-13
  2.2084920000E+02 -4.0592833083E-14  1.7895092028E-13
  2.2136430000E+02 -4.1210079501E-14  1.8049131649E-13
  2.2188000000E+02 -4.1735477658E-14  1.8164221772E-13
  2.2239630000E+02 -4.2168779548E-14  1.8240485967E-13
  2.2291320000E+02 -4.2509929841E-14  1.8278126409E-13
  2.2343070000E+02 -4.2759064261E-14  1.8277422752E-13
  2.2394880000E+02 -4.2916507586E-14  1.8238730858E-13
  2.2446750000E+02 -4.2982771277E-14  1.8162481378E-13
  2.2498680000E+02 -4.2958550753E-14  1.8049178197E-13
  2.2550670000E+02 -4.2844722303E-14  1.7899396743E-13
  2.2602720000E+02 -4.2642339664E-14  1.7713782168E-13
  2.2654830000E+02 -4.2352630263E-14  1.7493047397E-13
  2.2707000000E+02 -4.1976991134E-14  1.7237971063E-13
  2.2759230000E+02 -4.1516984530E-14  1.6949395325E-13
  2.2811520000E+02 -4.0974333226E-14  1.6628223575E-13
  2.2863870000E+02 -4.0350915545E-14  1.6275418039E-13
  2.2916280000E+02 -3.9648760101E-14  1.5891997284E-13
  2.2968750000E+02 -3.8870040284E-14  1.5479033631E-13
  2.3021280000E+02 -3.8017068497E-14  1.5037650477E-13
  2.3073870000E+02 -3.7092290160E-14  1.4569019543E-13
  2.3126520000E+02 -3.6098277486E-14  1.4074358046E-13
  2.3179230000E+02 -3.5037723066E-14  1.3554925799E-13
  2.3232000000E+02 -3.3913433248E-14  1.3012022255E-13
  2.3284830000E+02 -3.2728321351E-14  1.2446983495E-13
  2.3337720000E+02 -3.1485400716E-14  1.1861179165E-13
  2.3390670000E+02 -3.0187777612E-14  1.1256009378E-13
  2.3443680000E+02 -2.8838644014E-14  1.0632901571E-13
  2.3496750000E+02 -2.7441270266E-14  9.9933073439E-14
  2.3549880000E+02 -2.5998997652E-14  9.3386992705E-14
  2.3603070000E+02 -2.4515230881E-14  8.6705676972E-14
  2.3656320000E+02 -2.2993430511E-14  7.9904175328E-14
  2.3709630000E+02 -2.1437105317E-14  7.2997650360E-14
  2.3763000000E+02 -1.9849804642E-14  6.6001346089E-14
  2.3816430000E+02 -1.8235110709E-14  5.8930556009E-14
  2.3869920000E+02 -1.6596630952E-14  5.1800591303E-14
  2.3923470000E+02 -1.4937990349E-14  4.4626749303E-14
  2.3977080000E+02 -1.3262823793E-14  3.7424282251E-14
  2.4030750000E+02 -1.1574768499E-14  3.0208366418E-14
  2.4084480000E+02 -9.8774564846E-15  2.2994071651E-14
  2.4138270000E+02 -8.1745071147E-15  1.5796331395E-14
  2.4192120000E+02 -6.4695197413E-15  8.6299132575E-15
  2.4246030000E+02 -4.7660664483E-15  1.5093901623E-15
  2.4300000000E+02 -3.0676849121E-15 -5.5508878522E-15
  2.4354030000E+02 -1.3778713960E-15 -1.2536821133E-14
  2.4408120000E+02  2.9992611068E-16 -1.9434587168E-14
  2.4462270000E+02  1.9623145959E-15 -2.6230666543E-14
  2.4516480000E+02  3.6059625579E-15 -3.2911868060E-14
  2.4570750000E+02  5.2276063553E-15 -3.9465352968E-14
  2.4625080000E+02  6.8240563640E-15 -4.5878658264E-14
  2.4679470000E+02  8.3922029295E-15 -5.2139719035E-14
  2.4733920000E+02  9.9290221037E-15 -5.8236889784E-14
  2.4788430000E+02  1.1431581157E-14 -6.4158964726E-14
  2.4843000000E+02  1.2897043855E-14 -6.9895197008E-14
  2.4897630000E+02  1.4322675493E-14 -7.5435316832E-14
  2.4952320000E+02  1.5705847680E-14 -8.0769548439E-14
  2.5007070000E+02  1.7044042861E-14 -8.5888625950E-14
  2.5061880000E+02  1.8334858571E-14 -9.0783808018E-14
  2.5116750000E+02  1.9576011425E-14 -9.5446891296E-14
  2.5171680000E+02  2.0765340819E-14 -9.9870222681E-14
  2.5226670000E+02  2.1900812353E-14 -1.0404671033E-13
  2.5281720000E+02  2.2980520963E-14 -1.0796983343E-13
  2.5336830000E+02  2.4002693763E-14 -1.1163365076E-13
  2.5392000000E+02  2.4965692586E-14 -1.1503280788E-13
  2.5447230000E+02  2.5868016233E-14 -1.1816254324E-13
  2.5502520000E+02  2.6708302416E-14 -1.2101869283E-13
  2.5557870000E+02  2.7485329397E-14 -1.2359769370E-13
  2.5613280000E+02  2.8198017334E-14 -1.2589658620E-13
  2.5668750000E+02  2.8845429309E-14 -1.2791301490E-13
  2.5724280000E+02  2.9426772064E-14 -1.2964522832E-13
  2.5779870000E+02  2.9941396431E-14 -1.3109207746E-13
  2.5835520000E+02  3.0388797462E-14 -1.3225301299E-13
  2.5891230000E+02  3.0768614260E-14 -1.3312808137E-13
  2.5947000000E+02  3.1080629514E-14 -1.3371791971E-13
  2.6002830000E+02  3.1324768744E-14 -1.3402374944E-13
  2.6058720000E+02  3.1501099257E-14 -1.3404736892E-13
  2.6114670000E+02  3.1609828822E-14 -1.3379114484E-13
  2.6170680000E+02  3.1651304056E-14 -1.3325800259E-13
  2.6226750000E+02  3.1626008555E-14 -1.3245141552E-13
  2.6282880000E+02  3.1534560738E-14 -1.3137539321E-13
  2.6339070000E+02  3.1377711450E-14 -1.3003446871E-13
  2.6395320000E+02  3.1156341296E-14 -1.2843368481E-13
  2.6451630000E+02  3.0871457736E-14 -1.2657857939E-13
  2.6508000000E+02  3.0524191949E-14 -1.2447516988E-13
  2.6564430000E+02  3.0115795450E-14 -1.2212993685E-13
  2.6620920000E+02  2.9647636508E-14 -1.1954980679E-13
  2.6677470000E+02  2.9121196336E-14 -1.1674213416E-13
  2.6734080000E+02  2.8538065085E-14 -1.1371468259E-13
  2.6790750000E+02  2.7899937651E-14 -1.1047560558E-13
  2.6847480000E+02  2.7208609289E-14 -1.0703342637E-13
  2.6904270000E+02  2.6465971070E-14 -1.0339701733E-13
  2.6961120000E+02  2.5674005162E-14 -9.9575578806E-14
  2.7018030000E+02  2.4834779976E-14 -9.5578617396E-14
  2.7075000000E+02  2.3950445163E-14 -9.1415923827E-14
  2.7132030000E+02  2.3023226490E-14 -8.7097550425E-14
  2.7189120000E+02  2.2055420596E-14 -8.2633788217E-14
  2.7246270000E+02  2.1049389652E-14 -7.8035143742E-14
  2.7303480000E+02  2.0007555919E-14 -7.3312315603E-14
  2.7360750000E+02  1.8932396234E-14 -6.8476170820E-14
  2.7418080000E+02  1.7826436426E-14 -6.3537721023E-14
  2.7475470000E+02  1.6692245673E-14 -5.8508098551E-14
  2.7532920000E+02  1.5532430821E-14 -5.3398532491E-14
  2.7590430000E+02  1.4349630663E-14 -4.8220324713E-14
  2.7648000000E+02  1.3146510210E-14 -4.2984825951E-14
  2.7705630000E+02  1.1925754941E-14 -3.7703411981E-14
  2.7763320000E+02  1.0690065067E-14 -3.2387459935E-14
  2.7821070000E+02  9.4421498055E-15 -2.7048324808E-14
  2.7878880000E+02  8.1847216856E-15 -2.1697316194E-14
  2.7936750000E+02  6.9204908901E-15 -1.6345675316E-14
  2.7994680000E+02  5.6521596486E-15 -1.1004552366E-14
  2.8052670000E+02  4.3824166928E-15 -5.6849842283E-15
  2.8110720000E+02  3.1139317827E-15 -3.9787260614E-16
  2.8168830000E+02  1.8493503178E-15  4.8460373924E-15
  2.8227000000E+02  5.9128804000E-16  1.0036178178E-14
  2.8285230000E+02 -6.5767415808E-16  1.5162180065E-14
  2.8343520000E+02 -1.8949953125E-15  2.0213891095E-14
  2.8401870000E+02 -3.1181793433E-15  2.5181396242E-14
  2.8460280000E+02 -4.3247798782E-15  3.0055035989E-14
  2.8518750000E+02 -5.5124049339E-15  3.4825424215E-14
  2.8577280000E+02 -6.6787214490E-15  3.9483465396E-14
  2.8635870000E+02 -7.8214596576E-15  4.4020371049E-14
  2.8694520000E+02 -8.9384172977E-15  4.8427675430E-14
  2.8753230000E+02 -1.0027463647E-14  5.2697250435E-14
  2.8812000000E+02 -1.1086543376E-14  5.6821319688E-14
  2.8870830000E+02 -1.2113680222E-14  6.0792471793E-14
  2.8929720000E+02 -1.3106980456E-14  6.4603672732E-14
  2.8988670000E+02 -1.4064636169E-14  6.8248277381E-14
  2.9047680000E+02 -1.4984928341E-14  7.1720040141E-14
  2.9106750000E+02 -1.5866229708E-14  7.5013124659E-14
  2.9165880000E+02 -1.6707007413E-14  7.8122112627E-14
  2.9225070000E+02 -1.7505825447E-14  8.1042011654E-14
  2.9284320000E+02 -1.8261346859E-14  8.3768262197E-14
  2.9343630000E+02 -1.8972335758E-14  8.6296743543E-14
  2.9403000000E+02 -1.9637659076E-14  8.8623778846E-14
  2.9462430000E+02 -2.0256288114E-14  9.0746139202E-14
  2.9521920000E+02 -2.0827299852E-14  9.2661046773E-14
  2.9581470000E+02 -2.1349878039E-14  9.4366176958E-14
  2.9641080000E+02 -2.1823314045E-14  9.5859659610E-14
  2.9700750000E+02 -2.2247007485E-14  9.7140079308E-14
  2.9760480000E+02 -2.2620466619E-14  9.8206474688E-14
  2.9820270000E+02 -2.2943308516E-14  9.9058336848E-14
  2.9880120000E+02 -2.3215258998E-14  9.9695606822E-14
  2.9940030000E+02 -2.3436152355E-14  1.0011867216E-13
  3.0000000000E+02 -2.3605930839E-14  1.0032836261E-13
