  -4.00000000000000        1.74615088618936     
  -3.99000000022352        1.74357031031262     
  -3.98000000044703        1.74098624933518     
  -3.97000000067055        1.73839868885221     
  -3.96000000089407        1.73580761435741     
  -3.95000000111759        1.73321301124203     
  -3.94000000134110        1.73061486479369     
  -3.93000000156462        1.72801316019553     
  -3.92000000178814        1.72540788252497     
  -3.91000000201166        1.72279901675275     
  -3.90000000223517        1.72018654774174     
  -3.89000000245869        1.71757046024588     
  -3.88000000268221        1.71495073890908     
  -3.87000000290573        1.71232736826403     
  -3.86000000312924        1.70970033273106     
  -3.85000000335276        1.70706961661699     
  -3.84000000357628        1.70443520411389     
  -3.83000000379980        1.70179707929795     
  -3.82000000402331        1.69915522612818     
  -3.81000000424683        1.69650962844524     
  -3.80000000447035        1.69386026997017     
  -3.79000000469387        1.69120713430305     
  -3.78000000491738        1.68855020492182     
  -3.77000000514090        1.68588946518089     
  -3.76000000536442        1.68322489830982     
  -3.75000000558794        1.68055648741206     
  -3.74000000581145        1.67788421546344     
  -3.73000000603497        1.67520806531090     
  -3.72000000625849        1.67252801967108     
  -3.71000000648201        1.66984406112881     
  -3.70000000670552        1.66715617213573     
  -3.69000000692904        1.66446433500888     
  -3.68000000715256        1.66176853192907     
  -3.67000000737607        1.65906874493947     
  -3.66000000759959        1.65636495594412     
  -3.65000000782311        1.65365714670622     
  -3.64000000804663        1.65094529884671     
  -3.63000000827014        1.64822939384262     
  -3.62000000849366        1.64550941302541     
  -3.61000000871718        1.64278533757936     
  -3.60000000894070        1.64005714853988     
  -3.59000000916421        1.63732482679187     
  -3.58000000938773        1.63458835306788     
  -3.57000000961125        1.63184770794646     
  -3.56000000983477        1.62910287185038     
  -3.55000001005828        1.62635382504480     
  -3.54000001028180        1.62360054763543     
  -3.53000001050532        1.62084301956669     
  -3.52000001072884        1.61808122061983     
  -3.51000001095235        1.61531513041100     
  -3.50000001117587        1.61254472838934     
  -3.49000001139939        1.60976999383493     
  -3.48000001162291        1.60699090585689     
  -3.47000001184642        1.60420744339123     
  -3.46000001206994        1.60141958519888     
  -3.45000001229346        1.59862730986350     
  -3.44000001251698        1.59583059578941     
  -3.43000001274049        1.59302942119943     
  -3.42000001296401        1.59022376413257     
  -3.41000001318753        1.58741360244194     
  -3.40000001341105        1.58459891379234     
  -3.39000001363456        1.58177967565804     
  -3.38000001385808        1.57895586532041     
  -3.37000001408160        1.57612745986542     
  -3.36000001430511        1.57329443618146     
  -3.35000001452863        1.57045677095659     
  -3.34000001475215        1.56761444067624     
  -3.33000001497567        1.56476742162058     
  -3.32000001519918        1.56191568986187     
  -3.31000001542270        1.55905922126198     
  -3.30000001564622        1.55619799146951     
  -3.29000001586974        1.55333197591727     
  -3.28000001609325        1.55046114981936     
  -3.27000001631677        1.54758548816842     
  -3.26000001654029        1.54470496573270     
  -3.25000001676381        1.54181955705328     
  -3.24000001698732        1.53892923644093     
  -3.23000001721084        1.53603397797324     
  -3.22000001743436        1.53313375549144     
  -3.21000001765788        1.53022854259739     
  -3.20000001788139        1.52731831265029     
  -3.19000001810491        1.52440303876349     
  -3.18000001832843        1.52148269380127     
  -3.17000001855195        1.51855725037537     
  -3.16000001877546        1.51562668084169     
  -3.15000001899898        1.51269095729674     
  -3.14000001922250        1.50975005157416     
  -3.13000001944602        1.50680393524112     
  -3.12000001966953        1.50385257959460     
  -3.11000001989305        1.50089595565779     
  -3.10000002011657        1.49793403417616     
  -3.09000002034009        1.49496678561370     
  -3.08000002056360        1.49199418014886     
  -3.07000002078712        1.48901618767076     
  -3.06000002101064        1.48603277777482     
  -3.05000002123415        1.48304391975887     
  -3.04000002145767        1.48004958261873     
  -3.03000002168119        1.47704973504400     
  -3.02000002190471        1.47404434541355     
  -3.01000002212822        1.47103338179120     
  -3.00000002235174        1.46801681192101     
  -2.99000002257526        1.46499460322269     
  -2.98000002279878        1.46196672278682     
  -2.97000002302229        1.45893313737003     
  -2.96000002324581        1.45589381339013     
  -2.95000002346933        1.45284871692099     
  -2.94000002369285        1.44979781368740     
  -2.93000002391636        1.44674106905998     
  -2.92000002413988        1.44367844804967     
  -2.91000002436340        1.44060991530246     
  -2.90000002458692        1.43753543509372     
  -2.89000002481043        1.43445497132258     
  -2.88000002503395        1.43136848750619     
  -2.87000002525747        1.42827594677379     
  -2.86000002548099        1.42517731186072     
  -2.85000002570450        1.42207254510225     
  -2.84000002592802        1.41896160842740     
  -2.83000002615154        1.41584446335247     
  -2.82000002637506        1.41272107097451     
  -2.81000002659857        1.40959139196478     
  -2.80000002682209        1.40645538656177     
  -2.79000002704561        1.40331301456444     
  -2.78000002726912        1.40016423532499     
  -2.77000002749264        1.39700900774166     
  -2.76000002771616        1.39384729025142     
  -2.75000002793968        1.39067904082219     
  -2.74000002816319        1.38750421694541     
  -2.73000002838671        1.38432277562792     
  -2.72000002861023        1.38113467338400     
  -2.71000002883375        1.37793986622710     
  -2.70000002905726        1.37473830966144     
  -2.69000002928078        1.37152995867340     
  -2.68000002950430        1.36831476772264     
  -2.67000002972782        1.36509269073323     
  -2.66000002995133        1.36186368108436     
  -2.65000003017485        1.35862769160091     
  -2.64000003039837        1.35538467454392     
  -2.63000003062189        1.35213458160063     
  -2.62000003084540        1.34887736387444     
  -2.61000003106892        1.34561297187466     
  -2.60000003129244        1.34234135550584     
  -2.59000003151596        1.33906246405711     
  -2.58000003173947        1.33577624619098     
  -2.57000003196299        1.33248264993214     
  -2.56000003218651        1.32918162265581     
  -2.55000003241003        1.32587311107589     
  -2.54000003263354        1.32255706123282     
  -2.53000003285706        1.31923341848112     
  -2.52000003308058        1.31590212747663     
  -2.51000003330410        1.31256313216348     
  -2.50000003352761        1.30921637576069     
  -2.49000003375113        1.30586180074842     
  -2.48000003397465        1.30249934885393     
  -2.47000003419816        1.29912896103721     
  -2.46000003442168        1.29575057747617     
  -2.45000003464520        1.29236413755141     
  -2.44000003486872        1.28896957983086     
  -2.43000003509223        1.28556684205365     
  -2.42000003531575        1.28215586111389     
  -2.41000003553927        1.27873657304381     
  -2.40000003576279        1.27530891299662     
  -2.39000003598630        1.27187281522877     
  -2.38000003620982        1.26842821308190     
  -2.37000003643334        1.26497503896411     
  -2.36000003665686        1.26151322433099     
  -2.35000003688037        1.25804269966579     
  -2.34000003710389        1.25456339445946     
  -2.33000003732741        1.25107523718980     
  -2.32000003755093        1.24757815530028     
  -2.31000003777444        1.24407207517802     
  -2.30000003799796        1.24055692213150     
  -2.29000003822148        1.23703262036730     
  -2.28000003844500        1.23349909296643     
  -2.27000003866851        1.22995626185987     
  -2.26000003889203        1.22640404780344     
  -2.25000003911555        1.22284237035199     
  -2.24000003933907        1.21927114783276     
  -2.23000003956258        1.21569029731808     
  -2.22000003978610        1.21209973459715     
  -2.21000004000962        1.20849937414710     
  -2.20000004023314        1.20488912910309     
  -2.19000004045665        1.20126891122761     
  -2.18000004068017        1.19763863087887     
  -2.17000004090369        1.19399819697805     
  -2.16000004112720        1.19034751697585     
  -2.15000004135072        1.18668649681777     
  -2.14000004157424        1.18301504090844     
  -2.13000004179776        1.17933305207481     
  -2.12000004202127        1.17564043152821     
  -2.11000004224479        1.17193707882521     
  -2.10000004246831        1.16822289182723     
  -2.09000004269183        1.16449776665888     
  -2.08000004291534        1.16076159766497     
  -2.07000004313886        1.15701427736614     
  -2.06000004336238        1.15325569641296     
  -2.05000004358590        1.14948574353870     
  -2.04000004380941        1.14570430551036     
  -2.03000004403293        1.14191126707826     
  -2.02000004425645        1.13810651092373     
  -2.01000004447997        1.13428991760526     
  -2.00000004470348        1.13046136550264     
  -1.99000004492700        1.12662073075938     
  -1.98000004515052        1.12276788722294     
  -1.97000004537404        1.11890270638308     
  -1.96000004559755        1.11502505730796     
  -1.95000004582107        1.11113480657802     
  -1.94000004604459        1.10723181821750     
  -1.93000004626811        1.10331595362358     
  -1.92000004649162        1.09938707149294     
  -1.91000004671514        1.09544502774561     
  -1.90000004693866        1.09148967544616     
  -1.89000004716218        1.08752086472192     
  -1.88000004738569        1.08353844267820     
  -1.87000004760921        1.07954225331030     
  -1.86000004783273        1.07553213741237     
  -1.85000004805624        1.07150793248262     
  -1.84000004827976        1.06746947262506     
  -1.83000004850328        1.06341658844742     
  -1.82000004872680        1.05934910695515     
  -1.81000004895031        1.05526685144119     
  -1.80000004917383        1.05116964137155     
  -1.79000004939735        1.04705729226625     
  -1.78000004962087        1.04292961557557     
  -1.77000004984438        1.03878641855122     
  -1.76000005006790        1.03462750411244     
  -1.75000005029142        1.03045267070648     
  -1.74000005051494        1.02626171216345     
  -1.73000005073845        1.02205441754498     
  -1.72000005096197        1.01783057098670     
  -1.71000005118549        1.01358995153401     
  -1.70000005140901        1.00933233297079     
  -1.69000005163252        1.00505748364085     
  -1.68000005185604        1.00076516626158     
  -1.67000005207956       0.996455137729479     
  -1.66000005230308       0.992127148917158     
  -1.65000005252659       0.987780944461252     
  -1.64000005275011       0.983416262540898     
  -1.63000005297363       0.979032834646156     
  -1.62000005319715       0.974630385335896     
  -1.61000005342066       0.970208631984571     
  -1.60000005364418       0.965767284517187     
  -1.59000005386770       0.961306045131934     
  -1.58000005409122       0.956824608009687     
  -1.57000005431473       0.952322659009677     
  -1.56000005453825       0.947799875350548     
  -1.55000005476177       0.943255925275903     
  -1.54000005498528       0.938690467703547     
  -1.53000005520880       0.934103151857340     
  -1.52000005543232       0.929493616880746     
  -1.51000005565584       0.924861491430888     
  -1.50000005587935       0.920206393252044     
  -1.49000005610287       0.915527928727216     
  -1.48000005632639       0.910825692406533     
  -1.47000005654991       0.906099266510985     
  -1.46000005677342       0.901348220409977     
  -1.45000005699694       0.896572110071050     
  -1.44000005722046       0.891770477480013     
  -1.43000005744398       0.886942850029515     
  -1.42000005766749       0.882088739874143     
  -1.41000005789101       0.877207643249706     
  -1.40000005811453       0.872299039754450     
  -1.39000005833805       0.867362391589592     
  -1.38000005856156       0.862397142756479     
  -1.37000005878508       0.857402718207369     
  -1.36000005900860       0.852378522946697     
  -1.35000005923212       0.847323941079329     
  -1.34000005945563       0.842238334802122     
  -1.33000005967915       0.837121043334757     
  -1.32000005990267       0.831971381785476     
  -1.31000006012619       0.826788639947009     
  -1.30000006034970       0.821572081017600     
  -1.29000006057322       0.816320940241569     
  -1.28000006079674       0.811034423463365     
  -1.27000006102026       0.805711705588618     
  -1.26000006124377       0.800351928945012     
  -1.25000006146729       0.794954201535278     
  -1.24000006169081       0.789517595173808     
  -1.23000006191432       0.784041143497757     
  -1.22000006213784       0.778523839842462     
  -1.21000006236136       0.772964634970312     
  -1.20000006258488       0.767362434640968     
  -1.19000006280839       0.761716097009735     
  -1.18000006303191       0.756024429839809     
  -1.17000006325543       0.750286187512326     
  -1.16000006347895       0.744500067817047     
  -1.15000006370246       0.738664708504407     
  -1.14000006392598       0.732778683577852     
  -1.13000006414950       0.726840499303333     
  -1.12000006437302       0.720848589910229     
  -1.11000006459653       0.714801312955400     
  -1.10000006482005       0.708696944319038     
  -1.09000006504357       0.702533672797582     
  -1.08000006526709       0.696309594255122     
  -1.07000006549060       0.690022705290571     
  -1.06000006571412       0.683670896372877     
  -1.05000006593764       0.677251944391357     
  -1.04000006616116       0.670763504561837     
  -1.03000006638467       0.664203101622481     
  -1.02000006660819       0.657568120245381     
  -1.01000006683171       0.650855794580716     
  -1.00000006705523       0.644063196840497     
 -0.990000067278743       0.637187224816915     
 -0.980000067502260       0.630224588217315     
 -0.970000067725778       0.623171793682317     
 -0.960000067949295       0.616025128336437     
 -0.950000068172812       0.608780641700311     
 -0.940000068396330       0.601434125770426     
 -0.930000068619847       0.593981093045864     
 -0.920000068843365       0.586416752250179     
 -0.910000069066882       0.578735981461067     
 -0.900000069290400       0.570933298318542     
 -0.890000069513917       0.563002826933502     
 -0.880000069737434       0.554938261061881     
 -0.870000069960952       0.546732823042699     
 -0.860000070184469       0.538379217919443     
 -0.850000070407987       0.529869582072104     
 -0.840000070631504       0.521195425577048     
 -0.830000070855021       0.512347567381771     
 -0.820000071078539       0.503316062226570     
 -0.810000071302056       0.494090118059795     
 -0.800000071525574       0.484658002471059     
 -0.790000071749091       0.475006936398316     
 -0.780000071972609       0.465122973041556     
 -0.770000072196126       0.454990859523569     
 -0.760000072419643       0.444593878356864     
 -0.750000072643161       0.433913665191872     
 -0.740000072866678       0.422929998597762     
 -0.730000073090196       0.411620556736176     
 -0.720000073313713       0.399960634678261     
 -0.710000073537230       0.387922814730589     
 -0.700000073760748       0.375476580394649     
 -0.690000073984265       0.362587862383138     
 -0.680000074207783       0.349218502318100     
 -0.670000074431300       0.335325616150542     
 -0.660000074654818       0.320860834718893     
 -0.650000074878335       0.305769392858594     
 -0.640000075101852       0.289989030610896     
 -0.630000075325370       0.273448659694137     
 -0.620000075548887       0.256066734568298     
 -0.610000075772405       0.237749248811508     
 -0.600000075995922       0.218387252244547     
 -0.590000076219440       0.197853749502957     
 -0.580000076442957       0.175999792476932     
 -0.570000076666474       0.152649511086727     
 -0.560000076889992       0.127593729895265     
 -0.550000077113509       0.100581677643325     
 -0.540000077337027       7.131009014954605E-002
 -0.530000077560544       3.940869752673936E-002
 -0.520000077784061       4.420614118229508E-003
 -0.510000078007579      -3.422458741900959E-002
 -0.500000078231096      -7.724851321352695E-002
 -0.490000078454614      -0.125577620565754     
 -0.480000078678131      -0.180421505357895     
 -0.470000078901649      -0.243390064886223     
 -0.460000079125166      -0.316674090201287     
 -0.450000079348683      -0.403333324064881     
 -0.440000079572201      -0.507774807051019     
 -0.430000079795718      -0.636586308536193     
 -0.420000080019236      -0.800075777151469     
 -0.410000080242753       -1.01532928969472     
 -0.400000080466270       -1.31287877089364     
 -0.390000080689788       -1.75316849217611     
 -0.380000080913305       -2.47507017685493     
 -0.370000081136823       -3.88415833320590     
 -0.360000081360340       -7.88426849140902     
 -0.350000081583858       -108.367627710563     
 -0.340000081807375        10.2405279431354     
 -0.330000082030892        5.11220777262361     
 -0.320000082254410        3.49528929200072     
 -0.310000082477927        2.70053223741391     
 -0.300000082701445        2.22630873295322     
 -0.290000082924962        1.91008779199684     
 -0.280000083148479        1.68332442575067     
 -0.270000083371997        1.51210416072035     
 -0.260000083595514        1.37772524157220     
 -0.250000083819032        1.26902876834174     
 -0.240000084042549        1.17894411908833     
 -0.230000084266067        1.10277366001331     
 -0.220000084489584        1.03727420137578     
 -0.210000084713101       0.980134456618583     
 -0.200000084936619       0.929662677582925     
 -0.190000085160136       0.884592035531893     
 -0.180000085383654       0.843955027142519     
 -0.170000085607171       0.806999938388321     
 -0.160000085830688       0.773133803480261     
 -0.150000086054206       0.741882547044848     
 -0.140000086277723       0.712862559111032     
 -0.130000086501241       0.685760051450700     
 -0.120000086724758       0.660315818467108     
 -0.110000086948276       0.636313820839190     
 -9.000008739531040E-002  0.591938206913745     
 -8.000008761882782E-002  0.571279845656950     
 -7.000008784234524E-002  0.551484989060129     
 -6.000008806586266E-002  0.532456567624935     
 -5.000008828938007E-002  0.514110312152211     
 -4.000008851289749E-002  0.496372677952236     
 -3.000008873641491E-002  0.479179159054719     
 -2.000008895993233E-002  0.462472909466763     
 -1.000008918344975E-002  0.446203608100641     
 -8.940696716308594E-008  0.430326518511053     
  9.999910369515419E-003  0.414801705464297     
  1.999991014599800E-002  0.399593378587915     
  2.999990992248058E-002  0.384669339630644     
  3.999990969896317E-002  0.370000514683730     
  4.999990947544575E-002  0.355560556450874     
  5.999990925192833E-002  0.341325504570327     
  6.999990902841091E-002  0.327273494282846     
  7.999990880489349E-002  0.313384505543601     
  8.999990858137608E-002  0.299640146119432     
  9.999990835785866E-002  0.286023463358111     
  0.109999908134341       0.272518780245803     
  0.119999907910824       0.259111552109253     
  0.129999907687306       0.245788240934017     
  0.139999907463789       0.232536204757767     
  0.149999907240272       0.219343600006989     
  0.159999907016754       0.206199294979707     
  0.169999906793237       0.193092792951494     
  0.179999906569719       0.180014163610492     
  0.189999906346202       0.166953981719514     
  0.199999906122684       0.153903272060782     
  0.209999905899167       0.140853459854800     
  0.219999905675650       0.127796325954068     
  0.229999905452132       0.114723966209162     
  0.239999905228615       0.101628754485772     
  0.249999905005097       8.850330887574384E-002
  0.259999904781580       7.534046070718282E-002
  0.269999904558063       6.213322600471777E-002
  0.279999904334545       4.887477909577177E-002
  0.289999904111028       3.555842809122675E-002
  0.299999903887510       2.217759200328379E-002
  0.309999903663993       8.725779288678936E-003
  0.319999903440475      -4.803432374748788E-003
  0.329999903216958      -1.841641524590049E-002
  0.339999902993441      -3.211950976749763E-002
  0.349999902769923      -4.591904204127358E-002
  0.359999902546406      -5.982134065896557E-002
  0.369999902322888      -7.383275300470755E-002
  0.379999902099371      -8.795966113826476E-002
  0.389999901875854      -0.102208497357465     
  0.399999901652336      -0.116585759537753     
  0.409999901428819      -0.131098026334508     
  0.419999901205301      -0.145751972335913     
  0.429999900981784      -0.160554383249601     
  0.439999900758266      -0.175512171200534     
  0.449999900534749      -0.190632390221729     
  0.459999900311232      -0.205922252015286     
  0.469999900087714      -0.221389142061952     
  0.479999899864197      -0.237040636158512     
  0.489999899640679      -0.252884517463774     
  0.499999899417162      -0.268928794137846     
  0.509999899193645      -0.285181717656574     
  0.519999898970127      -0.301651801896644     
  0.529999898746610      -0.318347843079837     
  0.539999898523092      -0.335278940679271     
  0.549999898299575      -0.352454519391910     
  0.559999898076057      -0.369884352290459     
  0.569999897852540      -0.387578585273425     
  0.579999897629023      -0.405547762944542     
  0.589999897405505      -0.423802856060971     
  0.599999897181988      -0.442355290700725     
  0.609999896958470      -0.461216979315250     
  0.619999896734953      -0.480400353843937     
  0.629999896511436      -0.499918401086617     
  0.639999896287918      -0.519784700549647     
  0.649999896064401      -0.540013464994942     
  0.659999895840883      -0.560619583954217     
  0.669999895617366      -0.581618670487246     
  0.679999895393848      -0.603027111498389     
  0.689999895170331      -0.624862121955895     
  0.699999894946814      -0.647141803392399     
  0.709999894723296      -0.669885207112421     
  0.719999894499779      -0.693112402575434     
  0.729999894276261      -0.716844551471464     
  0.739999894052744      -0.741103988076843     
  0.749999893829226      -0.765914306532251     
  0.759999893605709      -0.791300455771246     
  0.769999893382192      -0.817288842905943     
  0.779999893158674      -0.843907445983594     
  0.789999892935157      -0.871185937131912     
  0.799999892711639      -0.899155817244139     
  0.809999892488122      -0.927850563499039     
  0.819999892264605      -0.957305791180931     
  0.829999892041087      -0.987559431456851     
  0.839999891817570       -1.01865192698922     
  0.849999891594052       -1.05062644752147     
  0.859999891370535       -1.08352912786673     
  0.869999891147017       -1.11740933108060     
  0.879999890923500       -1.15231993998358     
  0.889999890699983       -1.18831768069004     
  0.899999890476465       -1.22546348230928     
  0.909999890252948       -1.26382287765638     
  0.919999890029430       -1.30346645053094     
  0.929999889805913       -1.34447033601776     
  0.939999889582396       -1.38691678129719     
  0.949999889358878       -1.43089477569758     
  0.959999889135361       -1.47650076016201     
  0.969999888911843       -1.52383942809636     
  0.979999888688326       -1.57302463161506     
  0.989999888464808       -1.62418040975095     
  0.999999888241291       -1.67744215823238     
   1.00999988801777       -1.73295796409752     
   1.01999988779426       -1.79089013291879     
   1.02999988757074       -1.85141694185913     
   1.03999988734722       -1.91473465853700     
   1.04999988712370       -1.98105987391987     
   1.05999988690019       -2.05063220778398     
   1.06999988667667       -2.12371745804352     
   1.07999988645315       -2.20061128132815     
   1.08999988622963       -2.28164351235672     
   1.09999988600612       -2.36718325536678     
   1.10999988578260       -2.45764491349399     
   1.11999988555908       -2.55349536414257     
   1.12999988533556       -2.65526254273015     
   1.13999988511205       -2.76354576827510     
   1.14999988488853       -2.87902823763249     
   1.15999988466501       -3.00249223901653     
   1.16999988444149       -3.13483780133397     
   1.17999988421798       -3.27710571997190     
   1.18999988399446       -3.43050620604385     
   1.19999988377094       -3.59645482934524     
   1.20999988354743       -3.77661801740948     
   1.21999988332391       -3.97297121223916     
   1.22999988310039       -4.18787399259700     
   1.23999988287687       -4.42416823115945     
   1.24999988265336       -4.68530797064247     
   1.25999988242984       -4.97553365786370     
   1.26999988220632       -5.30010947754134     
   1.27999988198280       -5.66565215899549     
   1.28999988175929       -6.08059521058491     
   1.29999988153577       -6.55585845429927     
   1.30999988131225       -7.10583721162048     
   1.31999988108873       -7.74990457562038     
   1.32999988086522       -8.51476664308590     
   1.33999988064170       -9.43829477085746     
   1.34999988041818       -10.5760416495116     
   1.35999988019466       -12.0129237559584     
   1.36999987997115       -13.8855768147039     
   1.37999987974763       -16.4288034683457     
   1.38999987952411       -20.0830362885044     
   1.39999987930059       -25.7825387341954     
   1.40999987907708       -35.9171105971000     
   1.41999987885356       -58.9750219583407     
   1.42999987863004       -163.276421446561     
   1.43999987840652        214.684272472385     
   1.44999987818301        64.9518603921101     
   1.45999987795949        38.3229752868287     
   1.46999987773597        27.2060870117602     
   1.47999987751245        21.1024270838946     
   1.48999987728894        17.2435311997115     
   1.49999987706542        14.5824760654979     
   1.50999987684190        12.6357662733541     
   1.51999987661839        11.1492541354084     
   1.52999987639487        9.97656687210357     
   1.53999987617135        9.02745329371500     
   1.54999987594783        8.24323909475521     
   1.55999987572432        7.58412754871226     
   1.56999987550080        7.02217268995978     
   1.57999987527728        6.53717373840627     
   1.58999987505376        6.11416572760692     
   1.59999987483025        5.74182637876443     
   1.60999987460673        5.41143130328967     
   1.61999987438321        5.11614929915006     
   1.62999987415969        4.85055523178300     
   1.63999987393618        4.61028595753251     
   1.64999987371266        4.39179257035944     
   1.65999987348914        4.19215891509770     
   1.66999987326562        4.00896657097635     
   1.67999987304211        3.84019299176564     
   1.68999987281859        3.68413367648771     
   1.69999987259507        3.53934200678228     
   1.70999987237155        3.40458224295265     
   1.71999987214804        3.27879243911201     
   1.72999987192452        3.16105491809532     
   1.73999987170100        3.05057256765219     
   1.74999987147748        2.94664966115243     
   1.75999987125397        2.84867622650516     
   1.76999987103045        2.75611522033675     
   1.77999987080693        2.66849193695490     
   1.78999987058342        2.58538521089351     
   1.79999987035990        2.50642006818347     
   1.80999987013638        2.43126155551401     
   1.81999986991286        2.35960953278428     
   1.82999986968935        2.29119425795697     
   1.83999986946583        2.22577262710678     
   1.84999986924231        2.16312495889795     
   1.85999986901879        2.10305223377906     
   1.86999986879528        2.04537371446826     
   1.87999986857176        1.98992488780831     
   1.88999986834824        1.93655567833892     
   1.89999986812472        1.88512889276656     
   1.90999986790121        1.83551886108785     
   1.91999986767769        1.78761024610024     
   1.92999986745417        1.74129699736733     
   1.93999986723065        1.69648142958895     
   1.94999986700714        1.65307340847286     
   1.95999986678362        1.61098962978331     
   1.96999986656010        1.57015297923341     
   1.97999986633658        1.53049196301233     
   1.98999986611307        1.49194019985066     
   1.99999986588955        1.45443596708874     
