  2.061153622439000E-007  9.989024482696271E-008
  2.081868560730650E-007  1.008941584775521E-007
  2.102791687613270E-007  1.019081616280680E-007
  2.123925095416982E-007  1.029323556796705E-007
  2.145270897500181E-007  1.039668430526182E-007
  2.166831228460860E-007  1.050117271965105E-007
  2.188608244350085E-007  1.060671126006325E-007
  2.210604122887591E-007  1.071331048044041E-007
  2.232821063679562E-007  1.082098104079341E-007
  2.255261288438591E-007  1.092973370826800E-007
  2.277927041205855E-007  1.103957935822156E-007
  2.300820588575518E-007  1.115052897531062E-007
  2.323944219921395E-007  1.126259365458935E-007
  2.347300247625892E-007  1.137578460261906E-007
  2.370891007311241E-007  1.149011313858889E-007
  2.394718858073070E-007  1.160559069544770E-007
  2.418786182716312E-007  1.172222882104742E-007
  2.443095387993488E-007  1.184003917929780E-007
  2.467648904845383E-007  1.195903355133284E-007
  2.492449188644143E-007  1.207922383668890E-007
  2.517498719438816E-007  1.220062205449469E-007
  2.542800002203354E-007  1.232324034467315E-007
  2.568355567087120E-007  1.244709096915547E-007
  2.594167969667899E-007  1.257218631310732E-007
  2.620239791207458E-007  1.269853888616735E-007
  2.646573638909678E-007  1.282616132369813E-007
  2.673172146181275E-007  1.295506638804980E-007
  2.700037972895140E-007  1.308526696983619E-007
  2.727173805656335E-007  1.321677608922399E-007
  2.754582358070747E-007  1.334960689723473E-007
  2.782266371016460E-007  1.348377267705990E-007
  2.810228612917836E-007  1.361928684538929E-007
  2.838471880022370E-007  1.375616295375266E-007
  2.866998996680307E-007  1.389441468987492E-007
  2.895812815627086E-007  1.403405587904489E-007
  2.924916218268613E-007  1.417510048549784E-007
  2.954312114969406E-007  1.431756261381196E-007
  2.984003445343630E-007  1.446145651031882E-007
  3.013993178549066E-007  1.460679656452795E-007
  3.044284313584026E-007  1.475359731056590E-007
  3.074879879587257E-007  1.490187342862962E-007
  3.105782936140856E-007  1.505163974645448E-007
  3.136996573576229E-007  1.520291124079705E-007
  3.168523913283132E-007  1.535570303893284E-007
  3.200368108021809E-007  1.551003042016898E-007
  3.232532342238271E-007  1.566590881737220E-007
  3.265019832382742E-007  1.582335381851214E-007
  3.297833827231311E-007  1.598238116822009E-007
  3.330977608210807E-007  1.614300676936356E-007
  3.364454489726948E-007  1.630524668463652E-007
  3.398267819495783E-007  1.646911713816569E-007
  3.432420978878466E-007  1.663463451713299E-007
  3.466917383219398E-007  1.680181537341425E-007
  3.501760482187759E-007  1.697067642523441E-007
  3.536953760122483E-007  1.714123455883937E-007
  3.572500736380690E-007  1.731350683018461E-007
  3.608404965689629E-007  1.748751046664085E-007
  3.644670038502152E-007  1.766326286871673E-007
  3.681299581355759E-007  1.784078161179891E-007
  3.718297257235262E-007  1.802008444790964E-007
  3.755666765939080E-007  1.820118930748196E-007
  3.793411844449224E-007  1.838411430115272E-007
  3.831536267305001E-007  1.856887772157375E-007
  3.870043846980465E-007  1.875549804524105E-007
  3.908938434265675E-007  1.894399393434250E-007
  3.948223918651771E-007  1.913438423862411E-007
  3.987904228719929E-007  1.932668799727495E-007
  4.027983332534224E-007  1.952092444083114E-007
  4.068465238038437E-007  1.971711299309892E-007
  4.109353993456852E-007  1.991527327309698E-007
  4.150653687699086E-007  2.011542509701846E-007
  4.192368450768980E-007  2.031758848021257E-007
  4.234502454177603E-007  2.052178363918607E-007
  4.277059911360407E-007  2.072803099362503E-007
  4.320045078098576E-007  2.093635116843678E-007
  4.363462252944604E-007  2.114676499581238E-007
  4.407315777652157E-007  2.135929351730993E-007
  4.451610037610251E-007  2.157395798595867E-007
  4.496349462281793E-007  2.179077986838437E-007
  4.541538525646534E-007  2.200978084695596E-007
  4.587181746648468E-007  2.223098282195379E-007
  4.633283689647730E-007  2.245440791375968E-007
  4.679848964877040E-007  2.268007846506903E-007
  4.726882228902725E-007  2.290801704312502E-007
  4.774388185090382E-007  2.313824644197539E-007
  4.822371584075218E-007  2.337078968475189E-007
  4.870837224237117E-007  2.360567002597259E-007
  4.919789952180485E-007  2.384291095386735E-007
  4.969234663218909E-007  2.408253619272665E-007
  5.019176301864698E-007  2.432456970527407E-007
  5.069619862323334E-007  2.456903569506256E-007
  5.120570388992901E-007  2.481595860889483E-007
  5.172032976968522E-007  2.506536313926801E-007
  5.224012772551882E-007  2.531727422684299E-007
  5.276514973765856E-007  2.557171706293845E-007
  5.329544830874317E-007  2.582871709205004E-007
  5.383107646907167E-007  2.608830001439485E-007
  5.437208778190647E-007  2.635049178848141E-007
  5.491853634882967E-007  2.661531863370564E-007
  5.547047681515337E-007  2.688280703297274E-007
  5.602796437538412E-007  2.715298373534556E-007
  5.659105477874254E-007  2.742587575871947E-007
  5.715980433473820E-007  2.770151039252422E-007
  5.773426991880067E-007  2.797991520045290E-007
  5.831450897796707E-007  2.826111802321829E-007
  5.890057953662685E-007  2.854514698133702E-007
  5.949254020232427E-007  2.883203047794158E-007
  6.009045017161921E-007  2.912179720162070E-007
  6.069436923600686E-007  2.941447612928823E-007
  6.130435778789690E-007  2.971009652908084E-007
  6.192047682665288E-007  3.000868796328484E-007
  6.254278796469210E-007  3.031028029129250E-007
  6.317135343364694E-007  3.061490367258795E-007
  6.380623609058812E-007  3.092258856976314E-007
  6.444749942431040E-007  3.123336575156423E-007
  6.509520756168154E-007  3.154726629596837E-007
  6.574942527405504E-007  3.186432159329158E-007
  6.641021798374731E-007  3.218456334932780E-007
  6.707765177057999E-007  3.250802358851951E-007
  6.775179337848795E-007  3.283473465716019E-007
  6.843271022219378E-007  3.316472922662895E-007
  6.912047039394927E-007  3.349804029665773E-007
  6.981514267034474E-007  3.383470119863132E-007
  7.051679651918673E-007  3.417474559892044E-007
  7.122550210644483E-007  3.451820750224850E-007
  7.194133030326836E-007  3.486512125509206E-007
  7.266435269307352E-007  3.521552154911548E-007
  7.339464157870182E-007  3.556944342464019E-007
  7.413226998965040E-007  3.592692227414866E-007
  7.487731168937503E-007  3.628799384582373E-007
  7.562984118266657E-007  3.665269424712349E-007
  7.638993372310146E-007  3.702105994839197E-007
  7.715766532056714E-007  3.739312778650629E-007
  7.793311274886315E-007  3.776893496856028E-007
  7.871635355337853E-007  3.814851907558535E-007
  7.950746605884642E-007  3.853191806630851E-007
  8.030652937717663E-007  3.891917028094835E-007
  8.111362341536690E-007  3.931031444504903E-007
  8.192882888349362E-007  3.970538967335291E-007
  8.275222730278293E-007  4.010443547371206E-007
  8.358390101376295E-007  4.050749175103906E-007
  8.442393318449782E-007  4.091459881129751E-007
  8.527240781890465E-007  4.132579736553271E-007
  8.612940976515395E-007  4.174112853394273E-007
  8.699502472415452E-007  4.216063384999054E-007
  8.786933925812359E-007  4.258435526455732E-007
  8.875244079924318E-007  4.301233515013764E-007
  8.964441765840330E-007  4.344461630507670E-007
  9.054535903403319E-007  4.388124195785023E-007
  9.145535502102119E-007  4.432225577138736E-007
  9.237449661972436E-007  4.476770184743697E-007
  9.330287574506850E-007  4.521762473097787E-007
  9.424058523573979E-007  4.567206941467333E-007
  9.518771886346875E-007  4.613108134337046E-007
  9.614437134240741E-007  4.659470641864460E-007
  9.711063833860089E-007  4.706299100338966E-007
  9.808661647955404E-007  4.753598192645436E-007
  9.907240336389425E-007  4.801372648732512E-007
  1.000680975711315E-006  4.849627246085620E-007
  1.010737986715162E-006  4.898366810204706E-007
  1.020896072359964E-006  4.947596215086797E-007
  1.031156248462753E-006  4.997320383713407E-007
  1.041519541049687E-006  5.047544288542837E-007
  1.051986986458663E-006  5.098272952007419E-007
  1.062559631442943E-006  5.149511447015780E-007
  1.073238533275836E-006  5.201264897460113E-007
  1.084024759856425E-006  5.253538478728595E-007
  1.094919389816357E-006  5.306337418222913E-007
  1.105923512627707E-006  5.359666995881014E-007
  1.117038228711926E-006  5.413532544705108E-007
  1.128264649549883E-006  5.467939451294964E-007
  1.139603897793020E-006  5.522893156386578E-007
  1.151057107375609E-006  5.578399155396260E-007
  1.162625423628153E-006  5.634462998970159E-007
  1.174310003391917E-006  5.691090293539359E-007
  1.186112015134616E-006  5.748286701880502E-007
  1.198032639067258E-006  5.806057943682088E-007
  1.210073067262170E-006  5.864409796116439E-007
  1.222234503772207E-006  5.923348094417425E-007
  1.234518164751152E-006  5.982878732463991E-007
  1.246925278575342E-006  6.043007663369555E-007
  1.259457085966497E-006  6.103740900077309E-007
  1.272114840115799E-006  6.165084515961539E-007
  1.284899806809213E-006  6.227044645434953E-007
  1.297813264554060E-006  6.289627484562129E-007
  1.310856504706878E-006  6.352839291679134E-007
  1.324030831602551E-006  6.416686388019355E-007
  1.337337562684746E-006  6.481175158345637E-007
  1.350778028637662E-006  6.546312051588748E-007
  1.364353573519093E-006  6.612103581492297E-007
  1.378065554894842E-006  6.678556327264096E-007
  1.391915343974472E-006  6.745676934234106E-007
  1.405904325748432E-006  6.813472114518952E-007
  1.420033899126559E-006  6.881948647693162E-007
  1.434305477077963E-006  6.951113381467117E-007
  1.448720486772334E-006  7.020973232371830E-007
  1.463280369722653E-006  7.091535186450613E-007
  1.477986581929349E-006  7.162806299957670E-007
  1.492840594025897E-006  7.234793700063746E-007
  1.507843891425886E-006  7.307504585568842E-007
  1.522997974471558E-006  7.380946227622102E-007
  1.538304358583846E-006  7.455125970448931E-007
  1.553764574413918E-006  7.530051232085430E-007
  1.569380167996239E-006  7.605729505120199E-007
  1.585152700903180E-006  7.682168357443607E-007
  1.601083750401178E-006  7.759375433004588E-007
  1.617174909608456E-006  7.837358452575034E-007
  1.633427787654345E-006  7.916125214521889E-007
  1.649844009840194E-006  7.995683595586992E-007
  1.666425217801901E-006  8.076041551674739E-007
  1.683173069674081E-006  8.157207118647712E-007
  1.700089240255878E-006  8.239188413130244E-007
  1.717175421178446E-006  8.321993633320098E-007
  1.734433321074116E-006  8.405631059808299E-007
  1.751864665747259E-006  8.490109056407198E-007
  1.769471198346869E-006  8.575436070986849E-007
  1.787254679540878E-006  8.661620636319819E-007
  1.805216887692224E-006  8.748671370934456E-007
  1.823359619036693E-006  8.836596979976770E-007
  1.841684687862537E-006  8.925406256080936E-007
  1.860193926691909E-006  9.015108080248570E-007
  1.878889186464117E-006  9.105711422736840E-007
  1.897772336720718E-006  9.197225343955502E-007
  1.916845265792473E-006  9.289658995372934E-007
  1.936109880988184E-006  9.383021620431311E-007
  1.955568108785423E-006  9.477322555470940E-007
  1.975221895023187E-006  9.572571230663906E-007
  1.995073205096477E-006  9.668777170957107E-007
  2.015124024152843E-006  9.765949997024739E-007
  2.035376357290900E-006  9.864099426230392E-007
  2.055832229760839E-006  9.963235273598776E-007
  2.076493687166953E-006  1.006336745279724E-006
  2.097362795672201E-006  1.016450597712714E-006
  2.118441642204824E-006  1.026666096052521E-006
  2.139732334667041E-006  1.036984261857490E-006
  2.161237002145842E-006  1.047406126952801E-006
  2.182957795125894E-006  1.057932733533649E-006
  2.204896885704596E-006  1.068565134269463E-006
  2.227056467809289E-006  1.079304392409178E-006
  2.249438757416649E-006  1.090151581887556E-006
  2.272045992774289E-006  1.101107787432585E-006
  2.294880434624585E-006  1.112174104673950E-006
  2.317944366430750E-006  1.123351640252597E-006
  2.341240094605185E-006  1.134641511931398E-006
  2.364769948740120E-006  1.146044848706930E-006
  2.388536281840578E-006  1.157562790922372E-006
  2.412541470559673E-006  1.169196490381545E-006
  2.436787915436282E-006  1.180947110464089E-006
  2.461278041135098E-006  1.192815826241805E-006
  2.486014296689100E-006  1.204803824596161E-006
  2.510999155744455E-006  1.216912304336982E-006
  2.536235116807892E-006  1.229142476322334E-006
  2.561724703496545E-006  1.241495563579606E-006
  2.587470464790326E-006  1.253972801427818E-006
  2.613474975286819E-006  1.266575437601154E-006
  2.639740835458743E-006  1.279304732373732E-006
  2.666270671914005E-006  1.292161958685637E-006
  2.693067137658357E-006  1.305148402270216E-006
  2.720132912360706E-006  1.318265361782648E-006
  2.747470702621075E-006  1.331514148929816E-006
  2.775083242241273E-006  1.344896088601475E-006
  2.802973292498272E-006  1.358412519002743E-006
  2.831143642420341E-006  1.372064791787926E-006
  2.859597109065945E-006  1.385854272195677E-006
  2.888336537805461E-006  1.399782339185529E-006
  2.917364802605713E-006  1.413850385575788E-006
  2.946684806317371E-006  1.428059818182817E-006
  2.976299480965240E-006  1.442412057961716E-006
  3.006211788041463E-006  1.456908540148425E-006
  3.036424718801675E-006  1.471550714403242E-006
  3.066941294564129E-006  1.486340044955795E-006
  3.097764567011833E-006  1.501278010751463E-006
  3.128897618497717E-006  1.516366105599274E-006
  3.160343562352875E-006  1.531605838321287E-006
  3.192105543197895E-006  1.546998732903474E-006
  3.224186737257333E-006  1.562546328648118E-006
  3.256590352677327E-006  1.578250180327753E-006
  3.289319629846424E-006  1.594111858340633E-006
  3.322377841719614E-006  1.610132948867776E-006
  3.355768294145633E-006  1.626315054031586E-006
  3.389494326197550E-006  1.642659792056065E-006
  3.423559310506675E-006  1.659168797428636E-006
  3.457966653599826E-006  1.675843721063593E-006
  3.492719796239985E-006  1.692686230467197E-006
  3.527822213770378E-006  1.709698009904422E-006
  3.563277416462010E-006  1.726880760567389E-006
  3.599088949864695E-006  1.744236200745484E-006
  3.635260395161617E-006  1.761766065997185E-006
  3.671795369527450E-006  1.779472109323629E-006
  3.708697526490075E-006  1.797356101343901E-006
  3.745970556295941E-006  1.815419830472107E-006
  3.783618186279089E-006  1.833665103096213E-006
  3.821644181233890E-006  1.852093743758686E-006
  3.860052343791530E-006  1.870707595338950E-006
  3.898846514800269E-006  1.889508519237674E-006
  3.938030573709538E-006  1.908498395562915E-006
  3.977608438957880E-006  1.927679123318130E-006
  4.017584068364803E-006  1.947052620592079E-006
  4.057961459526561E-006  1.966620824750635E-006
  4.098744650215917E-006  1.986385692630519E-006
  4.139937718785926E-006  2.006349200734990E-006
  4.181544784577773E-006  2.026513345431496E-006
  4.223570008332711E-006  2.046880143151309E-006
  4.266017592608136E-006  2.067451630591173E-006
  4.308891782197847E-006  2.088229864916976E-006
  4.352196864556534E-006  2.109216923969465E-006
  4.395937170228519E-006  2.130414906472033E-006
  4.440117073280820E-006  2.151825932240598E-006
  4.484740991740559E-006  2.173452142395578E-006
  4.529813388036769E-006  2.195295699576010E-006
  4.575338769446639E-006  2.217358788155815E-006
  4.621321688546249E-006  2.239643614462237E-006
  4.667766743665828E-006  2.262152406996477E-006
  4.714678579349592E-006  2.284887416656548E-006
  4.762061886820203E-006  2.307850916962358E-006
  4.809921404447894E-006  2.331045204283077E-006
  4.858261918224311E-006  2.354472598066763E-006
  4.907088262241116E-006  2.378135441072319E-006
  4.956405319173398E-006  2.402036099603764E-006
  5.006218020767949E-006  2.426176963746868E-006
  5.056531348336439E-006  2.450560447608163E-006
  5.107350333253554E-006  2.475188989556355E-006
  5.158680057460133E-006  2.500065052466161E-006
  5.210525653971372E-006  2.525191123964603E-006
  5.262892307390128E-006  2.550569716679770E-006
  5.315785254425382E-006  2.576203368492081E-006
  5.369209784415913E-006  2.602094642788078E-006
  5.423171239859242E-006  2.628246128716768E-006
  5.477675016945882E-006  2.654660441448536E-006
  5.532726566098960E-006  2.681340222436668E-006
  5.588331392519269E-006  2.708288139681492E-006
  5.644495056735788E-006  2.735506887997194E-006
  5.701223175161743E-006  2.762999189281286E-006
  5.758521420656249E-006  2.790767792786806E-006
  5.816395523091605E-006  2.818815475397244E-006
  5.874851269926282E-006  2.847145041904236E-006
  5.933894506783677E-006  2.875759325288039E-006
  5.993531138036679E-006  2.904661187000838E-006
  6.053767127398112E-006  2.933853517252886E-006
  6.114608498517106E-006  2.963339235301538E-006
  6.176061335581476E-006  2.993121289743170E-006
  6.238131783926139E-006  3.023202658808042E-006
  6.300826050647656E-006  3.053586350658130E-006
  6.364150405224943E-006  3.084275403687939E-006
  6.428111180146228E-006  3.115272886828345E-006
  6.492714771542306E-006  3.146581899853492E-006
  6.557967639826152E-006  3.178205573690775E-006
  6.623876310338971E-006  3.210147070733929E-006
  6.690447374002740E-006  3.242409585159278E-006
  6.757687487979300E-006  3.274996343245149E-006
  6.825603376336083E-006  3.307910603694504E-006
  6.894201830718521E-006  3.341155657960819E-006
  6.963489711029219E-006  3.374734830577223E-006
  7.033473946113947E-006  3.408651479488960E-006
  7.104161534454534E-006  3.442908996389186E-006
  7.175559544868721E-006  3.477510807058137E-006
  7.247675117217048E-006  3.512460371705715E-006
  7.320515463116846E-006  3.547761185317510E-006
  7.394087866663405E-006  3.583416778004299E-006
  7.468399685158392E-006  3.619430715355063E-006
  7.543458349845581E-006  3.655806598793550E-006
  7.619271366653990E-006  3.692548065938416E-006
  7.695846316948479E-006  3.729658790966993E-006
  7.773190858287890E-006  3.767142484982708E-006
  7.851312725190810E-006  3.805002896386199E-006
  7.930219729909032E-006  3.843243811250156E-006
  8.009919763208783E-006  3.881869053697935E-006
  8.090420795159810E-006  3.920882486285965E-006
  8.171730875932394E-006  3.960288010390018E-006
  8.253858136602368E-006  4.000089566595338E-006
  8.336810789964242E-006  4.040291135090717E-006
  8.420597131352476E-006  4.080896736066503E-006
  8.505225539471033E-006  4.121910430116632E-006
  8.590704477231249E-006  4.163336318644686E-006
  8.677042492598133E-006  4.205178544274038E-006
  8.764248219445169E-006  4.247441291262122E-006
  8.852330378417714E-006  4.290128785918852E-006
  8.941297777805069E-006  4.333245297029265E-006
  9.031159314421309E-006  4.376795136280405E-006
  9.121923974494983E-006  4.420782658692488E-006
  9.213600834567735E-006  4.465212263054408E-006
  9.306199062401971E-006  4.510088392363627E-006
  9.399727917897638E-006  4.555415534270471E-006
  9.494196754018227E-006  4.601198221526902E-006
  9.589615017726075E-006  4.647441032439799E-006
  9.685992250927068E-006  4.694148591328787E-006
  9.783338091424841E-006  4.741325568988677E-006
  9.881662273884565E-006  4.788976683156548E-006
  9.980974630806424E-006  4.837106698983527E-006
  1.008128509350887E-005  4.885720429511300E-006
  1.018260369312177E-005  4.934822736153433E-006
  1.028494056158950E-005  4.984418529181510E-006
  1.038830593268422E-005  5.034512768216156E-006
  1.049271014302915E-005  5.085110462723025E-006
  1.059816363313233E-005  5.136216672513728E-006
  1.070467694843066E-005  5.187836508251833E-006
  1.081226074034443E-005  5.239975131963927E-006
  1.092092576734248E-005  5.292637757555831E-006
  1.103068289601807E-005  5.345829651333987E-006
  1.114154310217553E-005  5.399556132532097E-006
  1.125351747192785E-005  5.453822573843056E-006
  1.136661720280533E-005  5.508634401956210E-006
  1.148085360487530E-005  5.563997098100050E-006
  1.159623810187317E-005  5.619916198590322E-006
  1.171278223234479E-005  5.676397295383672E-006
  1.183049765080033E-005  5.733446036636847E-006
  1.194939612887973E-005  5.791068127271512E-006
  1.206948955652988E-005  5.849269329544744E-006
  1.219078994319362E-005  5.908055463625272E-006
  1.231330941901071E-005  5.967432408175490E-006
  1.243706023603083E-005  6.027406100939331E-006
  1.256205476943880E-005  6.087982539336048E-006
  1.268830551879213E-005  6.149167781059959E-006
  1.281582510927096E-005  6.210967944686224E-006
  1.294462629294061E-005  6.273389210282700E-006
  1.307472195002678E-005  6.336437820027965E-006
  1.320612509020358E-005  6.400120078835530E-006
  1.333884885389455E-005  6.464442354984344E-006
  1.347290651358665E-005  6.529411080755619E-006
  1.360831147515758E-005  6.595032753076070E-006
  1.374507727921631E-005  6.661313934167614E-006
  1.388321760245723E-005  6.728261252203588E-006
  1.402274625902779E-005  6.795881401971585E-006
  1.416367720190991E-005  6.864181145542929E-006
  1.430602452431532E-005  6.933167312948889E-006
  1.444980246109490E-005  7.002846802863693E-006
  1.459502539016212E-005  7.073226583294392E-006
  1.474170783393093E-005  7.144313692277679E-006
  1.488986446076792E-005  7.216115238583686E-006
  1.503951008645925E-005  7.288638402426877E-006
  1.519065967569219E-005  7.361890436184068E-006
  1.534332834355163E-005  7.435878665119672E-006
  1.549753135703158E-005  7.510610488118240E-006
  1.565328413656187E-005  7.586093378424340E-006
  1.581060225755028E-005  7.662334884389903E-006
  1.596950145193998E-005  7.739342630229058E-006
  1.612999760978284E-005  7.817124316780550E-006
  1.629210678082839E-005  7.895687722277861E-006
  1.645584517612882E-005  7.975040703126993E-006
  1.662122916966012E-005  8.055191194692157E-006
  1.678827529995945E-005  8.136147212089301E-006
  1.695700027177905E-005  8.217916850987619E-006
  1.712742095775671E-005  8.300508288419136E-006
  1.729955440010305E-005  8.383929783596421E-006
  1.747341781230574E-005  8.468189678738501E-006
  1.764902858085089E-005  8.553296399905101E-006
  1.782640426696169E-005  8.639258457839254E-006
  1.800556260835458E-005  8.726084448818382E-006
  1.818652152101299E-005  8.813783055513930E-006
  1.836929910097899E-005  8.902363047859649E-006
  1.855391362616288E-005  8.991833283928577E-006
  1.874038355817104E-005  9.082202710818878E-006
  1.892872754415205E-005  9.173480365548537E-006
  1.911896441866147E-005  9.265675375959089E-006
  1.931111320554528E-005  9.358796961628392E-006
  1.950519311984229E-005  9.452854434792608E-006
  1.970122356970567E-005  9.547857201277427E-006
  1.989922415834376E-005  9.643814761438659E-006
  2.009921468598042E-005  9.740736711112279E-006
  2.030121515183509E-005  9.838632742574008E-006
  2.050524575612267E-005  9.937512645508565E-006
  2.071132690207363E-005  1.003738630798864E-005
  2.091947919797429E-005  1.013826371746368E-005
  2.112972345922771E-005  1.024015496175871E-005
  2.134208071043522E-005  1.034307023008305E-005
  2.155657218749889E-005  1.044701981404929E-005
  2.177321933974518E-005  1.055201410870243E-005
  2.199204383206985E-005  1.065806361355942E-005
  2.221306754710450E-005  1.076517893365911E-005
  2.243631258740481E-005  1.087337078062277E-005
  2.266180127766085E-005  1.098264997372523E-005
  2.288955616692955E-005  1.109302744097687E-005
  2.311960003088964E-005  1.120451422021637E-005
  2.335195587411921E-005  1.131712146021455E-005
  2.358664693239622E-005  1.143086042178923E-005
  2.382369667502208E-005  1.154574247893135E-005
  2.406312880716859E-005  1.166177911994233E-005
  2.430496727224849E-005  1.177898194858296E-005
  2.454923625430982E-005  1.189736268523375E-005
  2.479596018045435E-005  1.201693316806701E-005
  2.504516372328029E-005  1.213770535423065E-005
  2.529687180334960E-005  1.225969132104390E-005
  2.555110959168004E-005  1.238290326720508E-005
  2.580790251226231E-005  1.250735351401148E-005
  2.606727624460247E-005  1.263305450659145E-005
  2.632925672628988E-005  1.276001881514900E-005
  2.659387015559105E-005  1.288825913622075E-005
  2.686114299406941E-005  1.301778829394566E-005
  2.713110196923153E-005  1.314861924134743E-005
  2.740377407719991E-005  1.328076506162979E-005
  2.767918658541256E-005  1.341423896948488E-005
  2.795736703534981E-005  1.354905431241469E-005
  2.823834324528849E-005  1.368522457206582E-005
  2.852214331308372E-005  1.382276336557770E-005
  2.880879561897880E-005  1.396168444694427E-005
  2.909832882844318E-005  1.410200170838940E-005
  2.939077189503909E-005  1.424372918175615E-005
  2.968615406331690E-005  1.438688103990992E-005
  2.998450487173959E-005  1.453147159815580E-005
  3.028585415563662E-005  1.467751531567008E-005
  3.059023205018751E-005  1.482502679694618E-005
  3.089766899343537E-005  1.497402079325511E-005
  3.120819572933071E-005  1.512451220412065E-005
  3.152184331080590E-005  1.527651607880925E-005
  3.183864310288046E-005  1.543004761783502E-005
  3.215862678579760E-005  1.558512217447976E-005
  3.248182635819227E-005  1.574175525632834E-005
  3.280827414029103E-005  1.589996252681943E-005
  3.313800277714414E-005  1.605975980681188E-005
  3.347104524189006E-005  1.622116307616681E-005
  3.380743483905280E-005  1.638418847534561E-005
  3.414720520787241E-005  1.654885230702402E-005
  3.449039032566889E-005  1.671517103772238E-005
  3.483702451124003E-005  1.688316129945232E-005
  3.518714242829325E-005  1.705283989137995E-005
  3.554077908891202E-005  1.722422378150582E-005
  3.589796985705708E-005  1.739733010836170E-005
  3.625875045210293E-005  1.757217618272450E-005
  3.662315695240971E-005  1.774877948934728E-005
  3.699122579893114E-005  1.792715768870785E-005
  3.736299379885858E-005  1.810732861877471E-005
  3.773849812930184E-005  1.828931029679096E-005
  3.811777634100688E-005  1.847312092107601E-005
  3.850086636211095E-005  1.865877887284538E-005
  3.888780650193538E-005  1.884630271804891E-005
  3.927863545481662E-005  1.903571120922732E-005
  3.967339230397565E-005  1.922702328738751E-005
  4.007211652542635E-005  1.942025808389664E-005
  4.047484799192313E-005  1.961543492239533E-005
  4.088162697694826E-005  1.981257332072999E-005
  4.129249415873922E-005  2.001169299290468E-005
  4.170749062435658E-005  2.021281385105246E-005
  4.212665787379273E-005  2.041595600742666E-005
  4.255003782412192E-005  2.062113977641213E-005
  4.297767281369201E-005  2.082838567655666E-005
  4.340960560635832E-005  2.103771443262289E-005
  4.384587939576005E-005  2.124914697766077E-005
  4.428653780963972E-005  2.146270445510091E-005
  4.473162491420592E-005  2.167840822086892E-005
  4.518118521854002E-005  2.189627984552102E-005
  4.563526367904709E-005  2.211634111640114E-005
  4.609390570395158E-005  2.233861403981965E-005
  4.655715715783817E-005  2.256312084325401E-005
  4.702506436623831E-005  2.278988397757153E-005
  4.749767412026275E-005  2.301892611927451E-005
  4.797503368128075E-005  2.325027017276786E-005
  4.845719078564621E-005  2.348393927264959E-005
  4.894419364947136E-005  2.371995678602430E-005
  4.943609097344842E-005  2.395834631483986E-005
  4.993293194771970E-005  2.419913169824769E-005
  5.043476625679667E-005  2.444233701498664E-005
  5.094164408452843E-005  2.468798658579092E-005
  5.145361611912016E-005  2.493610497582215E-005
  5.197073355820196E-005  2.518671699712597E-005
  5.249304811394866E-005  2.543984771111318E-005
  5.302061201825112E-005  2.569552243106598E-005
  5.355347802793938E-005  2.595376672466925E-005
  5.409169943005849E-005  2.621460641656737E-005
  5.463533004719717E-005  2.647806759094673E-005
  5.518442424287016E-005  2.674417659414415E-005
  5.573903692695461E-005  2.701296003728150E-005
  5.629922356118111E-005  2.728444479892690E-005
  5.686504016467991E-005  2.755865802778255E-005
  5.743654331958286E-005  2.783562714539964E-005
  5.801379017668172E-005  2.811537984892053E-005
  5.859683846114323E-005  2.839794411384847E-005
  5.918574647828172E-005  2.868334819684522E-005
  5.978057311938966E-005  2.897162063855667E-005
  6.038137786762685E-005  2.926279026646699E-005
  6.098822080396878E-005  2.955688619778135E-005
  6.160116261321479E-005  2.985393784233772E-005
  6.222026459005659E-005  3.015397490554783E-005
  6.284558864520780E-005  3.045702739136779E-005
  6.347719731159503E-005  3.076312560529842E-005
  6.411515375061126E-005  3.107230015741590E-005
  6.475952175843203E-005  3.138458196543284E-005
  6.541036577239508E-005  3.170000225778993E-005
  6.606775087744418E-005  3.201859257677895E-005
  6.673174281263768E-005  3.234038478169700E-005
  6.740240797772241E-005  3.266541105203235E-005
  6.807981343977377E-005  3.299370389068260E-005
  6.876402693990248E-005  3.332529612720480E-005
  6.945511690002872E-005  3.366022092109859E-005
  7.015315242972443E-005  3.399851176512208E-005
  7.085820333312427E-005  3.434020248864119E-005
  7.157034011590611E-005  3.468532726101263E-005
  7.228963399234170E-005  3.503392059500081E-005
  7.301615689241808E-005  3.538601735022922E-005
  7.374998146903070E-005  3.574165273666636E-005
  7.449118110524875E-005  3.610086231814680E-005
  7.523982992165351E-005  3.646368201592754E-005
  7.599600278375051E-005  3.683014811228026E-005
  7.675977530945610E-005  3.720029725411948E-005
  7.753122387665932E-005  3.757416645666732E-005
  7.831042563085978E-005  3.795179310715510E-005
  7.909745849288223E-005  3.833321496856201E-005
  7.989240116666873E-005  3.871847018339149E-005
  8.069533314714912E-005  3.910759727748548E-005
  8.150633472819056E-005  3.950063516387712E-005
  8.232548701062700E-005  3.989762314668195E-005
  8.315287191036930E-005  4.029860092502843E-005
  8.398857216659692E-005  4.070360859702792E-005
  8.483267135003191E-005  4.111268666378450E-005
  8.568525387129605E-005  4.152587603344499E-005
  8.654640498935192E-005  4.194321802529003E-005
  8.741621082002897E-005  4.236475437386585E-005
  8.829475834463511E-005  4.279052723315784E-005
  8.918213541865493E-005  4.322057918080596E-005
  9.007843078053531E-005  4.365495322236259E-005
  9.098373406055935E-005  4.409369279559302E-005
  9.189813578980947E-005  4.453684177481935E-005
  9.282172740922061E-005  4.498444447530794E-005
  9.375460127872437E-005  4.543654565770094E-005
  9.469685068648510E-005  4.589319053249242E-005
  9.564856985822878E-005  4.635442476454944E-005
  9.660985396666569E-005  4.682029447767859E-005
  9.758079914100775E-005  4.729084625923842E-005
  9.856150247658151E-005  4.776612716479813E-005
  9.955206204453779E-005  4.824618472284333E-005
  1.005525769016588E-004  4.873106693952872E-005
  1.015631471002642E-004  4.922082230347895E-005
  1.025838736982157E-004  4.971549979063732E-005
  1.036148587690240E-004  5.021514886916362E-005
  1.046562054120551E-004  5.071981950438080E-005
  1.057080177628413E-004  5.122956216377165E-005
  1.067704010034941E-004  5.174442782202561E-005
  1.078434613732228E-004  5.226446796613619E-005
  1.089273061789587E-004  5.278973460054975E-005
  1.100220438060855E-004  5.332028025236602E-005
  1.111277837292783E-004  5.385615797659081E-005
  1.122446365234509E-004  5.439742136144157E-005
  1.133727138748133E-004  5.494412453370626E-005
  1.145121285920407E-004  5.549632216415605E-005
  1.156629946175544E-004  5.605406947301250E-005
  1.168254270389161E-004  5.661742223546952E-005
  1.179995421003365E-004  5.718643678727108E-005
  1.191854572143001E-004  5.776117003034466E-005
  1.203832909733068E-004  5.834167943849164E-005
  1.215931631617306E-004  5.892802306313461E-005
  1.228151947677985E-004  5.952025953912270E-005
  1.240495079956894E-004  6.011844809059491E-005
  1.252962262777549E-004  6.072264853690277E-005
  1.265554742868621E-004  6.133292129859223E-005
  1.278273779488612E-004  6.194932740344572E-005
  1.291120644551783E-004  6.257192849258507E-005
  1.304096622755347E-004  6.320078682663563E-005
  1.317203011707938E-004  6.383596529195238E-005
  1.330441122059372E-004  6.447752740690859E-005
  1.343812277631716E-004  6.512553732824777E-005
  1.357317815551671E-004  6.578005985749934E-005
  1.370959086384284E-004  6.644116044745886E-005
  1.384737454268004E-004  6.710890520873339E-005
  1.398654297051103E-004  6.778336091635251E-005
  1.412711006429456E-004  6.846459501644596E-005
  1.426908988085715E-004  6.915267563298834E-005
  1.441249661829877E-004  6.984767157461142E-005
  1.455734461741268E-004  7.054965234148518E-005
  1.470364836311949E-004  7.125868813226784E-005
  1.485142248591569E-004  7.197484985112581E-005
  1.500068176333671E-004  7.269820911482406E-005
  1.515144112143468E-004  7.342883825988805E-005
  1.530371563627103E-004  7.416681034983719E-005
  1.545752053542415E-004  7.491219918249148E-005
  1.561287119951212E-004  7.566507929735120E-005
  1.576978316373081E-004  7.642552598305101E-005
  1.592827211940740E-004  7.719361528488874E-005
  1.608835391556954E-004  7.796942401243019E-005
  1.625004456053024E-004  7.875302974718991E-005
  1.641336022348874E-004  7.954451085038960E-005
  1.657831723614744E-004  8.034394647079421E-005
  1.674493209434506E-004  8.115141655262686E-005
  1.691322145970627E-004  8.196700184356340E-005
  1.708320216130786E-004  8.279078390280717E-005
  1.725489119736162E-004  8.362284510924495E-005
  1.742830573691424E-004  8.446326866968509E-005
  1.760346312156419E-004  8.531213862717801E-005
  1.778038086719590E-004  8.616953986942077E-005
  1.795907666573136E-004  8.703555813724582E-005
  1.813956838689935E-004  8.791028003319510E-005
  1.832187408002238E-004  8.879379303018052E-005
  1.850601197582169E-004  8.968618548023112E-005
  1.869200048824031E-004  9.058754662332850E-005
  1.887985821628447E-004  9.149796659633076E-005
  1.906960394588353E-004  9.241753644198638E-005
  1.926125665176857E-004  9.334634811803849E-005
  1.945483549936988E-004  9.428449450642071E-005
  1.965035984673355E-004  9.523206942254539E-005
  1.984784924645725E-004  9.618916762468530E-005
  2.004732344764552E-004  9.715588482344954E-005
  2.024880239788472E-004  9.813231769135453E-005
  2.045230624523776E-004  9.911856387249147E-005
  2.065785534025897E-004  1.001147219922908E-004
  2.086547023802914E-004  1.011208916673847E-004
  2.107517170021107E-004  1.021371735155691E-004
  2.128698069712572E-004  1.031636691658651E-004
  2.150091840984929E-004  1.042004812686825E-004
  2.171700623233133E-004  1.052477135060844E-004
  2.193526577353418E-004  1.063054706021558E-004
  2.215571885959383E-004  1.073738583334759E-004
  2.237838753600260E-004  1.084529835396961E-004
  2.260329406981369E-004  1.095429541342236E-004
  2.283046095186790E-004  1.106438791150134E-004
  2.305991089904274E-004  1.117558685754676E-004
  2.329166685652415E-004  1.128790337154452E-004
  2.352575200010099E-004  1.140134868523820E-004
  2.376218973848271E-004  1.151593414325226E-004
  2.400100371564016E-004  1.163167120422648E-004
  2.424221781317008E-004  1.174857144196186E-004
  2.448585615268323E-004  1.186664654657799E-004
  2.473194309821660E-004  1.198590832568210E-004
  2.498050325866981E-004  1.210636870554978E-004
  2.523156149026604E-004  1.222803973231766E-004
  2.548514289903768E-004  1.235093357318801E-004
  2.574127284333690E-004  1.247506251764549E-004
  2.599997693637159E-004  1.260043897868605E-004
  2.626128104876664E-004  1.272707549405834E-004
  2.652521131115104E-004  1.285498472751738E-004
  2.679179411677097E-004  1.298417947009102E-004
  2.706105612412915E-004  1.311467264135903E-004
  2.733302425965069E-004  1.324647729074507E-004
  2.760772572037580E-004  1.337960659882162E-004
  2.788518797667946E-004  1.351407387862809E-004
  2.816543877501851E-004  1.364989257700208E-004
  2.844850614070635E-004  1.378707627592411E-004
  2.873441838071543E-004  1.392563869387581E-004
  2.902320408650801E-004  1.406559368721180E-004
  2.931489213689532E-004  1.420695525154530E-004
  2.960951170092547E-004  1.434973752314773E-004
  2.990709224080040E-004  1.449395478036233E-004
  3.020766351482207E-004  1.463962144503200E-004
  3.051125558036835E-004  1.478675208394153E-004
  3.081789879689881E-004  1.493536141027423E-004
  3.112762382899062E-004  1.508546428508329E-004
  3.144046164940510E-004  1.523707571877792E-004
  3.175644354218500E-004  1.539021087262434E-004
  3.207560110578290E-004  1.554488506026197E-004
  3.239796625622114E-004  1.570111374923477E-004
  3.272357123028340E-004  1.585891256253804E-004
  3.305244858873842E-004  1.601829728018067E-004
  3.338463121959611E-004  1.617928384076322E-004
  3.372015234139638E-004  1.634188834307172E-004
  3.405904550653101E-004  1.650612704768763E-004
  3.440134460459893E-004  1.667201637861385E-004
  3.474708386579519E-004  1.683957292491715E-004
  3.509629786433403E-004  1.700881344238711E-004
  3.544902152190631E-004  1.717975485521168E-004
  3.580529011117173E-004  1.735241425766959E-004
  3.616513925928612E-004  1.752680891583983E-004
  3.652860495146414E-004  1.770295626932827E-004
  3.689572353457793E-004  1.788087393301158E-004
  3.726653172079170E-004  1.806057969879878E-004
  3.764106659123311E-004  1.824209153741041E-004
  3.801936559970129E-004  1.842542760017562E-004
  3.840146657641236E-004  1.861060622084732E-004
  3.878740773178239E-004  1.879764591743555E-004
  3.917722766024855E-004  1.898656539405932E-004
  3.957096534412853E-004  1.917738354281698E-004
  3.996866015751884E-004  1.937011944567549E-004
  4.037035187023224E-004  1.956479237637861E-004
  4.077608065177472E-004  1.976142180237427E-004
  4.118588707536257E-004  1.996002738676135E-004
  4.159981212197964E-004  2.016062899025596E-004
  4.201789718447553E-004  2.036324667317757E-004
  4.244018407170490E-004  2.056790069745502E-004
  4.286671501270838E-004  2.077461152865273E-004
  4.329753266093551E-004  2.098339983801726E-004
  4.373268009851013E-004  2.119428650454444E-004
  4.417220084053862E-004  2.140729261706733E-004
  4.461613883946145E-004  2.162243947636501E-004
  4.506453848944847E-004  2.183974859729279E-004
  4.551744463083835E-004  2.205924171093360E-004
  4.597490255462263E-004  2.228094076677115E-004
  4.643695800697493E-004  2.250486793488492E-004
  4.690365719382552E-004  2.273104560816710E-004
  4.737504678548200E-004  2.295949640456196E-004
  4.785117392129637E-004  2.319024316932763E-004
  4.833208621437898E-004  2.342330897732060E-004
  4.881783175635990E-004  2.365871713530326E-004
  4.930845912219812E-004  2.389649118427456E-004
  4.980401737503908E-004  2.413665490182412E-004
  5.030455607112102E-004  2.437923230451002E-004
  5.081012526473069E-004  2.462424765026042E-004
  5.132077551320874E-004  2.487172544079939E-004
  5.183655788200556E-004  2.512169042409711E-004
  5.235752394978785E-004  2.537416759684460E-004
  5.288372581359655E-004  2.562918220695350E-004
  5.341521609405652E-004  2.588675975608076E-004
  5.395204794063872E-004  2.614692600217889E-004
  5.449427503697519E-004  2.640970696207174E-004
  5.504195160622739E-004  2.667512891405615E-004
  5.559513241650865E-004  2.694321840052986E-004
  5.615387278636101E-004  2.721400223064570E-004
  5.671822859028704E-004  2.748750748299250E-004
  5.728825626433746E-004  2.776376150830301E-004
  5.786401281175469E-004  2.804279193218893E-004
  5.844555580867326E-004  2.832462665790349E-004
  5.903294340987749E-004  2.860929386913178E-004
  5.962623435461700E-004  2.889682203280912E-004
  6.022548797248065E-004  2.918723990196778E-004
  6.083076418932963E-004  2.948057651861221E-004
  6.144212353329002E-004  2.977686121662338E-004
  6.205962714080567E-004  3.007612362469198E-004
  6.268333676275193E-004  3.037839366928150E-004
  6.331331477061076E-004  3.068370157762070E-004
  6.394962416270792E-004  3.099207788072645E-004
  6.459232857051288E-004  3.130355341645677E-004
  6.524149226500201E-004  3.161815933259464E-004
  6.589718016308573E-004  3.193592708996275E-004
  6.655945783410026E-004  3.225688846556963E-004
  6.722839150636460E-004  3.258107555578732E-004
  6.790404807380342E-004  3.290852077956098E-004
  6.858649510263652E-004  3.323925688165082E-004
  6.927580083813549E-004  3.357331693590656E-004
  6.997203421144829E-004  3.391073434857480E-004
  7.067526484649246E-004  3.425154286163965E-004
  7.138556306691753E-004  3.459577655619692E-004
  7.210299990313746E-004  3.494346985586221E-004
  7.282764709943374E-004  3.529465753021328E-004
  7.355957712112987E-004  3.564937469826699E-004
  7.429886316183797E-004  3.600765683199122E-004
  7.504557915077816E-004  3.636953975985198E-004
  7.579979976017164E-004  3.673505967039634E-004
  7.656160041270783E-004  3.710425311587122E-004
  7.733105728908685E-004  3.747715701587860E-004
  7.810824733563754E-004  3.785380866106749E-004
  7.889324827201221E-004  3.823424571686294E-004
  7.968613859895868E-004  3.861850622723261E-004
  8.048699760617038E-004  3.900662861849113E-004
  8.129590538021542E-004  3.939865170314270E-004
  8.211294281254529E-004  3.979461468376236E-004
  8.293819160758410E-004  4.019455715691618E-004
  8.377173429089906E-004  4.059851911712090E-004
  8.461365421745311E-004  4.100654096084339E-004
  8.546403557994053E-004  4.141866349054023E-004
  8.632296341720621E-004  4.183492791873800E-004
  8.719052362274964E-004  4.225537587215439E-004
  8.806680295331436E-004  4.268004939586094E-004
  8.895188903756367E-004  4.310899095748748E-004
  8.984587038484355E-004  4.354224345146886E-004
  9.074883639403372E-004  4.397985020333435E-004
  9.166087736248758E-004  4.442185497404017E-004
  9.258208449506200E-004  4.486830196434555E-004
  9.351254991323793E-004  4.531923581923274E-004
  9.445236666433257E-004  4.577470163237151E-004
  9.540162873080421E-004  4.623474495062841E-004
  9.636043103965054E-004  4.669941177862146E-004
  9.732886947190147E-004  4.716874858332056E-004
  9.830704087220726E-004  4.764280229869412E-004
  9.929504305852307E-004  4.812162033040237E-004
  1.002929748318909E-003  4.860525056053796E-004
  1.013009359863196E-003  4.909374135241402E-004
  1.023190273187647E-003  4.958714155540045E-004
  1.033473506392079E-003  5.008550050980885E-004
  1.043860087808380E-003  5.058886805182646E-004
  1.054351056103348E-003  5.109729451849963E-004
  1.064947460382556E-003  5.161083075276755E-004
  1.075650360295261E-003  5.212952810854642E-004
  1.086460826140374E-003  5.265343845586482E-004
  1.097379938973488E-003  5.318261418605049E-004
  1.108408790714985E-003  5.371710821696960E-004
  1.119548484259231E-003  5.425697399831820E-004
  1.130800133584864E-003  5.480226551696729E-004
  1.142164863866191E-003  5.535303730236134E-004
  1.153643811585712E-003  5.590934443197110E-004
  1.165238124647765E-003  5.647124253680129E-004
  1.176948962493318E-003  5.703878780695359E-004
  1.188777496215914E-003  5.761203699724549E-004
  1.200724908678782E-003  5.819104743288575E-004
  1.212792394633126E-003  5.877587701520665E-004
  1.224981160837598E-003  5.936658422745422E-004
  1.237292426178973E-003  5.996322814063617E-004
  1.249727421794048E-003  6.056586841942904E-004
  1.262287391192744E-003  6.117456532814451E-004
  1.274973590382470E-003  6.178937973675556E-004
  1.287787287993715E-003  6.241037312698348E-004
  1.300729765406920E-003  6.303760759844577E-004
  1.313802316880610E-003  6.367114587486598E-004
  1.327006249680827E-003  6.431105131034590E-004
  1.340342884211854E-003  6.495738789570085E-004
  1.353813554148259E-003  6.561022026485849E-004
  1.367419606568260E-003  6.626961370132205E-004
  1.381162402088439E-003  6.693563414469853E-004
  1.395043314999798E-003  6.760834819729241E-004
  1.409063733405198E-003  6.828782313076575E-004
  1.423225059358161E-003  6.897412689286501E-004
  1.437528709003086E-003  6.966732811421565E-004
  1.451976112716855E-003  7.036749611518508E-004
  1.466568715251880E-003  7.107470091281424E-004
  1.481307975880575E-003  7.178901322781925E-004
  1.496195368541286E-003  7.251050449166310E-004
  1.511232381985684E-003  7.323924685369856E-004
  1.526420519927645E-003  7.397531318838288E-004
  1.541761301193620E-003  7.471877710256489E-004
  1.557256259874520E-003  7.546971294284539E-004
  1.572906945479126E-003  7.622819580301160E-004
  1.588714923089039E-003  7.699430153154609E-004
  1.604681773515195E-003  7.776810673921135E-004
  1.620809093455942E-003  7.854968880671054E-004
  1.637098495656713E-003  7.933912589242529E-004
  1.653551609071303E-003  8.013649694023088E-004
  1.670170079024764E-003  8.094188168739066E-004
  1.686955567377941E-003  8.175536067252912E-004
  1.703909752693657E-003  8.257701524368535E-004
  1.721034330404571E-003  8.340692756644758E-004
  1.738331012982726E-003  8.424518063216916E-004
  1.755801530110794E-003  8.509185826626733E-004
  1.773447628855045E-003  8.594704513660531E-004
  1.791271073840059E-003  8.681082676195859E-004
  1.809273647425189E-003  8.768328952056623E-004
  1.827457149882794E-003  8.856452065876840E-004
  1.845823399578274E-003  8.945460829973019E-004
  1.864374233151902E-003  9.035364145225366E-004
  1.883111505702496E-003  9.126171001967802E-004
  1.902037090972925E-003  9.217890480886942E-004
  1.921152881537488E-003  9.310531753930099E-004
  1.940460788991171E-003  9.404104085222425E-004
  1.959962744140808E-003  9.498616831993258E-004
  1.979660697198168E-003  9.594079445511769E-004
  1.999556617974969E-003  9.690501472032037E-004
  2.019652496079871E-003  9.787892553747594E-004
  2.039950341117431E-003  9.886262429755581E-004
  2.060452182889067E-003  9.985620937030561E-004
  2.081160071596040E-003  1.008597801140816E-003
  2.102076078044479E-003  1.018734368857858E-003
  2.123202293852459E-003  1.028972810509005E-003
  2.144540831659165E-003  1.039314149936242E-003
  2.166093825336160E-003  1.049759421271093E-003
  2.187863430200773E-003  1.060309669038020E-003
  2.209851823231631E-003  1.070965948258873E-003
  2.232061203286362E-003  1.081729324558375E-003
  2.254493791321479E-003  1.092600874270682E-003
  2.277151830614479E-003  1.103581684546999E-003
  2.300037586988174E-003  1.114672853464291E-003
  2.323153349037271E-003  1.125875490135074E-003
  2.346501428357240E-003  1.137190714818318E-003
  2.370084159775469E-003  1.148619659031464E-003
  2.393903901584753E-003  1.160163465663556E-003
  2.417963035779121E-003  1.171823289089523E-003
  2.442263968292043E-003  1.183600295285605E-003
  2.466809129237021E-003  1.195495661945931E-003
  2.491600973150604E-003  1.207510578600282E-003
  2.516641979237843E-003  1.219646246733024E-003
  2.541934651620214E-003  1.231903879903246E-003
  2.567481519586034E-003  1.244284703866098E-003
  2.593285137843387E-003  1.256789956695353E-003
  2.619348086775602E-003  1.269420888907196E-003
  2.645672972699293E-003  1.282178763585261E-003
  2.672262428124988E-003  1.295064856506925E-003
  2.699119112020388E-003  1.308080456270860E-003
  2.726245710076264E-003  1.321226864425884E-003
  2.753644934975027E-003  1.334505395601090E-003
  2.781319526661998E-003  1.347917377637293E-003
  2.809272252619410E-003  1.361464151719797E-003
  2.837505908143152E-003  1.375147072512484E-003
  2.866023316622305E-003  1.388967508293270E-003
  2.894827329821480E-003  1.402926841090902E-003
  2.923920828166001E-003  1.417026466823144E-003
  2.953306721029949E-003  1.431267795436345E-003
  2.982987947027096E-003  1.445652251046403E-003
  3.012967474304777E-003  1.460181272081163E-003
  3.043248300840704E-003  1.474856311424226E-003
  3.073833454742763E-003  1.489678836560210E-003
  3.104725994551833E-003  1.504650329721481E-003
  3.135929009547639E-003  1.519772288036336E-003
  3.167445620057682E-003  1.535046223678696E-003
  3.199278977769278E-003  1.550473664019290E-003
  3.231432266044725E-003  1.566056151778360E-003
  3.263908700239646E-003  1.581795245179904E-003
  3.296711528024524E-003  1.597692518107465E-003
  3.329844029709473E-003  1.613749560261486E-003
  3.363309518572272E-003  1.629967977318242E-003
  3.397111341189696E-003  1.646349391090377E-003
  3.431252877772174E-003  1.662895439689046E-003
  3.465737542501817E-003  1.679607777687683E-003
  3.500568783873834E-003  1.696488076287430E-003
  3.535750085041388E-003  1.713538023484207E-003
  3.571284964163915E-003  1.730759324237473E-003
  3.607176974758939E-003  1.748153700640678E-003
  3.643429706057430E-003  1.765722892093432E-003
  3.680046783362728E-003  1.783468655475394E-003
  3.717031868413078E-003  1.801392765321915E-003
  3.754388659747807E-003  1.819497014001440E-003
  3.792120893077178E-003  1.837783211894701E-003
  3.830232341655968E-003  1.856253187575697E-003
  3.868726816660794E-003  1.874908787994502E-003
  3.907608167571236E-003  1.893751878661901E-003
  3.946880282554787E-003  1.912784343835889E-003
  3.986547088855670E-003  1.932008086710032E-003
  4.026612553187573E-003  1.951425029603736E-003
  4.067080682130316E-003  1.971037114154406E-003
  4.107955522530517E-003  1.990846301511550E-003
  4.149241161906279E-003  2.010854572532831E-003
  4.190941728855944E-003  2.031063927982079E-003
  4.233061393470959E-003  2.051476388729301E-003
  4.275604367752883E-003  2.072093995952694E-003
  4.318574906034598E-003  2.092918811342688E-003
  4.361977305405740E-003  2.113952917308037E-003
  4.405815906142417E-003  2.135198417183987E-003
  4.450095092141232E-003  2.156657435442515E-003
  4.494819291357688E-003  2.178332117904706E-003
  4.539992976248974E-003  2.200224631955238E-003
  4.585620664221224E-003  2.222337166759035E-003
  4.631706918081261E-003  2.244671933480092E-003
  4.678256346492874E-003  2.267231165502490E-003
  4.725273604437696E-003  2.290017118653646E-003
  4.772763393680704E-003  2.313032071429785E-003
  4.820730463240395E-003  2.336278325223692E-003
  4.869179609863700E-003  2.359758204554739E-003
  4.918115678505653E-003  2.383474057301231E-003
  4.967543562813901E-003  2.407428254935074E-003
  5.017468205618064E-003  2.431623192758807E-003
  5.067894599424026E-003  2.456061290145012E-003
  5.118827786913189E-003  2.480744990778124E-003
  5.170272861446748E-003  2.505676762898671E-003
  5.222234967575027E-003  2.530859099549966E-003
  5.274719301551940E-003  2.556294518827273E-003
  5.327731111854623E-003  2.581985564129472E-003
  5.381275699708282E-003  2.607934804413264E-003
  5.435358419616323E-003  2.634144834449903E-003
  5.489984679895806E-003  2.660618275084526E-003
  5.545159943218281E-003  2.687357773498079E-003
  5.600889727156061E-003  2.714366003471863E-003
  5.657179604733979E-003  2.741645665654751E-003
  5.714035204986703E-003  2.769199487833076E-003
  5.771462213521638E-003  2.797030225203225E-003
  5.829466373087492E-003  2.825140660646978E-003
  5.888053484148560E-003  2.853533605009605E-003
  5.947229405464770E-003  2.882211897380748E-003
  6.007000054677568E-003  2.911178405378132E-003
  6.067371408901684E-003  2.940436025434117E-003
  6.128349505322849E-003  2.969987683085120E-003
  6.189940441801521E-003  2.999836333263954E-003
  6.252150377482675E-003  3.029984960595086E-003
  6.314985533411720E-003  3.060436579692865E-003
  6.378452193156611E-003  3.091194235462738E-003
  6.442556703436212E-003  3.122261003405495E-003
  6.507305474754973E-003  3.153639989924551E-003
  6.572704982043981E-003  3.185334332636332E-003
  6.638761765308467E-003  3.217347200683747E-003
  6.705482430281803E-003  3.249681795052832E-003
  6.772873649086087E-003  3.282341348892548E-003
  6.840942160899361E-003  3.315329127837800E-003
  6.909694772629528E-003  3.348648430335686E-003
  6.979138359595057E-003  3.382302587975026E-003
  7.049279866212513E-003  3.416294965819189E-003
  7.120126306691010E-003  3.450628962742261E-003
  7.191684765733635E-003  3.485308011768579E-003
  7.263962399245923E-003  3.520335580415681E-003
  7.336966435051459E-003  3.555715171040674E-003
  7.410704173614658E-003  3.591450321190097E-003
  7.485182988770826E-003  3.627544603953273E-003
  7.560410328463545E-003  3.664001628319221E-003
  7.636393715489472E-003  3.700825039537123E-003
  7.713140748250632E-003  3.738018519480426E-003
  7.790659101514255E-003  3.775585787014579E-003
  7.868956527180266E-003  3.813530598368464E-003
  7.948040855056482E-003  3.851856747509543E-003
  8.027919993641592E-003  3.890568066522767E-003
  8.108601930916023E-003  3.929668425993285E-003
  8.190094735140737E-003  3.969161735392979E-003
  8.272406555664065E-003  4.009051943470887E-003
  8.355545623736655E-003  4.049343038647515E-003
  8.439520253334597E-003  4.090039049413125E-003
  8.524338841990829E-003  4.131144044729989E-003
  8.610009871634900E-003  4.172662134438689E-003
  8.696541909441165E-003  4.214597469668483E-003
  8.783943608685518E-003  4.256954243251771E-003
  8.872223709610716E-003  4.299736690142726E-003
  8.961391040300420E-003  4.342949087840103E-003
  9.051454517562004E-003  4.386595756814301E-003
  9.142423147818249E-003  4.430681060938673E-003
  9.234306028007988E-003  4.475209407925185E-003
  9.327112346495808E-003  4.520185249764411E-003
  9.420851383990897E-003  4.565613083169945E-003
  9.515532514475121E-003  4.611497450027264E-003
  9.611165206140429E-003  4.657842937847070E-003
  9.707759022335682E-003  4.704654180223184E-003
  9.805323622522994E-003  4.751935857295012E-003
  9.903868763243690E-003  4.799692696214637E-003
  1.000340429909396E-002  4.847929471618599E-003
  1.010394018371034E-002  4.896651006104374E-003
  1.020548647076507E-002  4.945862170711638E-003
  1.030805331497147E-002  4.995567885408327E-003
  1.041165097309945E-002  5.045773119581575E-003
  1.051628980500114E-002  5.096482892533549E-003
  1.062198027464693E-002  5.147702273982251E-003
  1.072873295117187E-002  5.199436384567317E-003
  1.083655850993256E-002  5.251690396360881E-003
  1.094546773357475E-002  5.304469533383546E-003
  1.105547151311154E-002  5.357779072125503E-003
  1.116658084901257E-002  5.411624342072864E-003
  1.127880685230402E-002  5.466010726239259E-003
  1.139216074567974E-002  5.520943661702738E-003
  1.150665386462352E-002  5.576428640148031E-003
  1.162229765854267E-002  5.632471208414243E-003
  1.173910369191296E-002  5.689076969047998E-003
  1.185708364543506E-002  5.746251580862127E-003
  1.197624931720263E-002  5.804000759499913E-003
  1.209661262388217E-002  5.862330278004992E-003
  1.221818560190464E-002  5.921245967396927E-003
  1.234098040866916E-002  5.980753717252529E-003
  1.246500932375873E-002  6.040859476292991E-003
  1.259028475016822E-002  6.101569252976860E-003
  1.271681921554466E-002  6.162889116098951E-003
  1.284462537344004E-002  6.224825195395213E-003
  1.297371600457665E-002  6.287383682153632E-003
  1.310410401812519E-002  6.350570829831242E-003
  1.323580245299567E-002  6.414392954677270E-003
  1.336882447914131E-002  6.478856436362499E-003
  1.350318339887560E-002  6.543967718614908E-003
  1.363889264820246E-002  6.609733309861643E-003
  1.377596579815993E-002  6.676159783877383E-003
  1.391441655617722E-002  6.743253780439168E-003
  1.405425876744551E-002  6.811022005987755E-003
  1.419550641630247E-002  6.879471234295546E-003
  1.433817362763069E-002  6.948608307141181E-003
  1.448227466827019E-002  7.018440134990835E-003
  1.462782394844512E-002  7.088973697686309E-003
  1.477483602320478E-002  7.160216045139954E-003
  1.492332559387917E-002  7.232174298036517E-003
  1.507330750954910E-002  7.304855648541972E-003
  1.522479676853111E-002  7.378267361019388E-003
  1.537780851987735E-002  7.452416772751929E-003
  1.553235806489046E-002  7.527311294673032E-003
  1.568846085865373E-002  7.602958412103834E-003
  1.584613251157663E-002  7.679365685497957E-003
  1.600538879095584E-002  7.756540751193655E-003
  1.616624562255202E-002  7.834491322173448E-003
  1.632871909218236E-002  7.913225188831301E-003
  1.649282544732924E-002  7.992750219747418E-003
  1.665858109876491E-002  8.073074362470716E-003
  1.682600262219266E-002  8.154205644309066E-003
  1.699510675990435E-002  8.236152173127387E-003
  1.716591042245466E-002  8.318922138153627E-003
  1.733843069035219E-002  8.402523810792758E-003
  1.751268481576749E-002  8.486965545448831E-003
  1.768869022425833E-002  8.572255780355160E-003
  1.786646451651221E-002  8.658403038412761E-003
  1.804602547010652E-002  8.745415928037063E-003
  1.822739104128624E-002  8.833303144013026E-003
  1.841057936675963E-002  8.922073468358686E-003
  1.859560876551190E-002  9.011735771197293E-003
  1.878249774063711E-002  9.102299011638022E-003
  1.897126498118852E-002  9.193772238665436E-003
  1.916192936404749E-002  9.286164592037694E-003
  1.935450995581120E-002  9.379485303193696E-003
  1.954902601469929E-002  9.473743696169108E-003
  1.974549699247977E-002  9.568949188521501E-003
  1.994394253641412E-002  9.665111292264572E-003
  2.014438249122213E-002  9.762239614811619E-003
  2.034683690106630E-002  9.860343859928284E-003
  2.055132601155633E-002  9.959433828694719E-003
  2.075787027177368E-002  1.005951942047722E-002
  2.096649033631649E-002  1.016061063390940E-002
  2.117720706736506E-002  1.026271756788312E-002
  2.139004153676810E-002  1.036585042254902E-002
  2.160501502814991E-002  1.047001950032707E-002
  2.182214903903878E-002  1.057523520692686E-002
  2.204146528301673E-002  1.068150805237815E-002
  2.226298569189094E-002  1.078884865207129E-002
  2.248673241788688E-002  1.089726772780808E-002
  2.271272783586362E-002  1.100677610886282E-002
  2.294099454555128E-002  1.111738473305375E-002
  2.317155537381105E-002  1.122910464782513E-002
  2.340443337691791E-002  1.134194701133974E-002
  2.363965184286621E-002  1.145592309358228E-002
  2.387723429369857E-002  1.157104427747337E-002
  2.411720448785807E-002  1.168732205999463E-002
  2.435958642256409E-002  1.180476805332461E-002
  2.460440433621209E-002  1.192339398598595E-002
  2.485168271079745E-002  1.204321170400368E-002
  2.510144627436369E-002  1.216423317207479E-002
  2.535372000347531E-002  1.228647047474931E-002
  2.560852912571544E-002  1.240993581762282E-002
  2.586589912220866E-002  1.253464152854062E-002
  2.612585573016910E-002  1.266060005881361E-002
  2.638842494547416E-002  1.278782398444600E-002
  2.665363302526420E-002  1.291632600737500E-002
  2.692150649056821E-002  1.304611895672247E-002
  2.719207212895593E-002  1.317721579005885E-002
  2.746535699721668E-002  1.330962959467921E-002
  2.774138842406503E-002  1.344337358889179E-002
  2.802019401287368E-002  1.357846112331896E-002
  2.830180164443387E-002  1.371490568221083E-002
  2.858623947974340E-002  1.385272088477153E-002
  2.887353596282286E-002  1.399192048649827E-002
  2.916371982355996E-002  1.413251838053345E-002
  2.945682008058260E-002  1.427452859902972E-002
  2.975286604416073E-002  1.441796531452825E-002
  3.005188731913742E-002  1.456284284135023E-002
  3.035391380788934E-002  1.470917563700185E-002
  3.065897571331706E-002  1.485697830359271E-002
  3.096710354186534E-002  1.500626558926788E-002
  3.127832810657381E-002  1.515705238965375E-002
  3.159268053015830E-002  1.530935374931768E-002
  3.191019224812314E-002  1.546318486324169E-002
  3.223089501190469E-002  1.561856107831021E-002
  3.255482089204662E-002  1.577549789481208E-002
  3.288200228140684E-002  1.593401096795690E-002
  3.321247189839698E-002  1.609411610940581E-002
  3.354626279025410E-002  1.625582928881691E-002
  3.388340833634556E-002  1.641916663540535E-002
  3.422394225150692E-002  1.658414443951826E-002
  3.456789858941348E-002  1.675077915422468E-002
  3.491531174598565E-002  1.691908739692045E-002
  3.526621646282862E-002  1.708908595094852E-002
  3.562064783070648E-002  1.726079176723431E-002
  3.597864129305139E-002  1.743422196593681E-002
  3.634023264950790E-002  1.760939383811501E-002
  3.670545805951299E-002  1.778632484741023E-002
  3.707435404591201E-002  1.796503263174415E-002
  3.744695749861103E-002  1.814553500503287E-002
  3.782330567826581E-002  1.832784995891704E-002
  3.820343622000794E-002  1.851199566450817E-002
  3.858738713720837E-002  1.869799047415133E-002
  3.897519682527879E-002  1.888585292320426E-002
  3.936690406551117E-002  1.907560173183315E-002
  3.976254802895596E-002  1.926725580682504E-002
  4.016216828033922E-002  1.946083424341718E-002
  4.056580478201910E-002  1.965635632714326E-002
  4.097349789798213E-002  1.985384153569683E-002
  4.138528839787965E-002  2.005330954081191E-002
  4.180121746110482E-002  2.025478021016097E-002
  4.222132668091057E-002  2.045827360927038E-002
  4.264565806856896E-002  2.066381000345353E-002
  4.307425405757237E-002  2.087140985976162E-002
  4.350715750787687E-002  2.108109384895236E-002
  4.394441171018824E-002  2.129288284747667E-002
  4.438606039029110E-002  2.150679793948351E-002
  4.483214771342150E-002  2.172286041884290E-002
  4.528271828868348E-002  2.194109179118741E-002
  4.573781717351005E-002  2.216151377597203E-002
  4.619748987816896E-002  2.238414830855280E-002
  4.666178237031371E-002  2.260901754228412E-002
  4.713074107958044E-002  2.283614385063484E-002
  4.760441290223089E-002  2.306554982932358E-002
  4.808284520584203E-002  2.329725829847287E-002
  4.856608583404293E-002  2.353129230478283E-002
  4.905418311129910E-002  2.376767512372393E-002
  4.954718584774503E-002  2.400643026174944E-002
  5.004514334406519E-002  2.424758145852734E-002
  5.054810539642417E-002  2.449115268919202E-002
  5.105612230144637E-002  2.473716816661574E-002
  5.156924486124562E-002  2.498565234370010E-002
  5.208752438850550E-002  2.523662991568749E-002
  5.261101271161066E-002  2.549012582249277E-002
  5.313976217982963E-002  2.574616525105518E-002
  5.367382566854987E-002  2.600477363771064E-002
  5.421325658456530E-002  2.626597667058455E-002
  5.475810887141705E-002  2.652980029200518E-002
  5.530843701478785E-002  2.679627070093769E-002
  5.586429604795065E-002  2.706541435543911E-002
  5.642574155727198E-002  2.733725797513396E-002
  5.699282968777064E-002  2.761182854371107E-002
  5.756561714873226E-002  2.788915331144141E-002
  5.814416121938026E-002  2.816925979771704E-002
  5.872851975460383E-002  2.845217579361135E-002
  5.931875119074346E-002  2.873792936446064E-002
  5.991491455143462E-002  2.902654885246717E-002
  6.051706945351018E-002  2.931806287932356E-002
  6.112527611296215E-002  2.961250034885897E-002
  6.173959535096332E-002  2.990989044970671E-002
  6.236008859994942E-002  3.021026265799371E-002
  6.298681790976243E-002  3.051364674005173E-002
  6.361984595385561E-002  3.082007275515034E-002
  6.425923603556088E-002  3.112957105825186E-002
  6.490505209441925E-002  3.144217230278825E-002
  6.555735871257479E-002  3.175790744345985E-002
  6.621622112123289E-002  3.207680773905637E-002
  6.688170520718349E-002  3.239890475529970E-002
  6.755387751938975E-002  3.272423036770900E-002
  6.823280527564303E-002  3.305281676448780E-002
  6.891855636928473E-002  3.338469644943329E-002
  6.961119937599569E-002  3.371990224486775E-002
  7.031080356065378E-002  3.405846729459211E-002
  7.101743888426046E-002  3.440042506686171E-002
  7.173117601093697E-002  3.474580935738424E-002
  7.245208631499074E-002  3.509465429233967E-002
  7.318024188805296E-002  3.544699433142254E-002
  7.391571554628772E-002  3.580286427090618E-002
  7.465858083767374E-002  3.616229924672899E-002
  7.540891204935922E-002  3.652533473760280E-002
  7.616678421509060E-002  3.689200656814328E-002
  7.693227312271603E-002  3.726235091202198E-002
  7.770545532176416E-002  3.763640429514047E-002
  7.848640813109924E-002  3.801420359882614E-002
  7.927520964665298E-002  3.839578606304974E-002
  8.007193874923428E-002  3.878118928966429E-002
  8.087667511241735E-002  3.917045124566568E-002
  8.168949921050911E-002  3.956361026647450E-002
  8.251049232659673E-002  3.996070505923909E-002
  8.333973656067598E-002  4.036177470615966E-002
  8.417731483786131E-002  4.076685866783334E-002
  8.502331091667843E-002  4.117599678661991E-002
  8.587780939744021E-002  4.158922929002821E-002
  8.674089573070681E-002  4.200659679412274E-002
  8.761265622583081E-002  4.242814030695059E-002
  8.849317805958817E-002  4.285390123198819E-002
  8.938254928489606E-002  4.328392137160784E-002
  9.028085883961814E-002  4.371824293056354E-002
  9.118819655545848E-002  4.415690851949619E-002
  9.210465316694479E-002  4.459996115845748E-002
  9.303032032050192E-002  4.504744428045243E-002
  9.396529058361662E-002  4.549940173500031E-002
  9.490965745409435E-002  4.595587779171319E-002
  9.586351536940915E-002  4.641691714389239E-002
  9.682695971614742E-002  4.688256491214177E-002
  9.780008683954670E-002  4.735286664799800E-002
  9.878299405313028E-002  4.782786833757718E-002
  9.977577964843860E-002  4.830761640523727E-002
  0.100778542904859       4.879215771725598E-002
  0.101791384099551       4.928153958552370E-002
  0.102814404517481       4.977580977125073E-002
  0.103847706461540       5.027501648868855E-002
  0.104891393262787       5.077920840886423E-002
  0.105945569290769       5.128843466332787E-002
  0.107010339963968       5.180274484791179E-002
  0.108085811760340       5.232218902650152E-002
  0.109172092227959       5.284681773481736E-002
  0.110269289995778       5.337668198420615E-002
  0.111377514784488       5.391183326544230E-002
  0.112496877417492       5.445232355253743E-002
  0.113627489831985       5.499820530655776E-002
  0.114769465090151       5.554953147944841E-002
  0.115922917390468       5.610635551786374E-002
  0.117087962079126       5.666873136700281E-002
  0.118264715661566       5.723671347444909E-002
  0.119453295814126       5.781035679401315E-002
  0.120653821395813       5.838971678957781E-002
  0.121866412460184       5.897484943894398E-002
  0.123091190267357       5.956581123767676E-002
  0.124328277296133       6.016265920295015E-002
  0.125577797256246       6.076545087738943E-002
  0.126839875100733       6.137424433290980E-002
  0.128114637038430       6.198909817454998E-002
  0.129402210546594       6.261007154429959E-002
  0.130702724383648       6.323722412491870E-002
  0.132016308602060       6.387061614374796E-002
  0.133343094561345       6.451030837650834E-002
  0.134683214941207       6.515636215108826E-002
  0.136036803754799       6.580883935131684E-002
  0.137403996362131       6.646780242072134E-002
  0.138784929483603       6.713331436626752E-002
  0.140179741213677       6.780543876208020E-002
  0.141588571034690       6.848423975314311E-002
  0.143011559830797       6.916978205897534E-002
  0.144448849902064       6.986213097728272E-002
  0.145900584978696       7.056135238758190E-002
  0.147366910235410       7.126751275479482E-002
  0.148847972305953       7.198067913281166E-002
  0.150343919297768       7.270091916801952E-002
  0.151854900806799       7.342830110279461E-002
  0.153381067932457       7.416289377895544E-002
  0.154922573292726       7.490476664117425E-002
  0.156479571039428       7.565398974034426E-002
  0.158052216873633       7.641063373689946E-002
  0.159640668061236       7.717476990408480E-002
  0.161245083448679       7.794647013117281E-002
  0.162865623478839       7.872580692662473E-002
  0.164502450207069       7.951285342119160E-002
  0.166155727317405       8.030768337095340E-002
  0.167825620138936       8.111037116029159E-002
  0.169512295662337       8.192099180479233E-002
  0.171215922556564       8.273962095407637E-002
  0.172936671185727       8.356633489455199E-002
  0.174674713626124       8.440121055208676E-002
  0.176430223683446       8.524432549459450E-002
  0.178203376910161       8.609575793453303E-002
  0.179994350623071       8.695558673130840E-002
  0.181803323921040       8.782389139358124E-002
  0.183630477702903       8.870075208147041E-002
  0.185475994685563       8.958624960864955E-002
  0.187340059422255       9.048046544433129E-002
  0.189222858321007       9.138348171513416E-002
  0.191124579663277       9.229538120682694E-002
  0.193045413622784       9.321624736594529E-002
  0.194985552284525       9.414616430127450E-002
  0.196945189663983       9.508521678519322E-002
  0.198924521726530       9.603349025487175E-002
  0.200923746407019       9.699107081331922E-002
  0.202943063629587       9.795804523027254E-002
  0.204982675327637       9.893450094292172E-002
  0.207042785464040       9.992052605646347E-002
  0.209123600051525       0.100916209344477     
  0.211225327173285       0.101921640249117     
  0.213348177003785       0.102936908881106     
  0.215492361829776       0.103962106019540     
  0.217658096071527       0.104997323111472     
  0.219845596304268       0.106042652271289     
  0.222055081279844       0.107098186279858     
  0.224286771948595       0.108164018583444     
  0.226540891481447       0.109240243292383     
  0.228817665292232       0.110326955179501     
  0.231117321060228       0.111424249678277     
  0.233440088752929       0.112532222880734     
  0.235786200649039       0.113650971535043     
  0.238155891361703       0.114780593042849     
  0.240549397861967       0.115921185456279     
  0.242966959502475       0.117072847474651     
  0.245408818041408       0.118235678440848     
  0.247875217666652       0.119409778337365     
  0.250366405020226       0.120595247781999     
  0.252882629222942       0.121792188023186     
  0.255424141899316       0.123000700934959     
  0.257991197202735       0.124220889011522     
  0.260584051840867       0.125452855361426     
  0.263202965101337       0.126696703701322     
  0.265848198877654       0.127952538349298     
  0.268520017695399       0.129220464217761     
  0.271218688738682       0.130500586805866     
  0.273944481876854       0.131793012191470     
  0.276697669691503       0.133097847022598     
  0.279478527503702       0.134415198508391     
  0.282287333401552       0.135745174409543     
  0.285124368267981       0.137087883028183     
  0.287989915808842       0.138443433197208     
  0.290884262581277       0.139811934269025     
  0.293807698022374       0.141193496103706     
  0.296760514478113       0.142588229056512     
  0.299743007232602       0.143996243964787     
  0.302755474537600       0.145417652134188     
  0.305798217642350       0.146852565324237     
  0.308871540823696       0.148301095733161     
  0.311975751416519       0.149763355982012     
  0.315111159844464       0.151239459098034     
  0.318278079650987       0.152729518497256     
  0.321476827530707       0.154233647966282     
  0.324707723361079       0.155751961643259     
  0.327971090234378       0.157284573997992     
  0.331267254490010       0.158831599811178     
  0.334596545747148       0.160393154152735     
  0.337959296937692       0.161969352359193     
  0.341355844339564       0.163560310010126     
  0.344786527610334       0.165166142903575     
  0.348251689821188       0.166786967030461     
  0.351751677491235       0.168422898547923     
  0.355286840622158       0.170074053751577     
  0.358857532733217       0.171740549046639     
  0.362464110896598       0.173422500917893     
  0.366106935773123       0.175120025898462     
  0.369786371648316       0.176833240537341     
  0.373502786468830       0.178562261365665     
  0.377256551879244       0.180307204861663     
  0.381048043259227       0.182068187414259     
  0.384877639761078       0.183845325285290     
  0.388745724347637       0.185638734570283     
  0.392652683830586       0.187448531157760     
  0.396598908909131       0.189274830687017     
  0.400584794209066       0.191117748504340     
  0.404610738322244       0.192977399617608     
  0.408677143846431       0.194853898649230     
  0.412784417425568       0.196747359787370     
  0.416932969790436       0.198657896735417     
  0.421123215799729       0.200585622659629     
  0.425355574481538       0.202530650134918     
  0.429630469075260       0.204493091088708     
  0.433948327073916       0.206473056742813     
  0.438309580266904       0.208470657553275     
  0.442714664783177       0.210486003148111     
  0.447164021134860       0.212519202262891     
  0.451658094261293       0.214570362674108     
  0.456197333573536       0.216639591130251     
  0.460782192999302       0.218726993280530     
  0.465413131028355       0.220832673601183     
  0.470090610758355       0.222956735319295     
  0.474815099941175       0.225099280334047     
  0.479587071029670       0.227260409135350     
  0.484407001224925       0.229440220719747     
  0.489275372523976       0.231638812503552     
  0.494192671768011       0.233856280233104     
  0.499159390691051       0.236092717892095     
  0.504176025969127       0.238348217605851     
  0.509243079269949       0.240622869542514     
  0.514361057303068       0.242916761811012     
  0.519530471870553       0.245229980355749     
  0.524751839918169       0.247562608847903     
  0.530025683587071       0.249914728573256     
  0.535352530266021       0.252286418316448     
  0.540732912644127       0.254677754241560     
  0.546167368764109       0.257088809768929     
  0.551656442076109       0.259519655448085     
  0.557200681492031       0.261970358826709     
  0.562800641440438       0.264440984315502     
  0.568456881921992       0.266931593048854     
  0.574169968565453       0.269442242741202     
  0.579940472684247       0.271972987538955     
  0.585768971333595       0.274523877867880     
  0.591656047368219       0.277094960275807     
  0.597602289500628       0.279686277270557     
  0.603608292359990       0.282297867152939     
  0.609674656551598       0.284929763844707     
  0.615801988716924       0.287581996711339     
  0.621990901594292       0.290254590379495     
  0.628242014080147       0.292947564549032     
  0.634555951290946       0.295660933799433     
  0.640933344625674       0.298394707390495     
  0.647374831828976       0.301148889057153     
  0.653881057054943       0.303923476798276     
  0.660452670931517       0.306718462659295     
  0.667090330625564       0.309533832508513     
  0.673794699908584       0.312369565806939     
  0.680566449223092       0.315225635371491     
  0.687406255749663       0.318102007131428     
  0.694314803474649       0.320998639877827     
  0.701292783258581       0.323915485005973     
  0.708340892905250       0.326852486250481     
  0.715459837231497       0.329809579413014     
  0.722650328137685       0.332786692082410     
  0.729913084678898       0.335783743347093     
  0.737248833136841       0.338800643499579     
  0.744658307092474       0.341837293732939     
  0.752142247499367       0.344893585829073     
  0.759701402757797       0.347969401838620     
  0.767336528789590       0.351064613752388     
  0.775048389113711       0.354179083164142     
  0.782837754922619       0.357312660924632     
  0.790705405159386       0.360465186786720     
  0.798652126595593       0.363636489041506     
  0.806678713910004       0.366826384145334     
  0.814785969768042       0.370034676337589     
  0.822974704902046       0.373261157249200     
  0.831245738192356       0.376505605501802     
  0.839599896749192       0.379767786297483     
  0.848038015995371       0.383047450999134     
  0.856560939749851       0.386344336701356     
  0.865169520312109       0.389658165791994     
  0.873864618547375       0.392988645504328     
  0.882647103972719       0.396335467460046     
  0.891517854844001       0.399698307203084     
  0.900477758243703       0.403076823724564     
  0.909527710169629       0.406470658979023     
  0.918668615624514       0.409879437392210     
  0.927901388706522       0.413302765360812     
  0.937226952700654       0.416740230744498     
  0.946646240171081       0.420191402350737     
  0.956160193054400       0.423655829413014     
  0.965769762753827       0.427133041063022     
  0.975475910234340       0.430622545797601     
  0.985279606118776       0.434123830941285     
  0.995181830784893       0.437636362105425     
   1.00518357446341       0.441159582644952     
   1.01528583733703       0.444692913114044     
   1.02548962964045       0.448235750722066     
   1.03579597176142       0.451787468791330     
   1.04620589434273       0.455347416218404     
   1.05672043838532       0.458914916940857     
   1.06734065535235       0.462489269411565     
   1.07806760727436       0.466069746082925     
   1.08890236685550       0.469655592903482     
   1.09984601758074       0.473246028829839     
   1.11089965382429       0.476840245356873     
   1.12206438095896       0.480437406069601     
   1.13334131546680       0.484036646220326     
   1.14473158505063       0.487637072335008     
   1.15623632874691       0.491237761853059     
   1.16785669703960       0.494837762805118     
   1.17959385197521       0.498436093533744     
   1.19144896727902       0.502031742462132     
   1.20342322847244       0.505623667916462     
   1.21551783299155       0.509210798007727     
   1.22773399030690       0.512792030579121     
   1.24007292204440       0.516366233225557     
   1.25253586210750       0.519932243391903     
   1.26512405680059       0.523488868556954     
   1.27783876495364       0.527034886510185     
   1.29068125804805       0.530569045728529     
   1.30365282034384       0.534090065860382     
   1.31675474900804       0.537596638324077     
   1.32998835424444       0.541087427027684     
   1.34335495942459       0.544561069216958     
   1.35685590122016       0.548016176457405     
   1.37049252973656       0.551451335756101     
   1.38426620864802       0.554865110827638     
   1.39817831533390       0.558256043507661     
   1.41223024101646       0.561622655315732     
   1.42642339089999       0.564963449167558     
   1.44075918431130       0.568276911234283     
   1.45523905484168       0.571561512943834     
   1.46986445049025       0.574815713116179     
   1.48463683380875       0.578037960220501     
   1.49955768204784       0.581226694737992     
   1.51462848730477       0.584380351608834     
   1.52985075667262       0.587497362736183     
   1.54522601239102       0.590576159513532     
   1.56075579199835       0.593615175334141     
   1.57644164848552       0.596612848033288     
   1.59228515045124       0.599567622204730     
   1.60828788225892       0.602477951322750     
   1.62445144419506       0.605342299590246     
   1.64077745262934       0.608159143421478     
   1.65726754017620       0.610926972455574     
   1.67392335585814       0.613644289983611     
   1.69074656527060       0.616309612658446     
   1.70773885074856       0.618921469342694     
   1.72490191153470       0.621478398936262     
   1.74223746394943       0.623978947011936     
   1.75974724156242       0.626421661075186     
   1.77743299536602       0.628805084254149     
   1.79529649395037       0.631127747218033     
   1.81333952368019       0.633388158118037     
   1.83156388887350       0.635584790345619     
   1.84997141198201       0.637716067909690     
   1.86856393377336       0.639780348249261     
   1.88734331351523       0.641775902322008     
   1.90631142916125       0.643700891845749     
   1.92547017753878       0.645553343619664     
   1.94482147453862       0.647331120919048     
   1.96436725530661       0.649031892043365     
   1.98410947443711       0.650653096205695     
   2.00405010616849       0.652191907084652     
   2.02419114458053       0.653645194520593     
   2.04453460379385       0.655009485028569     
   2.06508251817134       0.656280922022538     
   2.08583694252156       0.657455226899758     
   2.10679995230423       0.658527662420239     
   2.12797364383781       0.659493000130683     
   2.14936013450908       0.660345493919899     
   2.17096156298495       0.661078862143854     
   2.19278008942625       0.661686281108738     
   2.21481789570382       0.662160393029066     
   2.23707718561665       0.662493331855511     
   2.25956018511228       0.662676770554953     
   2.28226914250939       0.662701993470795     
   2.30520632872265       0.662559997227146     
   2.32837403748980       0.662241623179331     
   2.35177458560101       0.661737723545255     
   2.37541031313060       0.661039361940550     
   2.39928358367102       0.660138046915852     
   2.42339678456921       0.659025994050364     
   2.44775232716537       0.657696407943102     
   2.47235264703404       0.656143769763896     
   2.49720020422772       0.654364108529625     
   2.52229748352282       0.652355224547587     
   2.54764699466820       0.650116821046368     
   2.57325127263610       0.647650484360988     
   2.59911287787564       0.644959433557692     
   2.62523439656890       0.642047936423534     
   2.65161844088952       0.638920588963543     
   2.67826764926392       0.635582317473137     
   2.70518468663515       0.632037812549369     
   2.73237224472936       0.628292012106843     
   2.75983304232504       0.624349956613395     
   2.78756982552481       0.620216746254938     
   2.81558536803012       0.615897556795183     
   2.84388247141856       0.611397636013786     
   2.87246396542406       0.606722298864945     
   2.90133270821982       0.601876922670858     
   2.93049158670419       0.596866942233767     
   2.95994351678932       0.591697844856622     
   2.98969144369275       0.586375165269297     
   3.01973834223197       0.580904480456746     
   3.05008721712187       0.575291404388725     
   3.08074110327523       0.569541582650163     
   3.11170306610621       0.563660686975045     
   3.14297620183689       0.557654409686426     
   3.17456363780692       0.551528458049190     
   3.20646853278620       0.545288548542135     
   3.23869407729083       0.538940401060133     
   3.27124349390210       0.532489733057097     
   3.30412003758882       0.525942253644633     
   3.33732699603273       0.519303657661396     
   3.37086768995737       0.512579619731674     
   3.40474547346006       0.505775788332080     
   3.43896373434740       0.498897779888106     
   3.47352589447398       0.491951172907571     
   3.50843541008463       0.484941502247416     
   3.54369577215999       0.477874253395412     
   3.57931050676566       0.470754856931411     
   3.61528317540477       0.463588683123839     
   3.65161737537417       0.456381036700005     
   3.68831674012413       0.449137151813299     
   3.72538493962172       0.441862187230855     
   3.76282568071776       0.434561221762468     
   3.80064270751757       0.427239249951383     
   3.83883980175534       0.419901178044190     
   3.87742078317234       0.412551820256330     
   3.91638950989885       0.405195895345870     
   3.95574987884001       0.397838023507007     
   3.99550582606553       0.390482723590644     
   4.03566132720326       0.383134410657862     
   4.07622039783677       0.375797393867923     
   4.11718709390692       0.368475874700638     
   4.15856551211746       0.361173945508850     
   4.20035979034470       0.353895588395545     
   4.24257410805129       0.346644674404410     
   4.28521268670417       0.339424963013586     
   4.32827979019674       0.332240101919487     
   4.37177972527525       0.325093627085584     
   4.41571684196944       0.317988963050299     
   4.46009553402761       0.310929423461804     
   4.50492023935594       0.303918211820508     
   4.55019544046231       0.296958422409706     
   4.59592566490458       0.290053041379645     
   4.64211548574328       0.283204947966830     
   4.68876952199901       0.276416915818700     
   4.73589243911425       0.269691614397765     
   4.78348894942000       0.263031610437932     
   4.83156381260694       0.256439369427576     
   4.88012183620146       0.249917257093497     
   4.92916787604638       0.243467540862489     
   4.97870683678656       0.237092391277455     
   5.02874367235935       0.230793883348172     
   5.07928338649002       0.224573997818157     
   5.13033103319208       0.218434622332002     
   5.18189171727275       0.212377552490020     
   5.23397059484341       0.206404492780656     
   5.28657287383521       0.200517057382944     
   5.33970381451988       0.194716770836307     
   5.39336873003577       0.189005068576307     
   5.44757298691916       0.183383297339898     
   5.50232200564090       0.177852715445438     
   5.55762126114848       0.172414492957067     
   5.61347628341355       0.167069711744488     
   5.66989265798487       0.161819365453188     
   5.72687602654691       0.156664359400724     
   5.78443208748403       0.151605510418038     
   5.84256659645026       0.146643546656228     
   5.90128536694497       0.141779107376861     
   5.96059427089412       0.137012742751844     
   6.02049923923754       0.132344913690908     
   6.08100626252198       0.127775991719462     
   6.14212139150020       0.123306258929470     
   6.20385073773602       0.118935908020155     
   6.26620047421550       0.114665042450302     
   6.32917683596426       0.110493676717986     
   6.39278612067095       0.106421736783861     
   6.45703468931704       0.102449060650918     
   6.52192896681295       9.857539911262636E-002
   6.58747544264049       9.480041667800720E-002
   6.65368067150188       9.112369268100304E-002
   6.72055127397517       8.754472257812279E-002
   6.78809393717634       8.406291943715315E-002
   6.85631541542799       8.067761561646662E-002
   6.92522253093480       7.738806463341520E-002
   6.99482217446574       7.419344321729592E-002
   7.06512130604316       7.109285354157205E-002
   7.13612695563881       6.808532562738108E-002
   7.20784622387682       6.516981990985954E-002
   7.28028628274377       6.234522995655949E-002
   7.35345437630592       5.961038532705875E-002
   7.42735782143360       5.696405456102244E-002
   7.50200400853291       5.440494828212807E-002
   7.57740040228476       5.193172240381630E-002
   7.65355454239136       4.954298142329062E-002
   7.73047404433019       4.723728178909883E-002
   7.80816660011553       4.501313532835809E-002
   7.88663997906771       4.286901271891230E-002
   7.96590202859002       4.080334699265687E-002
   8.04596067495346       3.881453705576472E-002
   8.12682392408939       3.690095121265777E-002
   8.20849986239010       3.506093068029084E-002
   8.29099665751749       3.329279308053934E-002
   8.37432255921982       3.159483589838113E-002
   8.45848590015670       2.996533989485714E-002
   8.54349509673235       2.840257246382635E-002
   8.62935864993728       2.690479092285631E-002
   8.71608514619836       2.547024572871446E-002
   8.80368325823749       2.409718360925019E-002
   8.89216174593887       2.278385060364183E-002
   8.98152945722500       2.152849500428017E-002
   9.07179532894149       2.032937019377815E-002
   9.16296838775072       1.918473737184395E-002
   9.25505775103457       1.809286816698819E-002
   9.34807262780609       1.705204712921485E-002
   9.44202231963048       1.606057410008008E-002
   9.53691622155521       1.511676645760139E-002
   9.63276382304955       1.421896123372192E-002
   9.72957470895352       1.336551710304704E-002
   9.82735856043640       1.255481624176886E-002
   9.92612515596481       1.178526605661842E-002
   10.0258843722806       1.105530078385294E-002
   10.1266461853886       1.036338295911969E-002
   10.2284206715540       9.708004759170968E-003
   10.3312180083103       9.087689217148878E-003
   10.4350484754768       8.500991313255371E-003
   10.5399224561867       7.946498943278193E-003
   10.6458504379255       7.422833767504093E-003
   10.7528430135798       6.928651943119217E-003
   10.8609108824961       6.462644743222028E-003
   10.9700648515514       6.023539066059873E-003
   11.0803158362337       5.610097838091712E-003
   11.1916748617332       5.221120314886953E-003
   11.3041530640453       4.855442283830001E-003
   11.4177616910839       4.511936172933824E-003
   11.5325121038065       4.189511069996259E-003
   11.6484157773500       3.887112656598505E-003
   11.7654843021782       3.603723061348521E-003
   11.8837293852412       3.338360636975871E-003
   12.0031628511459       3.090079665763427E-003
   12.1237966433384       2.857969997948932E-003
   12.2456428252985       2.641156627586962E-003
   12.3687135817458       2.438799210459074E-003
   12.4930212198585       2.250091528458939E-003
   12.6185781705042       2.074260904932211E-003
   12.7453969894824       1.910567575274197E-003
   12.8734903587807       1.758304017102744E-003
   13.0028710878429       1.616794244134586E-003
   13.1335521148496       1.485393067874210E-003
   13.2655465080125       1.363485331026144E-003
   13.3988674668808       1.250485116493592E-003
   13.5335283236616       1.145834935622376E-003
   13.6695425445527       1.049004899277334E-003
   13.8069237310896       9.594918751311677E-004
   13.9456856215054       8.768186344549224E-004
   14.0858420921048       8.005329914914777E-004
   14.2274071586517       7.302069383879892E-004
   14.3703949777706       6.654357784572875E-004
   14.5148198483627       6.058372604220714E-004
   14.6606962130353       5.510507160940723E-004
   14.8080386595466       5.007362038170770E-004
   14.9568619222638       4.545736598072917E-004
   15.1071808836374       4.122620593976243E-004
   15.2590105756887       3.735185900049226E-004
   15.4123661815135       3.380778375118029E-004
   15.5672630368000       3.056909875765431E-004
   15.7237166313631       2.761250432591950E-004
   15.8817426106924       2.491620601846756E-004
   16.0413567775176       2.245984003425522E-004
   16.2025750933884       2.022440054677005E-004
   16.3654136802707       1.819216908311264E-004
   16.5298888221590       1.634664601274553E-004
   16.6960169667044       1.467248420380701E-004
   16.8638147268599       1.315542489189264E-004
   17.0332988825413       1.178223579728576E-004
   17.2044863823054       1.054065151143116E-004
   17.3773943450448       9.419316171587867E-005
   17.5520400617000       8.407728425342639E-005
   17.7284409969881       7.496188681769258E-005
   17.9066147911497       6.675748638582974E-005
   18.0865792617125       5.938163063157865E-005
   18.2683524052738       5.275843802961424E-005
   18.4519523992993       4.681815993139939E-005
   18.6373976039413       4.149676422724163E-005
   18.8247065638750       3.673554016416798E-005
   19.0138980101524       3.248072383598720E-005
   19.2049908620758       2.868314382857081E-005
   19.3980042290895       2.529788646327184E-005
   19.5929574126913       2.228398005371313E-005
   19.7898699083618       1.960409756510059E-005
   19.9887614075148       1.722427704454595E-005
   20.1896517994659       1.511365917317114E-005
   20.3925611734217       1.324424128057345E-005
   20.5975098204887       1.159064715199094E-005
   20.8045182357024       1.012991195546471E-005
   21.0136071200768       8.841281613500432E-006
   21.2247973826747       7.706025946923443E-006
   21.4381101426982       6.707264922205508E-006
   21.6535667316011       5.829807342028247E-006
   21.8711886952218       5.060001327760845E-006
   22.0909977959382       4.385595955380422E-006
   22.3130160148434       3.795613419587399E-006
   22.5372655539442       3.280231117182730E-006
   22.7637688383816       2.830673057347088E-006
   22.9925485186728       2.439110025384598E-006
   23.2236274729763       2.098567945526062E-006
   23.4570288093801       1.802843909123274E-006
   23.6927758682126       1.546429355247913E-006
   23.9308922243758       1.324439912541029E-006
   24.1714016897040       1.132551432769973E-006
   24.4143283153441       9.669417688432316E-007
   24.6596963941610       8.242378719470087E-007
   24.9075304631672       7.014678046757866E-007
   25.1578553059760       5.960172887147807E-007
   25.4106959552804       5.055904272988581E-007
   25.6660776953560       4.281742636960911E-007
   25.9240260645895       3.620068577208383E-007
   26.1845668580330       3.055485823004101E-007
   26.4477261299828       2.574563616830091E-007
   26.7135301965854       2.165605916331522E-007
   26.9820056384691       1.818445001274792E-007
   27.2531793034017       1.524257243842672E-007
   27.5270783089756       1.275398966978080E-007
   27.8037300453198       1.065260473238030E-007
   28.0831621778384       8.881364770237982E-008
   28.3654026499774       7.391113148833937E-008
   28.6504796860194       6.139574428698600E-008
   28.9384217939055       5.090458558932031E-008
   29.2292577680863       4.212671824786818E-008
   29.5230166924018       3.479623188796923E-008
   29.8197279429891       2.868615698154936E-008
   30.1194211912206       2.360313589970123E-008
   30.4221264066708       1.938276616996734E-008
   30.7278738601135       1.588553939012767E-008
   31.0366941265489       1.299330684849380E-008
   31.3486180882609       1.060620987949519E-008
   31.6636769379057       8.640019392825432E-009
   31.9819021816308       7.023834870919927E-009
   32.3033256422257       5.698098478159770E-009
   32.6279794623044       4.612884787076025E-009
   32.9558961075193       3.726431042534567E-009
   33.2871083698084       3.003876877937439E-009
   33.6216493706737       2.416186004224507E-009
   33.9595525644943       1.939225637031659E-009
   34.3008517418711       1.552982342076035E-009
   34.6455810330062       1.240895587177665E-009
   34.9937749111159       9.892926197573620E-010
   35.3454681958784       7.869103631650699E-010
   35.7006960569151       6.244918686025319E-010
   36.0594940173082       4.944464917008717E-010
   36.4218979571527       3.905644053743180E-010
   36.7879441171446       3.077773311200579E-010
   37.1576691022050       2.419584876607013E-010
   37.5311098851404       1.897557341059293E-010
   37.9083038103403       1.484527399257526E-010
   38.2892885975116       1.158537590635472E-010
   38.6741023454505       9.018823314810752E-011
   39.0627835358525       7.003200992911078E-011
   39.4553710371605       5.424244813654696E-011
   39.8519041084518       4.190509794626774E-011
   40.2524224033640       3.229000550475078E-011
   40.6569659740603       2.481599780611316E-011
   41.0655752752350       1.902156730779128E-011
   41.4782911681585       1.454119982090363E-011
   41.8951549247643       1.108617967616053E-011
   42.3162082317753       8.429067503861021E-012
   42.7414931948731       6.391182259706083E-012
   43.1710523429084       4.832533904950865E-012
   43.6049286321540       3.643749537071141E-012
   44.0431654506003       2.739616458045697E-012
   44.4858066222945       2.053933024934748E-012
   44.9328964117226       1.535414177472827E-012
   45.3844795282360       1.144445041974641E-012
   45.8406011305228       8.505144729129593E-013
   46.3013068311232       6.301921090746679E-013
   46.7666427009913       4.655385897038202E-013
   47.2366552741019       3.428599377328809E-013
   47.7113915521038       2.517345651679557E-013
   48.1908990090206       1.842555627022507E-013
   48.6752255959976       1.344424657478944E-013
   49.1644197460969       9.778601703454851E-014
   49.6585303791413       7.089696725522985E-014
   50.1576069066059       5.123600026201603E-014
   50.6616992365594       3.690671144989922E-014
   51.1708577786546       2.649743380742528E-014
   51.6851334491703       1.896078196973360E-014
   52.2045776761020       1.352222370622766E-014
   52.7292424043052       9.610915734570416E-015
   53.2591801006901       6.807558692562293E-015
   53.7944437594678       4.805217325713541E-015
   54.3350869074504       3.379983525984683E-015
   54.8811636094030       2.369085779518757E-015
   55.4327284734511       1.654612242244719E-015
   55.9898366565406       1.151450743140119E-015
   56.5525438699541       7.983851734102274E-016
   57.1209063848819       5.515458959976251E-016
   57.6949810380490       3.796093642884110E-016
   58.2748252373993       2.602927390870521E-016
   58.8604969678359       1.778036684471813E-016
   59.4520547970198       1.209919277267760E-016
   60.0495578812270       8.201483510213062E-017
   60.6530659712637       5.537732029462287E-017
   61.2626394184420       3.724414003913241E-017
   61.8783391806144       2.494900816161279E-017
   62.5002268282704       1.664564372348711E-017
   63.1283645506930       1.106069369508524E-017
   63.7628151621777       7.319491477459413E-018
   64.4036421083145       4.823678622412407E-018
   65.0509094723320       3.165604800970719E-018
   65.7046819815060       2.068700824234240E-018
   66.3650250136323       1.346117429097712E-018
   67.0320046035642       8.721554580415160E-019
   67.7056874498168       5.626156390252696E-019
   68.3861409212359       3.613413820575459E-019
   69.0734330637358       2.310428242866587E-019
   69.7676326071034       1.470675448627762E-019
   70.4688089718716       9.319042202461911E-020
   71.1770322762612       5.878088334503135E-020
   71.8923733431929       3.690553082038174E-020
   72.6149037073694       2.306307731808683E-020
   73.3446956224292       1.434475857023930E-020
   74.0818220681720       8.879713730084798E-021
   74.8263567578568       5.470333039076090E-021
   75.5783741455728       3.353642772423092E-021
   76.3379494336856       2.045912297447571E-021
   77.1051585803569       1.241947263704176E-021
   77.8800783071407       7.501425036510771E-022
   78.6627861066556       4.508034304893517E-022
   79.4533602503336       2.695327916159036E-022
   80.2518797962481       1.603226554436772E-022
   81.0584245970189       9.486692010719431E-023
   81.8730753077984       5.584044064402178E-023
   82.6959133943364       3.269447061532857E-023
   83.5270211411274       1.904006009551856E-023
   84.3664816596386       1.102827873382681E-023
   85.2143788966213       6.352859288991149E-024
   86.0707976425060       3.639395665730337E-024
   86.9358235398808       2.073309251246257E-024
   87.8095430920563       1.174491003648078E-024
   88.6920436717159       6.615488054668914E-025
   89.5834135296530       3.704898147042228E-025
   90.4837418035961       2.062852644451010E-025
   91.3931185271229       1.141859497890398E-025
   92.3116346386637       6.283260357845876E-026
   93.2393819905949       3.436832294815419E-026
   94.1764533584250       1.868541892475363E-026
   95.1229424500715       1.009767201858327E-026
   96.0789439152324       5.421902774708201E-027
   97.0445533548509       2.890919876247717E-027
   98.0198673306756       1.532864202822221E-027
   99.0049833749169       8.068195767837815E-028
   100.000000000000       4.235305524104064E-028
