  0.0000000000E+00  0.0000000000E+00
  3.0000000000E-04 -2.1664258879E-09
  1.2000000000E-03 -8.6632153804E-09
  2.7000000000E-03 -1.9482906945E-08
  4.8000000000E-03 -3.4613074631E-08
  7.5000000000E-03 -5.4036342957E-08
  1.0800000000E-02 -7.7730407735E-08
  1.4700000000E-02 -1.0566806279E-07
  1.9200000000E-02 -1.3781723255E-07
  2.4300000000E-02 -1.7414101046E-07
  3.0000000000E-02 -2.1459770319E-07
  3.6300000000E-02 -2.5914088053E-07
  4.3200000000E-02 -3.0771943099E-07
  5.0700000000E-02 -3.6027762292E-07
  5.8800000000E-02 -4.1675517120E-07
  6.7500000000E-02 -4.7708730934E-07
  7.6800000000E-02 -5.4120486683E-07
  8.6700000000E-02 -6.0903435187E-07
  9.7200000000E-02 -6.8049803909E-07
  1.0830000000E-01 -7.5551406233E-07
  1.2000000000E-01 -8.3399651233E-07
  1.3230000000E-01 -9.1585553917E-07
  1.4520000000E-01 -1.0009974594E-06
  1.5870000000E-01 -1.0893248674E-06
  1.7280000000E-01 -1.1807367517E-06
  1.8750000000E-01 -1.2751286148E-06
  2.0280000000E-01 -1.3723925977E-06
  2.1870000000E-01 -1.4724176074E-06
  2.3520000000E-01 -1.5750894496E-06
  2.5230000000E-01 -1.6802909634E-06
  2.7000000000E-01 -1.7879021605E-06
  2.8830000000E-01 -1.8978003670E-06
  3.0720000000E-01 -2.0098603687E-06
  3.2670000000E-01 -2.1239545588E-06
  3.4680000000E-01 -2.2399530887E-06
  3.6750000000E-01 -2.3577240208E-06
  3.8880000000E-01 -2.4771334843E-06
  4.1070000000E-01 -2.5980458321E-06
  4.3320000000E-01 -2.7203238005E-06
  4.5630000000E-01 -2.8438286702E-06
  4.8000000000E-01 -2.9684204286E-06
  5.0430000000E-01 -3.0939579338E-06
  5.2920000000E-01 -3.2202990794E-06
  5.5470000000E-01 -3.3473009603E-06
  5.8080000000E-01 -3.4748200388E-06
  6.0750000000E-01 -3.6027123120E-06
  6.3480000000E-01 -3.7308334783E-06
  6.6270000000E-01 -3.8590391051E-06
  6.9120000000E-01 -3.9871847952E-06
  7.2030000000E-01 -4.1151263539E-06
  7.5000000000E-01 -4.2427199547E-06
  7.8030000000E-01 -4.3698223048E-06
  8.1120000000E-01 -4.4962908088E-06
  8.4270000000E-01 -4.6219837324E-06
  8.7480000000E-01 -4.7467603635E-06
  9.0750000000E-01 -4.8704811725E-06
  9.4080000000E-01 -4.9930079706E-06
  9.7470000000E-01 -5.1142040659E-06
  1.0092000000E+00 -5.2339344177E-06
  1.0443000000E+00 -5.3520657880E-06
  1.0800000000E+00 -5.4684668909E-06
  1.1163000000E+00 -5.5830085390E-06
  1.1532000000E+00 -5.6955637871E-06
  1.1907000000E+00 -5.8060080725E-06
  1.2288000000E+00 -5.9142193526E-06
  1.2675000000E+00 -6.0200782385E-06
  1.3068000000E+00 -6.1234681254E-06
  1.3467000000E+00 -6.2242753194E-06
  1.3872000000E+00 -6.3223891600E-06
  1.4283000000E+00 -6.4177021392E-06
  1.4700000000E+00 -6.5101100157E-06
  1.5123000000E+00 -6.5995119257E-06
  1.5552000000E+00 -6.6858104888E-06
  1.5987000000E+00 -6.7689119093E-06
  1.6428000000E+00 -6.8487260729E-06
  1.6875000000E+00 -6.9251666395E-06
  1.7328000000E+00 -6.9981511298E-06
  1.7787000000E+00 -7.0676010079E-06
  1.8252000000E+00 -7.1334417588E-06
  1.8723000000E+00 -7.1956029606E-06
  1.9200000000E+00 -7.2540183514E-06
  1.9683000000E+00 -7.3086258916E-06
  2.0172000000E+00 -7.3593678199E-06
  2.0667000000E+00 -7.4061907051E-06
  2.1168000000E+00 -7.4490454918E-06
  2.1675000000E+00 -7.4878875404E-06
  2.2188000000E+00 -7.5226766629E-06
  2.2707000000E+00 -7.5533771514E-06
  2.3232000000E+00 -7.5799578031E-06
  2.3763000000E+00 -7.6023919378E-06
  2.4300000000E+00 -7.6206574117E-06
  2.4843000000E+00 -7.6347366243E-06
  2.5392000000E+00 -7.6446165207E-06
  2.5947000000E+00 -7.6502885879E-06
  2.6508000000E+00 -7.6517488457E-06
  2.7075000000E+00 -7.6489978328E-06
  2.7648000000E+00 -7.6420405865E-06
  2.8227000000E+00 -7.6308866181E-06
  2.8812000000E+00 -7.6155498820E-06
  2.9403000000E+00 -7.5960487406E-06
  3.0000000000E+00 -7.5724059233E-06
  3.0603000000E+00 -7.5446484806E-06
  3.1212000000E+00 -7.5128077335E-06
  3.1827000000E+00 -7.4769192178E-06
  3.2448000000E+00 -7.4370226231E-06
  3.3075000000E+00 -7.3931617282E-06
  3.3708000000E+00 -7.3453843304E-06
  3.4347000000E+00 -7.2937421718E-06
  3.4992000000E+00 -7.2382908601E-06
  3.5643000000E+00 -7.1790897854E-06
  3.6300000000E+00 -7.1162020332E-06
  3.6963000000E+00 -7.0496942932E-06
  3.7632000000E+00 -6.9796367635E-06
  3.8307000000E+00 -6.9061030525E-06
  3.8988000000E+00 -6.8291700757E-06
  3.9675000000E+00 -6.7489179499E-06
  4.0368000000E+00 -6.6654298842E-06
  4.1067000000E+00 -6.5787920668E-06
  4.1772000000E+00 -6.4890935503E-06
  4.2483000000E+00 -6.3964261327E-06
  4.3200000000E+00 -6.3008842367E-06
  4.3923000000E+00 -6.2025647863E-06
  4.4652000000E+00 -6.1015670807E-06
  4.5387000000E+00 -5.9979926664E-06
  4.6128000000E+00 -5.8919452071E-06
  4.6875000000E+00 -5.7835303518E-06
  4.7628000000E+00 -5.6728556014E-06
  4.8387000000E+00 -5.5600301739E-06
  4.9152000000E+00 -5.4451648676E-06
  4.9923000000E+00 -5.3283719244E-06
  5.0700000000E+00 -5.2097648911E-06
  5.1483000000E+00 -5.0894584805E-06
  5.2272000000E+00 -4.9675684316E-06
  5.3067000000E+00 -4.8442113699E-06
  5.3868000000E+00 -4.7195046670E-06
  5.4675000000E+00 -4.5935663006E-06
  5.5488000000E+00 -4.4665147142E-06
  5.6307000000E+00 -4.3384686772E-06
  5.7132000000E+00 -4.2095471463E-06
  5.7963000000E+00 -4.0798691261E-06
  5.8800000000E+00 -3.9495535321E-06
  5.9643000000E+00 -3.8187190537E-06
  6.0492000000E+00 -3.6874840185E-06
  6.1347000000E+00 -3.5559662587E-06
  6.2208000000E+00 -3.4242829779E-06
  6.3075000000E+00 -3.2925506206E-06
  6.3948000000E+00 -3.1608847428E-06
  6.4827000000E+00 -3.0293998848E-06
  6.5712000000E+00 -2.8982094468E-06
  6.6603000000E+00 -2.7674255653E-06
  6.7500000000E+00 -2.6371589936E-06
  6.8403000000E+00 -2.5075189837E-06
  6.9312000000E+00 -2.3786131713E-06
  7.0227000000E+00 -2.2505474638E-06
  7.1148000000E+00 -2.1234259309E-06
  7.2075000000E+00 -1.9973506984E-06
  7.3008000000E+00 -1.8724218453E-06
  7.3947000000E+00 -1.7487373043E-06
  7.4892000000E+00 -1.6263927653E-06
  7.5843000000E+00 -1.5054815825E-06
  7.6800000000E+00 -1.3860946857E-06
  7.7763000000E+00 -1.2683204945E-06
  7.8732000000E+00 -1.1522448366E-06
  7.9707000000E+00 -1.0379508702E-06
  8.0688000000E+00 -9.2551900970E-07
  8.1675000000E+00 -8.1502685611E-07
  8.2668000000E+00 -7.0654913103E-07
  8.3667000000E+00 -6.0015761493E-07
  8.4672000000E+00 -4.9592108950E-07
  8.5683000000E+00 -3.9390528433E-07
  8.6700000000E+00 -2.9417282767E-07
  8.7723000000E+00 -1.9678320161E-07
  8.8752000000E+00 -1.0179270150E-07
  8.9787000000E+00 -9.2543996292E-09
  9.0828000000E+00  8.0781886640E-08
  9.1875000000E+00  1.6826962248E-07
  9.2928000000E+00  2.5316557886E-07
  9.3987000000E+00  3.3542985139E-07
  9.5052000000E+00  4.1502587494E-07
  9.6123000000E+00  4.9192043388E-07
  9.7200000000E+00  5.6608366802E-07
  9.8283000000E+00  6.3748907427E-07
  9.9372000000E+00  7.0611350416E-07
  1.0046700000E+01  7.7193715701E-07
  1.0156800000E+01  8.3494356907E-07
  1.0267500000E+01  8.9511959844E-07
  1.0378800000E+01  9.5245540608E-07
  1.0490700000E+01  1.0069444326E-06
  1.0603200000E+01  1.0585833715E-06
  1.0716300000E+01  1.1073721380E-06
  1.0830000000E+01  1.1533138344E-06
  1.0944300000E+01  1.1964147120E-06
  1.1059200000E+01  1.2366841288E-06
  1.1174700000E+01  1.2741345041E-06
  1.1290800000E+01  1.3087812691E-06
  1.1407500000E+01  1.3406428153E-06
  1.1524800000E+01  1.3697404378E-06
  1.1642700000E+01  1.3960982775E-06
  1.1761200000E+01  1.4197432586E-06
  1.1880300000E+01  1.4407050241E-06
  1.2000000000E+01  1.4590158678E-06
  1.2120300000E+01  1.4747106645E-06
  1.2241200000E+01  1.4878267964E-06
  1.2362700000E+01  1.4984040780E-06
  1.2484800000E+01  1.5064846785E-06
  1.2607500000E+01  1.5121130412E-06
  1.2730800000E+01  1.5153358017E-06
  1.2854700000E+01  1.5162017039E-06
  1.2979200000E+01  1.5147615135E-06
  1.3104300000E+01  1.5110679310E-06
  1.3230000000E+01  1.5051755018E-06
  1.3356300000E+01  1.4971405260E-06
  1.3483200000E+01  1.4870209658E-06
  1.3610700000E+01  1.4748763529E-06
  1.3738800000E+01  1.4607676938E-06
  1.3867500000E+01  1.4447573748E-06
  1.3996800000E+01  1.4269090663E-06
  1.4126700000E+01  1.4072876258E-06
  1.4257200000E+01  1.3859590010E-06
  1.4388300000E+01  1.3629901329E-06
  1.4520000000E+01  1.3384488575E-06
  1.4652300000E+01  1.3124038083E-06
  1.4785200000E+01  1.2849243189E-06
  1.4918700000E+01  1.2560803252E-06
  1.5052800000E+01  1.2259422684E-06
  1.5187500000E+01  1.1945809980E-06
  1.5322800000E+01  1.1620676761E-06
  1.5458700000E+01  1.1284736815E-06
  1.5595200000E+01  1.0938705150E-06
  1.5732300000E+01  1.0583297060E-06
  1.5870000000E+01  1.0219227196E-06
  1.6008300000E+01  9.8472086491E-07
  1.6147200000E+01  9.4679520514E-07
  1.6286700000E+01  9.0821646855E-07
  1.6426800000E+01  8.6905496116E-07
  1.6567500000E+01  8.2938048096E-07
  1.6708800000E+01  7.8926223392E-07
  1.6850700000E+01  7.4876875170E-07
  1.6993200000E+01  7.0796781137E-07
  1.7136300000E+01  6.6692635699E-07
  1.7280000000E+01  6.2571042338E-07
  1.7424300000E+01  5.8438506197E-07
  1.7569200000E+01  5.4301426896E-07
  1.7714700000E+01  5.0166091570E-07
  1.7860800000E+01  4.6038668153E-07
  1.8007500000E+01  4.1925198908E-07
  1.8154800000E+01  3.7831594200E-07
  1.8302700000E+01  3.3763626539E-07
  1.8451200000E+01  2.9726924872E-07
  1.8600300000E+01  2.5726969158E-07
  1.8750000000E+01  2.1769085202E-07
  1.8900300000E+01  1.7858439778E-07
  1.9051200000E+01  1.4000036021E-07
  1.9202700000E+01  1.0198709117E-07
  1.9354800000E+01  6.4591222632E-08
  1.9507500000E+01  2.7857629340E-08
  1.9660800000E+01 -8.1706057254E-09
  1.9814700000E+01 -4.3452222904E-08
  1.9969200000E+01 -7.7947814486E-08
  2.0124300000E+01 -1.1161985039E-07
  2.0280000000E+01 -1.4443270088E-07
  2.0436300000E+01 -1.7635265635E-07
  2.0593200000E+01 -2.0734794418E-07
  2.0750700000E+01 -2.3738874257E-07
  2.0908800000E+01 -2.6644719158E-07
  2.1067500000E+01 -2.9449740117E-07
  2.1226800000E+01 -3.2151545642E-07
  2.1386700000E+01 -3.4747941985E-07
  2.1547200000E+01 -3.7236933094E-07
  2.1708300000E+01 -3.9616720287E-07
  2.1870000000E+01 -4.1885701650E-07
  2.2032300000E+01 -4.4042471161E-07
  2.2195200000E+01 -4.6085817553E-07
  2.2358700000E+01 -4.8014722907E-07
  2.2522800000E+01 -4.9828360998E-07
  2.2687500000E+01 -5.1526095384E-07
  2.2852800000E+01 -5.3107477247E-07
  2.3018700000E+01 -5.4572243002E-07
  2.3185200000E+01 -5.5920311665E-07
  2.3352300000E+01 -5.7151782003E-07
  2.3520000000E+01 -5.8266929452E-07
  2.3688300000E+01 -5.9266202840E-07
  2.3857200000E+01 -6.0150220885E-07
  2.4026700000E+01 -6.0919768515E-07
  2.4196800000E+01 -6.1575792980E-07
  2.4367500000E+01 -6.2119399796E-07
  2.4538800000E+01 -6.2551848512E-07
  2.4710700000E+01 -6.2874548305E-07
  2.4883200000E+01 -6.3089053427E-07
  2.5056300000E+01 -6.3197058500E-07
  2.5230000000E+01 -6.3200393672E-07
  2.5404300000E+01 -6.3101019642E-07
  2.5579200000E+01 -6.2901022564E-07
  2.5754700000E+01 -6.2602608841E-07
  2.5930800000E+01 -6.2208099810E-07
  2.6107500000E+01 -6.1719926338E-07
  2.6284800000E+01 -6.1140623331E-07
  2.6462700000E+01 -6.0472824168E-07
  2.6641200000E+01 -5.9719255066E-07
  2.6820300000E+01 -5.8882729392E-07
  2.7000000000E+01 -5.7966141922E-07
  2.7180300000E+01 -5.6972463067E-07
  2.7361200000E+01 -5.5904733063E-07
  2.7542700000E+01 -5.4766056145E-07
  2.7724800000E+01 -5.3559594705E-07
  2.7907500000E+01 -5.2288563453E-07
  2.8090800000E+01 -5.0956223582E-07
  2.8274700000E+01 -4.9565876939E-07
  2.8459200000E+01 -4.8120860238E-07
  2.8644300000E+01 -4.6624539286E-07
  2.8830000000E+01 -4.5080303257E-07
  2.9016300000E+01 -4.3491559022E-07
  2.9203200000E+01 -4.1861725517E-07
  2.9390700000E+01 -4.0194228195E-07
  2.9578800000E+01 -3.8492493533E-07
  2.9767500000E+01 -3.6759943632E-07
  2.9956800000E+01 -3.4999990892E-07
  3.0146700000E+01 -3.3216032786E-07
  3.0337200000E+01 -3.1411446736E-07
  3.0528300000E+01 -2.9589585088E-07
  3.0720000000E+01 -2.7753770212E-07
  3.0912300000E+01 -2.5907289704E-07
  3.1105200000E+01 -2.4053391732E-07
  3.1298700000E+01 -2.2195280497E-07
  3.1492800000E+01 -2.0336111838E-07
  3.1687500000E+01 -1.8478988972E-07
  3.1882800000E+01 -1.6626958386E-07
  3.2078700000E+01 -1.4783005875E-07
  3.2275200000E+01 -1.2950052728E-07
  3.2472300000E+01 -1.1130952086E-07
  3.2670000000E+01 -9.3284854465E-08
  3.2868300000E+01 -7.5453593421E-08
  3.3067200000E+01 -5.7842021833E-08
  3.3266700000E+01 -4.0475612715E-08
  3.3466800000E+01 -2.3378999858E-08
  3.3667500000E+01 -6.5759514307E-09
  3.3868800000E+01  9.9106546347E-09
  3.4070700000E+01  2.6058853494E-08
  3.4273200000E+01  4.1847614439E-08
  3.4476300000E+01  5.7256860147E-08
  3.4680000000E+01  7.2267484121E-08
  3.4884300000E+01  8.6861366325E-08
  3.5089200000E+01  1.0102138699E-07
  3.5294700000E+01  1.1473143865E-07
  3.5500800000E+01  1.2797643631E-07
  3.5707500000E+01  1.4074232588E-07
  3.5914800000E+01  1.5301609080E-07
  3.6122700000E+01  1.6478575691E-07
  3.6331200000E+01  1.7604039551E-07
  3.6540300000E+01  1.8677012474E-07
  3.6750000000E+01  1.9696610926E-07
  3.6960300000E+01  2.0662055816E-07
  3.7171200000E+01  2.1572672128E-07
  3.7382700000E+01  2.2427888388E-07
  3.7594800000E+01  2.3227235965E-07
  3.7807500000E+01  2.3970348222E-07
  3.8020800000E+01  2.4656959510E-07
  3.8234700000E+01  2.5286904009E-07
  3.8449200000E+01  2.5860114431E-07
  3.8664300000E+01  2.6376620571E-07
  3.8880000000E+01  2.6836547727E-07
  3.9096300000E+01  2.7240114984E-07
  3.9313200000E+01  2.7587633371E-07
  3.9530700000E+01  2.7879503890E-07
  3.9748800000E+01  2.8116215434E-07
  3.9967500000E+01  2.8298342577E-07
  4.0186800000E+01  2.8426543272E-07
  4.0406700000E+01  2.8501556432E-07
  4.0627200000E+01  2.8524199417E-07
  4.0848300000E+01  2.8495365431E-07
  4.1070000000E+01  2.8416020826E-07
  4.1292300000E+01  2.8287202327E-07
  4.1515200000E+01  2.8110014186E-07
  4.1738700000E+01  2.7885625252E-07
  4.1962800000E+01  2.7615265991E-07
  4.2187500000E+01  2.7300225438E-07
  4.2412800000E+01  2.6941848100E-07
  4.2638700000E+01  2.6541530808E-07
  4.2865200000E+01  2.6100719534E-07
  4.3092300000E+01  2.5620906163E-07
  4.3320000000E+01  2.5103625245E-07
  4.3548300000E+01  2.4550450716E-07
  4.3777200000E+01  2.3962992604E-07
  4.4006700000E+01  2.3342893721E-07
  4.4236800000E+01  2.2691826352E-07
  4.4467500000E+01  2.2011488934E-07
  4.4698800000E+01  2.1303602750E-07
  4.4930700000E+01  2.0569908625E-07
  4.5163200000E+01  1.9812163641E-07
  4.5396300000E+01  1.9032137868E-07
  4.5630000000E+01  1.8231611129E-07
  4.5864300000E+01  1.7412369785E-07
  4.6099200000E+01  1.6576203564E-07
  4.6334700000E+01  1.5724902425E-07
  4.6570800000E+01  1.4860253473E-07
  4.6807500000E+01  1.3984037916E-07
  4.7044800000E+01  1.3098028082E-07
  4.7282700000E+01  1.2203984493E-07
  4.7521200000E+01  1.1303653003E-07
  4.7760300000E+01  1.0398761997E-07
  4.8000000000E+01  9.4910196660E-08
  4.8240300000E+01  8.5821113551E-08
  4.8481200000E+01  7.6736969869E-08
  4.8722700000E+01  6.7674085680E-08
  4.8964800000E+01  5.8648477776E-08
  4.9207500000E+01  4.9675836444E-08
  4.9450800000E+01  4.0771503123E-08
  4.9694700000E+01  3.1950448990E-08
  4.9939200000E+01  2.3227254483E-08
  5.0184300000E+01  1.4616089805E-08
  5.0430000000E+01  6.1306964040E-09
  5.0676300000E+01 -2.2156305330E-09
  5.0923200000E+01 -1.0410058564E-08
  5.1170700000E+01 -1.8440233439E-08
  5.1418800000E+01 -2.6294293501E-08
  5.1667500000E+01 -3.3960883021E-08
  5.1916800000E+01 -4.1429164468E-08
  5.2166700000E+01 -4.8688829701E-08
  5.2417200000E+01 -5.5730110086E-08
  5.2668300000E+01 -6.2543785525E-08
  5.2920000000E+01 -6.9121192401E-08
  5.3172300000E+01 -7.5454230449E-08
  5.3425200000E+01 -8.1535368533E-08
  5.3678700000E+01 -8.7357649359E-08
  5.3932800000E+01 -9.2914693113E-08
  5.4187500000E+01 -9.8200700044E-08
  5.4442800000E+01 -1.0321045198E-07
  5.4698700000E+01 -1.0793931284E-07
  5.4955200000E+01 -1.1238322807E-07
  5.5212300000E+01 -1.1653872309E-07
  5.5470000000E+01 -1.2040290079E-07
  5.5728300000E+01 -1.2397343794E-07
  5.5987200000E+01 -1.2724858077E-07
  5.6246700000E+01 -1.3022713952E-07
  5.6506800000E+01 -1.3290848210E-07
  5.6767500000E+01 -1.3529252686E-07
  5.7028800000E+01 -1.3737973452E-07
  5.7290700000E+01 -1.3917109921E-07
  5.7553200000E+01 -1.4066813869E-07
  5.7816300000E+01 -1.4187288385E-07
  5.8080000000E+01 -1.4278786741E-07
  5.8344300000E+01 -1.4341611185E-07
  5.8609200000E+01 -1.4376111670E-07
  5.8874700000E+01 -1.4382684518E-07
  5.9140800000E+01 -1.4361771011E-07
  5.9407500000E+01 -1.4313855933E-07
  5.9674800000E+01 -1.4239466049E-07
  5.9942700000E+01 -1.4139168531E-07
  6.0211200000E+01 -1.4013569337E-07
  6.0480300000E+01 -1.3863311539E-07
  6.0750000000E+01 -1.3689073617E-07
  6.1020300000E+01 -1.3491567700E-07
  6.1291200000E+01 -1.3271537789E-07
  6.1562700000E+01 -1.3029757929E-07
  6.1834800000E+01 -1.2767030368E-07
  6.2107500000E+01 -1.2484183687E-07
  6.2380800000E+01 -1.2182070903E-07
  6.2654700000E+01 -1.1861567562E-07
  6.2929200000E+01 -1.1523569814E-07
  6.3204300000E+01 -1.1168992483E-07
  6.3480000000E+01 -1.0798767121E-07
  6.3756300000E+01 -1.0413840071E-07
  6.4033200000E+01 -1.0015170518E-07
  6.4310700000E+01 -9.6037285552E-08
  6.4588800000E+01 -9.1804932488E-08
  6.4867500000E+01 -8.7464507185E-08
  6.5146800000E+01 -8.3025922297E-08
  6.5426700000E+01 -7.8499123036E-08
  6.5707200000E+01 -7.3894068474E-08
  6.5988300000E+01 -6.9220713079E-08
  6.6270000000E+01 -6.4488988512E-08
  6.6552300000E+01 -5.9708785717E-08
  6.6835200000E+01 -5.4889937339E-08
  6.7118700000E+01 -5.0042200478E-08
  6.7402800000E+01 -4.5175239825E-08
  6.7687500000E+01 -4.0298611200E-08
  6.7972800000E+01 -3.5421745505E-08
  6.8258700000E+01 -3.0553933134E-08
  6.8545200000E+01 -2.5704308847E-08
  6.8832300000E+01 -2.0881837133E-08
  6.9120000000E+01 -1.6095298094E-08
  6.9408300000E+01 -1.1353273843E-08
  6.9697200000E+01 -6.6641354622E-09
  6.9986700000E+01 -2.0360305172E-09
  7.0276800000E+01  2.5231288473E-09
  7.0567500000E+01  7.0056772198E-09
  7.0858800000E+01  1.1404206629E-08
  7.1150700000E+01  1.5711576636E-08
  7.1443200000E+01  1.9920923791E-08
  7.1736300000E+01  2.4025670470E-08
  7.2030000000E+01  2.8019533049E-08
  7.2324300000E+01  3.1896529439E-08
  7.2619200000E+01  3.5650985968E-08
  7.2914700000E+01  3.9277543591E-08
  7.3210800000E+01  4.2771163448E-08
  7.3507500000E+01  4.6127131755E-08
  7.3804800000E+01  4.9341064031E-08
  7.4102700000E+01  5.2408908658E-08
  7.4401200000E+01  5.5326949786E-08
  7.4700300000E+01  5.8091809573E-08
  7.5000000000E+01  6.0700449778E-08
  7.5300300000E+01  6.3150172698E-08
  7.5601200000E+01  6.5438621470E-08
  7.5902700000E+01  6.7563779735E-08
  7.6204800000E+01  6.9523970676E-08
  7.6507500000E+01  7.1317855448E-08
  7.6810800000E+01  7.2944430989E-08
  7.7114700000E+01  7.4403027253E-08
  7.7419200000E+01  7.5693303853E-08
  7.7724300000E+01  7.6815246138E-08
  7.8030000000E+01  7.7769160722E-08
  7.8336300000E+01  7.8555670473E-08
  7.8643200000E+01  7.9175708977E-08
  7.8950700000E+01  7.9630514507E-08
  7.9258800000E+01  7.9921623493E-08
  7.9567500000E+01  8.0050863536E-08
  7.9876800000E+01  8.0020345961E-08
  8.0186700000E+01  7.9832457946E-08
  8.0497200000E+01  7.9489854239E-08
  8.0808300000E+01  7.8995448483E-08
  8.1120000000E+01  7.8352404176E-08
  8.1432300000E+01  7.7564125277E-08
  8.1745200000E+01  7.6634246493E-08
  8.2058700000E+01  7.5566623258E-08
  8.2372800000E+01  7.4365321429E-08
  8.2687500000E+01  7.3034606726E-08
  8.3002800000E+01  7.1578933935E-08
  8.3318700000E+01  7.0002935898E-08
  8.3635200000E+01  6.8311412311E-08
  8.3952300000E+01  6.6509318356E-08
  8.4270000000E+01  6.4601753193E-08
  8.4588300000E+01  6.2593948323E-08
  8.4907200000E+01  6.0491255862E-08
  8.5226700000E+01  5.8299136735E-08
  8.5546800000E+01  5.6023148821E-08
  8.5867500000E+01  5.3668935070E-08
  8.6188800000E+01  5.1242211606E-08
  8.6510700000E+01  4.8748755861E-08
  8.6833200000E+01  4.6194394727E-08
  8.7156300000E+01  4.3584992786E-08
  8.7480000000E+01  4.0926440610E-08
  8.7804300000E+01  3.8224643163E-08
  8.8129200000E+01  3.5485508327E-08
  8.8454700000E+01  3.2714935572E-08
  8.8780800000E+01  2.9918804780E-08
  8.9107500000E+01  2.7102965259E-08
  8.9434800000E+01  2.4273224945E-08
  8.9762700000E+01  2.1435339829E-08
  9.0091200000E+01  1.8595003611E-08
  9.0420300000E+01  1.5757837609E-08
  9.0750000000E+01  1.2929380927E-08
  9.1080300000E+01  1.0115080913E-08
  9.1411200000E+01  7.3202839039E-09
  9.1742700000E+01  4.5502262846E-09
  9.2074800000E+01  1.8100258671E-09
  9.2407500000E+01 -8.9532639498E-10
  9.2740800000E+01 -3.5609743470E-09
  9.3074700000E+01 -6.1822042163E-09
  9.3409200000E+01 -8.7544518291E-09
  9.3744300000E+01 -1.1273309452E-08
  9.4080000000E+01 -1.3734532248E-08
  9.4416300000E+01 -1.6134044344E-08
  9.4753200000E+01 -1.8467944498E-08
  9.5090700000E+01 -2.0732511361E-08
  9.5428800000E+01 -2.2924208331E-08
  9.5767500000E+01 -2.5039687999E-08
  9.6106800000E+01 -2.7075796167E-08
  9.6446700000E+01 -2.9029575457E-08
  9.6787200000E+01 -3.0898268493E-08
  9.7128300000E+01 -3.2679320665E-08
  9.7470000000E+01 -3.4370382468E-08
  9.7812300000E+01 -3.5969311421E-08
  9.8155200000E+01 -3.7474173565E-08
  9.8498700000E+01 -3.8883244543E-08
  9.8842800000E+01 -4.0195010266E-08
  9.9187500000E+01 -4.1408167170E-08
  9.9532800000E+01 -4.2521622061E-08
  9.9878700000E+01 -4.3534491561E-08
  1.0022520000E+02 -4.4446101162E-08
  1.0057230000E+02 -4.5255983883E-08
  1.0092000000E+02 -4.5963878553E-08
  1.0126830000E+02 -4.6569727713E-08
  1.0161720000E+02 -4.7073675159E-08
  1.0196670000E+02 -4.7476063121E-08
  1.0231680000E+02 -4.7777429099E-08
  1.0266750000E+02 -4.7978502366E-08
  1.0301880000E+02 -4.8080200132E-08
  1.0337070000E+02 -4.8083623411E-08
  1.0372320000E+02 -4.7990052564E-08
  1.0407630000E+02 -4.7800942571E-08
  1.0443000000E+02 -4.7517918005E-08
  1.0478430000E+02 -4.7142767756E-08
  1.0513920000E+02 -4.6677439492E-08
  1.0549470000E+02 -4.6124033882E-08
  1.0585080000E+02 -4.5484798599E-08
  1.0620750000E+02 -4.4762122105E-08
  1.0656480000E+02 -4.3958527244E-08
  1.0692270000E+02 -4.3076664646E-08
  1.0728120000E+02 -4.2119305976E-08
  1.0764030000E+02 -4.1089337013E-08
  1.0800000000E+02 -3.9989750605E-08
  1.0836030000E+02 -3.8823639497E-08
  1.0872120000E+02 -3.7594189050E-08
  1.0908270000E+02 -3.6304669868E-08
  1.0944480000E+02 -3.4958430353E-08
  1.0980750000E+02 -3.3558889190E-08
  1.1017080000E+02 -3.2109527791E-08
  1.1053470000E+02 -3.0613882706E-08
  1.1089920000E+02 -2.9075538021E-08
  1.1126430000E+02 -2.7498117744E-08
  1.1163000000E+02 -2.5885278216E-08
  1.1199630000E+02 -2.4240700541E-08
  1.1236320000E+02 -2.2568083062E-08
  1.1273070000E+02 -2.0871133891E-08
  1.1309880000E+02 -1.9153563505E-08
  1.1346750000E+02 -1.7419077432E-08
  1.1383680000E+02 -1.5671369030E-08
  1.1420670000E+02 -1.3914112369E-08
  1.1457720000E+02 -1.2150955242E-08
  1.1494830000E+02 -1.0385512307E-08
  1.1532000000E+02 -8.6213583719E-09
  1.1569230000E+02 -6.8620218404E-09
  1.1606520000E+02 -5.1109783187E-09
  1.1643870000E+02 -3.3716444059E-09
  1.1681280000E+02 -1.6473716687E-09
  1.1718750000E+02  5.8559185078E-11
  1.1756280000E+02  1.7429439274E-09
  1.1793870000E+02  3.4026602162E-09
  1.1831520000E+02  5.0346727781E-09
  1.1869230000E+02  6.6360383614E-09
  1.1907000000E+02  8.2039104515E-09
  1.1944830000E+02  9.7355437423E-09
  1.1982720000E+02  1.1228298358E-08
  1.2020670000E+02  1.2679643820E-08
  1.2058680000E+02  1.4087162755E-08
  1.2096750000E+02  1.5448554333E-08
  1.2134880000E+02  1.6761637450E-08
  1.2173070000E+02  1.8024353622E-08
  1.2211320000E+02  1.9234769625E-08
  1.2249630000E+02  2.0391079839E-08
  1.2288000000E+02  2.1491608336E-08
  1.2326430000E+02  2.2534810668E-08
  1.2364920000E+02  2.3519275395E-08
  1.2403470000E+02  2.4443725324E-08
  1.2442080000E+02  2.5307018473E-08
  1.2480750000E+02  2.6108148762E-08
  1.2519480000E+02  2.6846246418E-08
  1.2558270000E+02  2.7520578127E-08
  1.2597120000E+02  2.8130546892E-08
  1.2636030000E+02  2.8675691648E-08
  1.2675000000E+02  2.9155686595E-08
  1.2714030000E+02  2.9570340288E-08
  1.2753120000E+02  2.9919594457E-08
  1.2792270000E+02  3.0203522595E-08
  1.2831480000E+02  3.0422328290E-08
  1.2870750000E+02  3.0576343323E-08
  1.2910080000E+02  3.0666025539E-08
  1.2949470000E+02  3.0691956488E-08
  1.2988920000E+02  3.0654838851E-08
  1.3028430000E+02  3.0555493656E-08
  1.3068000000E+02  3.0394857294E-08
  1.3107630000E+02  3.0173978335E-08
  1.3147320000E+02  2.9894014164E-08
  1.3187070000E+02  2.9556227437E-08
  1.3226880000E+02  2.9161982368E-08
  1.3266750000E+02  2.8712740862E-08
  1.3306680000E+02  2.8210058489E-08
  1.3346670000E+02  2.7655580326E-08
  1.3386720000E+02  2.7051036662E-08
  1.3426830000E+02  2.6398238590E-08
  1.3467000000E+02  2.5699073477E-08
  1.3507230000E+02  2.4955500345E-08
  1.3547520000E+02  2.4169545151E-08
  1.3587870000E+02  2.3343295993E-08
  1.3628280000E+02  2.2478898245E-08
  1.3668750000E+02  2.1578549629E-08
  1.3709280000E+02  2.0644495240E-08
  1.3749870000E+02  1.9679022534E-08
  1.3790520000E+02  1.8684456281E-08
  1.3831230000E+02  1.7663153502E-08
  1.3872000000E+02  1.6617498402E-08
  1.3912830000E+02  1.5549897299E-08
  1.3953720000E+02  1.4462773563E-08
  1.3994670000E+02  1.3358562584E-08
  1.4035680000E+02  1.2239706763E-08
  1.4076750000E+02  1.1108650549E-08
  1.4117880000E+02  9.9678355213E-09
  1.4159070000E+02  8.8196955358E-09
  1.4200320000E+02  7.6666519351E-09
  1.4241630000E+02  6.5111088375E-09
  1.4283000000E+02  5.3554485103E-09
  1.4324430000E+02  4.2020268366E-09
  1.4365920000E+02  3.0531688842E-09
  1.4407470000E+02  1.9111645822E-09
  1.4449080000E+02  7.7826451538E-10
  1.4490750000E+02 -3.4332415920E-10
  1.4532480000E+02 -1.4514416643E-09
  1.4574270000E+02 -2.5439794183E-09
  1.4616120000E+02 -3.6188837086E-09
  1.4658030000E+02 -4.6741592158E-09
  1.4700000000E+02 -5.7078723842E-09
  1.4742030000E+02 -6.7181546334E-09
  1.4784120000E+02 -7.7032054059E-09
  1.4826270000E+02 -8.6612950470E-09
  1.4868480000E+02 -9.5907675123E-09
  1.4910750000E+02 -1.0490042900E-08
  1.4953080000E+02 -1.1357619804E-08
  1.4995470000E+02 -1.2192077487E-08
  1.5037920000E+02 -1.2992077866E-08
  1.5080430000E+02 -1.3756367316E-08
  1.5123000000E+02 -1.4483778286E-08
  1.5165630000E+02 -1.5173230719E-08
  1.5208320000E+02 -1.5823733293E-08
  1.5251070000E+02 -1.6434384465E-08
  1.5293880000E+02 -1.7004373322E-08
  1.5336750000E+02 -1.7532980253E-08
  1.5379680000E+02 -1.8019577419E-08
  1.5422670000E+02 -1.8463629039E-08
  1.5465720000E+02 -1.8864691496E-08
  1.5508830000E+02 -1.9222413245E-08
  1.5552000000E+02 -1.9536534548E-08
  1.5595230000E+02 -1.9806887022E-08
  1.5638520000E+02 -2.0033393015E-08
  1.5681870000E+02 -2.0216064796E-08
  1.5725280000E+02 -2.0355003586E-08
  1.5768750000E+02 -2.0450398414E-08
  1.5812280000E+02 -2.0502524809E-08
  1.5855870000E+02 -2.0511743336E-08
  1.5899520000E+02 -2.0478497969E-08
  1.5943230000E+02 -2.0403314325E-08
  1.5987000000E+02 -2.0286797742E-08
  1.6030830000E+02 -2.0129631224E-08
  1.6074720000E+02 -1.9932573247E-08
  1.6118670000E+02 -1.9696455439E-08
  1.6162680000E+02 -1.9422180134E-08
  1.6206750000E+02 -1.9110717815E-08
  1.6250880000E+02 -1.8763104440E-08
  1.6295070000E+02 -1.8380438664E-08
  1.6339320000E+02 -1.7963878974E-08
  1.6383630000E+02 -1.7514640715E-08
  1.6428000000E+02 -1.7033993053E-08
  1.6472430000E+02 -1.6523255841E-08
  1.6516920000E+02 -1.5983796428E-08
  1.6561470000E+02 -1.5417026405E-08
  1.6606080000E+02 -1.4824398283E-08
  1.6650750000E+02 -1.4207402138E-08
  1.6695480000E+02 -1.3567562205E-08
  1.6740270000E+02 -1.2906433438E-08
  1.6785120000E+02 -1.2225598049E-08
  1.6830030000E+02 -1.1526662017E-08
  1.6875000000E+02 -1.0811251599E-08
  1.6920030000E+02 -1.0081009818E-08
  1.6965120000E+02 -9.3375929680E-09
  1.7010270000E+02 -8.5826671183E-09
  1.7055480000E+02 -7.8179046352E-09
  1.7100750000E+02 -7.0449807278E-09
  1.7146080000E+02 -6.2655700204E-09
  1.7191470000E+02 -5.4813431622E-09
  1.7236920000E+02 -4.6939634774E-09
  1.7282430000E+02 -3.9050836648E-09
  1.7328000000E+02 -3.1163425505E-09
  1.7373630000E+02 -2.3293619021E-09
  1.7419320000E+02 -1.5457433081E-09
  1.7465070000E+02 -7.6706512962E-10
  1.7510880000E+02  5.1204709797E-12
  1.7556750000E+02  7.6929041926E-10
  1.7602680000E+02  1.5239535302E-09
  1.7648670000E+02  2.2676532182E-09
  1.7694720000E+02  2.9989701093E-09
  1.7740830000E+02  3.7165245542E-09
  1.7787000000E+02  4.4189790344E-09
  1.7833230000E+02  5.1050404610E-09
  1.7879520000E+02  5.7734623602E-09
  1.7925870000E+02  6.4230469436E-09
  1.7972280000E+02  7.0526470595E-09
  1.8018750000E+02  7.6611680233E-09
  1.8065280000E+02  8.2475693227E-09
  1.8111870000E+02  8.8108661983E-09
  1.8158520000E+02  9.3501310946E-09
  1.8205230000E+02  9.8644949815E-09
  1.8252000000E+02  1.0353148545E-08
  1.8298830000E+02  1.0815343247E-08
  1.8345720000E+02  1.1250392245E-08
  1.8392670000E+02  1.1657671188E-08
  1.8439680000E+02  1.2036618871E-08
  1.8486750000E+02  1.2386737759E-08
  1.8533880000E+02  1.2707594372E-08
  1.8581070000E+02  1.2998819543E-08
  1.8628320000E+02  1.3260108542E-08
  1.8675630000E+02  1.3491221061E-08
  1.8723000000E+02  1.3691981078E-08
  1.8770430000E+02  1.3862276588E-08
  1.8817920000E+02  1.4002059207E-08
  1.8865470000E+02  1.4111343649E-08
  1.8913080000E+02  1.4190207086E-08
  1.8960750000E+02  1.4238788377E-08
  1.9008480000E+02  1.4257287193E-08
  1.9056270000E+02  1.4245963015E-08
  1.9104120000E+02  1.4205134027E-08
  1.9152030000E+02  1.4135175898E-08
  1.9200000000E+02  1.4036520460E-08
  1.9248030000E+02  1.3909654284E-08
  1.9296120000E+02  1.3755117157E-08
  1.9344270000E+02  1.3573500470E-08
  1.9392480000E+02  1.3365445511E-08
  1.9440750000E+02  1.3131641676E-08
  1.9489080000E+02  1.2872824601E-08
  1.9537470000E+02  1.2589774212E-08
  1.9585920000E+02  1.2283312708E-08
  1.9634430000E+02  1.1954302479E-08
  1.9683000000E+02  1.1603643955E-08
  1.9731630000E+02  1.1232273403E-08
  1.9780320000E+02  1.0841160674E-08
  1.9829070000E+02  1.0431306894E-08
  1.9877880000E+02  1.0003742125E-08
  1.9926750000E+02  9.5595229808E-09
  1.9975680000E+02  9.0997302112E-09
  2.0024670000E+02  8.6254662651E-09
  2.0073720000E+02  8.1378528272E-09
  2.0122830000E+02  7.6380283416E-09
  2.0172000000E+02  7.1271455223E-09
  2.0221230000E+02  6.6063688598E-09
  2.0270520000E+02  6.0768721252E-09
  2.0319870000E+02  5.5398358800E-09
  2.0369280000E+02  4.9964449946E-09
  2.0418750000E+02  4.4478861809E-09
  2.0468280000E+02  3.8953455445E-09
  2.0517870000E+02  3.3400061606E-09
  2.0567520000E+02  2.7830456784E-09
  2.0617230000E+02  2.2256339589E-09
  2.0667000000E+02  1.6689307501E-09
  2.0716830000E+02  1.1140834049E-09
  2.0766720000E+02  5.6222464464E-10
  2.0816670000E+02  1.4470372981E-11
  2.0866680000E+02 -5.2808245503E-10
  2.0916750000E+02 -1.0643579064E-09
  2.0966880000E+02 -1.5933030815E-09
  2.1017070000E+02 -2.1138900599E-09
  2.1067320000E+02 -2.6251177775E-09
  2.1117630000E+02 -3.1260138315E-09
  2.1168000000E+02 -3.6156362109E-09
  2.1218430000E+02 -4.0930749487E-09
  2.1268920000E+02 -4.5574536935E-09
  2.1319470000E+02 -5.0079311990E-09
  2.1370080000E+02 -5.4437027270E-09
  2.1420750000E+02 -5.8640013647E-09
  2.1471480000E+02 -6.2680992511E-09
  2.1522270000E+02 -6.6553087138E-09
  2.1573120000E+02 -7.0249833129E-09
  2.1624030000E+02 -7.3765187912E-09
  2.1675000000E+02 -7.7093539298E-09
  2.1726030000E+02 -8.0229713076E-09
  2.1777120000E+02 -8.3168979654E-09
  2.1828270000E+02 -8.5907059720E-09
  2.1879480000E+02 -8.8440128938E-09
  2.1930750000E+02 -9.0764821671E-09
  2.1982080000E+02 -9.2878233734E-09
  2.2033470000E+02 -9.4777924174E-09
  2.2084920000E+02 -9.6461916089E-09
  2.2136430000E+02 -9.7928696495E-09
  2.2188000000E+02 -9.9177215238E-09
  2.2239630000E+02 -1.0020688297E-08
  2.2291320000E+02 -1.0101756822E-08
  2.2343070000E+02 -1.0160959351E-08
  2.2394880000E+02 -1.0198373060E-08
  2.2446750000E+02 -1.0214119492E-08
  2.2498680000E+02 -1.0208363899E-08
  2.2550670000E+02 -1.0181314517E-08
  2.2602720000E+02 -1.0133221749E-08
  2.2654830000E+02 -1.0064377271E-08
  2.2707000000E+02 -9.9751130653E-09
  2.2759230000E+02 -9.8658003737E-09
  2.2811520000E+02 -9.7368485846E-09
  2.2863870000E+02 -9.5887040490E-09
  2.2916280000E+02 -9.4218488324E-09
  2.2968750000E+02 -9.2367994038E-09
  2.3021280000E+02 -9.0341052664E-09
  2.3073870000E+02 -8.8143475318E-09
  2.3126520000E+02 -8.5781374429E-09
  2.3179230000E+02 -8.3261148475E-09
  2.3232000000E+02 -8.0589466262E-09
  2.3284830000E+02 -7.7773250795E-09
  2.3337720000E+02 -7.4819662763E-09
  2.3390670000E+02 -7.1736083681E-09
  2.3443680000E+02 -6.8530098731E-09
  2.3496750000E+02 -6.5209479327E-09
  2.3549880000E+02 -6.1782165457E-09
  2.3603070000E+02 -5.8256247829E-09
  2.3656320000E+02 -5.4639949864E-09
  2.3709630000E+02 -5.0941609571E-09
  2.3763000000E+02 -4.7169661349E-09
  2.3816430000E+02 -4.3332617742E-09
  2.3869920000E+02 -3.9439051198E-09
  2.3923470000E+02 -3.5497575857E-09
  2.3977080000E+02 -3.1516829416E-09
  2.4030750000E+02 -2.7505455098E-09
  2.4084480000E+02 -2.3472083770E-09
  2.4138270000E+02 -1.9425316231E-09
  2.4192120000E+02 -1.5373705726E-09
  2.4246030000E+02 -1.1325740701E-09
  2.4300000000E+02 -7.2898278365E-10
  2.4354030000E+02 -3.2742754050E-10
  2.4408120000E+02  7.1272303815E-11
  2.4462270000E+02  4.6631045806E-10
  2.4516480000E+02  8.5689524791E-10
  2.4570750000E+02  1.2422511249E-09
  2.4625080000E+02  1.6216201294E-09
  2.4679470000E+02  1.9942633054E-09
  2.4733920000E+02  2.3594620633E-09
  2.4788430000E+02  2.7165194902E-09
  2.4843000000E+02  3.0647616035E-09
  2.4897630000E+02  3.4035385477E-09
  2.4952320000E+02  3.7322257304E-09
  2.5007070000E+02  4.0502248978E-09
  2.5061880000E+02  4.3569651455E-09
  2.5116750000E+02  4.6519038659E-09
  2.5171680000E+02  4.9345276285E-09
  2.5226670000E+02  5.2043529930E-09
  2.5281720000E+02  5.4609272536E-09
  2.5336830000E+02  5.7038291142E-09
  2.5392000000E+02  5.9326692927E-09
  2.5447230000E+02  6.1470910547E-09
  2.5502520000E+02  6.3467706756E-09
  2.5557870000E+02  6.5314178307E-09
  2.5613280000E+02  6.7007759137E-09
  2.5668750000E+02  6.8546222822E-09
  2.5724280000E+02  6.9927684322E-09
  2.5779870000E+02  7.1150600999E-09
  2.5835520000E+02  7.2213772930E-09
  2.5891230000E+02  7.3116342504E-09
  2.5947000000E+02  7.3857793320E-09
  2.6002830000E+02  7.4437948390E-09
  2.6058720000E+02  7.4856967658E-09
  2.6114670000E+02  7.5115344847E-09
  2.6170680000E+02  7.5213903639E-09
  2.6226750000E+02  7.5153793212E-09
  2.6282880000E+02  7.4936483137E-09
  2.6339070000E+02  7.4563757666E-09
  2.6395320000E+02  7.4037709404E-09
  2.6451630000E+02  7.3360732413E-09
  2.6508000000E+02  7.2535514739E-09
  2.6564430000E+02  7.1565030401E-09
  2.6620920000E+02  7.0452530850E-09
  2.6677470000E+02  6.9201535936E-09
  2.6734080000E+02  6.7815824384E-09
  2.6790750000E+02  6.6299423818E-09
  2.6847480000E+02  6.4656600360E-09
  2.6904270000E+02  6.2891847812E-09
  2.6961120000E+02  6.1009876461E-09
  2.7018030000E+02  5.9015601528E-09
  2.7075000000E+02  5.6914131292E-09
  2.7132030000E+02  5.4710754906E-09
  2.7189120000E+02  5.2410929942E-09
  2.7246270000E+02  5.0020269691E-09
  2.7303480000E+02  4.7544530243E-09
  2.7360750000E+02  4.4989597379E-09
  2.7418080000E+02  4.2361473296E-09
  2.7475470000E+02  3.9666263208E-09
  2.7532920000E+02  3.6910161836E-09
  2.7590430000E+02  3.4099439822E-09
  2.7648000000E+02  3.1240430106E-09
  2.7705630000E+02  2.8339514270E-09
  2.7763320000E+02  2.5403108903E-09
  2.7821070000E+02  2.2437651996E-09
  2.7878880000E+02  1.9449589410E-09
  2.7936750000E+02  1.6445361430E-09
  2.7994680000E+02  1.3431389443E-09
  2.8052670000E+02  1.0414062759E-09
  2.8110720000E+02  7.3997256047E-10
  2.8168830000E+02  4.3946643195E-10
  2.8227000000E+02  1.4050947659E-10
  2.8285230000E+02 -1.5628500065E-10
  2.8343520000E+02 -4.5031318323E-10
  2.8401870000E+02 -7.4098192050E-10
  2.8460280000E+02 -1.0277098740E-09
  2.8518750000E+02 -1.3099286298E-09
  2.8577280000E+02 -1.5870837758E-09
  2.8635870000E+02 -1.8586359411E-09
  2.8694520000E+02 -2.1240617958E-09
  2.8753230000E+02 -2.3828550101E-09
  2.8812000000E+02 -2.6345271706E-09
  2.8870830000E+02 -2.8786086516E-09
  2.8929720000E+02 -3.1146494415E-09
  2.8988670000E+02 -3.3422199214E-09
  2.9047680000E+02 -3.5609115957E-09
  2.9106750000E+02 -3.7703377727E-09
  2.9165880000E+02 -3.9701341956E-09
  2.9225070000E+02 -4.1599596211E-09
  2.9284320000E+02 -4.3394963460E-09
  2.9343630000E+02 -4.5084506818E-09
  2.9403000000E+02 -4.6665533744E-09
  2.9462430000E+02 -4.8135599708E-09
  2.9521920000E+02 -4.9492511315E-09
  2.9581470000E+02 -5.0734328883E-09
  2.9641080000E+02 -5.1859368472E-09
  2.9700750000E+02 -5.2866203373E-09
  2.9760480000E+02 -5.3753665047E-09
  2.9820270000E+02 -5.4520843527E-09
  2.9880120000E+02 -5.5167087274E-09
  2.9940030000E+02 -5.5692002508E-09
  3.0000000000E+02 -5.6095452000E-09
